0.009882 103.833709 23.917044
0.010389 77.229474 14.081331
0.010896 69.288766 12.983841
0.011402 57.854826 10.263953
0.011909 33.754564 6.304933
0.012416 36.030976 6.230626
0.012923 27.808393 3.552577
0.013430 21.671379 3.604761
0.013936 21.551439 2.234105
0.014443 19.196732 1.820225
0.014950 16.343887 1.051337
0.015457 15.417947 0.731671
0.015963 14.018885 0.649490
0.016470 13.270074 0.488862
0.016977 12.528872 0.432283
0.017484 12.414122 0.339567
0.017990 11.365139 0.331345
0.018497 10.653603 0.253677
0.019004 9.799177 0.235163
0.019511 9.517681 0.215895
0.020018 8.930748 0.197438
0.020524 9.028485 0.191137
0.021031 8.360464 0.182186
0.021538 8.081927 0.172142
0.022045 7.947515 0.169525
0.022551 7.415951 0.149663
0.023058 7.649506 0.152709
0.023565 7.481525 0.155915
0.024072 7.232358 0.152292
0.024579 7.155135 0.148661
0.025085 6.930914 0.148022
0.025592 6.850308 0.137511
0.026099 6.896637 0.138783
0.026606 6.623556 0.129311
0.027112 6.334355 0.124335
0.027619 6.375489 0.127826
0.028126 6.118388 0.115289
0.028633 6.144379 0.120779
0.029139 6.153168 0.115538
0.029646 5.879392 0.116453
0.030153 5.919771 0.119233
0.030660 5.978617 0.120021
0.031167 5.980657 0.111168
0.031673 5.687589 0.113325
0.032180 5.693774 0.104404
0.032687 5.778014 0.110905
0.033194 5.689086 0.103474
0.033700 5.476801 0.103644
0.034207 5.530437 0.100555
0.034714 5.207265 0.094416
0.035221 5.372478 0.100282
0.035727 5.307403 0.094347
0.036234 5.610083 0.099097
0.036741 5.459271 0.092850
0.037248 5.357069 0.091674
0.037755 5.286004 0.088929
0.038261 5.202674 0.093881
0.038768 5.194379 0.088594
0.039275 5.217003 0.088706
0.039782 5.277121 0.087130
0.040288 5.213125 0.087856
0.040795 5.292983 0.090695
0.041302 5.215295 0.090995
0.041809 5.252262 0.085084
0.042315 5.015406 0.083258
0.042822 5.105390 0.085210
0.043329 5.025548 0.081401
0.043836 5.176158 0.087917
0.044343 5.166592 0.078532
0.044849 5.017172 0.081939
0.045356 4.970733 0.082490
0.045863 4.929957 0.079680
0.046370 4.950679 0.078000
0.046876 4.909870 0.077258
0.047383 4.914104 0.077413
0.047890 4.768138 0.074520
0.048397 5.025065 0.084140
0.048903 4.763129 0.073486
0.049410 4.951471 0.080342
0.049917 4.909113 0.080881
0.050424 4.819674 0.077423
0.050931 4.712833 0.077278
0.051437 4.803827 0.072021
0.051944 4.816012 0.074122
0.052451 4.754681 0.072804
0.052958 4.768682 0.072281
0.053464 4.658408 0.068070
0.053971 4.671805 0.072363
0.054478 4.776467 0.070339
0.054985 4.931533 0.072123
0.055491 4.717435 0.072127
0.055998 4.669410 0.070633
0.056505 4.741561 0.066818
0.057012 4.614069 0.066747
0.057519 4.717053 0.071697
0.058025 4.681459 0.065814
0.058532 4.704890 0.069361
0.059039 4.704567 0.064633
0.059546 4.597737 0.067268
0.060052 4.608071 0.065950
0.060559 4.696009 0.067644
0.061066 4.666340 0.068553
0.061573 4.670249 0.067911
0.062079 4.563664 0.066015
0.062586 4.671980 0.067221
0.063093 4.502136 0.065781
0.063600 4.489924 0.064973
0.064106 4.625028 0.064489
0.064613 4.507281 0.063646
0.065120 4.717719 0.065823
0.065627 4.590764 0.064602
0.066134 4.575978 0.064804
0.066640 4.596457 0.063784
0.067147 4.616463 0.062504
0.067654 4.667794 0.063058
0.068161 4.574272 0.062087
0.068667 4.625416 0.062890
0.069174 4.610949 0.064129
0.069681 4.577012 0.060363
0.070188 4.527716 0.058297
0.070694 4.609440 0.060342
0.071201 4.617007 0.061807
0.071708 4.622993 0.058690
0.072215 4.493505 0.060454
0.072721 4.594585 0.062518
0.073228 4.614225 0.062584
0.073735 4.536525 0.059067
0.074242 4.482140 0.058661
0.074748 4.637955 0.060457
0.075255 4.526510 0.057808
0.075762 4.519436 0.056739
0.076269 4.465849 0.060187
0.076776 4.578874 0.057754
0.077282 4.496473 0.057583
0.077789 4.427642 0.057632
0.078296 4.547572 0.058157
0.078803 4.530063 0.056922
0.079309 4.536272 0.060877
0.079816 4.586228 0.059070
0.080323 4.483959 0.057579
0.080830 4.505797 0.058425
0.081336 4.613572 0.059224
0.081843 4.428123 0.058360
0.082350 4.571605 0.060173
0.082857 4.541301 0.059286
0.083363 4.526357 0.060135
0.083870 4.479723 0.058205
0.084377 4.453401 0.058071
0.084884 4.385653 0.057459
0.085390 4.493007 0.058375
0.085897 4.495411 0.058864
0.086404 4.466315 0.058544
0.086911 4.447083 0.058655
0.087417 4.398337 0.059222
0.087924 4.472246 0.058769
0.088431 4.487931 0.058450
0.088938 4.373285 0.058462
0.089444 4.471105 0.058834
0.089951 4.452633 0.058258
0.090458 4.565950 0.059247
0.090965 4.375919 0.058468
0.091471 4.299774 0.056568
0.091978 4.443188 0.058548
0.092485 4.441823 0.059869
0.092992 4.372915 0.055934
0.093498 4.452289 0.056220
0.094005 4.306062 0.056194
0.094512 4.366675 0.057764
0.095019 4.432983 0.057891
0.095525 4.421594 0.058585
0.096032 4.400504 0.060268
0.096539 4.391996 0.056392
0.097046 4.343347 0.057638
0.097552 4.323022 0.056175
0.098059 4.373548 0.058393
0.098566 4.444271 0.057724
0.099073 4.355268 0.056871
0.099579 4.298867 0.056868
0.100086 4.404983 0.056379
0.100593 4.362488 0.056563
0.101100 4.362175 0.056596
0.101606 4.328654 0.055181
0.102113 4.405654 0.054214
0.102620 4.534317 0.058002
0.103127 4.352324 0.055332
0.103633 4.250781 0.057119
0.104140 4.378453 0.061141
0.104647 4.413961 0.055961
0.105154 4.380276 0.055647
0.105660 4.358647 0.056857
0.106167 4.301188 0.056543
0.106674 4.378323 0.055332
0.107181 4.356778 0.053846
0.107687 4.340910 0.054853
0.108194 4.248416 0.054068
0.108701 4.300131 0.051766
0.109208 4.272894 0.054291
0.109714 4.285711 0.052801
0.110221 4.287827 0.053162
0.110728 4.279047 0.051747
0.111235 4.236325 0.051290
0.111741 4.308977 0.051556
0.112248 4.274471 0.050585
0.112755 4.272443 0.053064
0.113262 4.184070 0.050929
0.113768 4.240849 0.051213
0.114275 4.272316 0.051286
0.114782 4.243065 0.049758
0.115289 4.212505 0.049176
0.115795 4.195226 0.049046
0.116302 4.225306 0.049846
0.116809 4.287210 0.049429
0.117316 4.219161 0.047701
0.117822 4.273970 0.049553
0.118329 4.138084 0.048337
0.118836 4.307652 0.049762
0.119342 4.230875 0.047612
0.119849 4.141946 0.048272
0.120356 4.260142 0.048701
0.120863 4.310779 0.048790
0.121369 4.286647 0.048014
0.121876 4.170086 0.046738
0.122383 4.304838 0.047830
0.122890 4.238232 0.048284
0.123396 4.237412 0.047447
0.123903 4.224494 0.046837
0.124410 4.183600 0.046498
0.124917 4.279749 0.047753
0.125423 4.212144 0.047424
0.125930 4.273115 0.048242
0.126437 4.187179 0.047679
0.126944 4.226244 0.048028
0.127450 4.218888 0.045833
0.127957 4.215189 0.044741
0.128464 4.162540 0.046153
0.128970 4.148477 0.045687
0.129477 4.286706 0.045447
0.129984 4.151870 0.041859
0.130491 4.175171 0.045982
0.130997 4.167614 0.044973
0.131504 4.271157 0.044933
0.132011 4.209995 0.044401
0.132518 4.197898 0.043774
0.133024 4.215545 0.044139
0.133531 4.254987 0.044704
0.134038 4.158153 0.044421
0.134545 4.163036 0.044337
0.135051 4.223847 0.045195
0.135558 4.173776 0.044345
0.136065 4.152418 0.043940
0.136571 4.170149 0.045359
0.137078 4.185627 0.043264
0.137585 4.199705 0.043824
0.138092 4.180075 0.043325
0.138598 4.142090 0.043574
0.139105 4.210310 0.042454
0.139612 4.095237 0.042333
0.140119 4.229422 0.042246
0.140625 4.175901 0.043064
0.141132 4.228959 0.043023
0.141639 4.115497 0.042254
0.142145 4.194777 0.042130
0.142652 4.179242 0.042293
0.143159 4.115172 0.042004
0.143666 4.112906 0.040944
0.144172 4.219208 0.041939
0.144679 4.070998 0.041854
0.145186 4.174732 0.041947
0.145692 4.153829 0.042011
0.146199 4.040324 0.040177
0.146706 4.138842 0.040018
0.147213 4.097897 0.041434
0.147719 4.143594 0.040966
0.148226 4.116351 0.040826
0.148733 4.079060 0.041333
0.149240 4.101207 0.041414
0.149746 4.093057 0.041558
0.150253 4.172284 0.041588
0.150760 4.079757 0.039839
0.151266 4.071956 0.040433
0.151773 4.181257 0.040992
0.152280 4.185066 0.042238
0.152787 4.079415 0.040917
0.153293 4.140902 0.041453
0.153800 3.993649 0.039679
0.154307 4.089262 0.039238
0.154813 4.074781 0.040033
0.155320 4.078949 0.040067
0.155827 4.125194 0.041050
0.156334 4.079596 0.039380
0.156840 4.113765 0.039563
0.157347 4.087788 0.039285
0.157854 4.167480 0.041709
0.158360 4.079323 0.039577
0.158867 4.141181 0.039777
0.159374 4.120671 0.039781
0.159881 4.047034 0.038545
0.160387 4.064331 0.039305
0.160894 4.009707 0.038524
0.161401 4.129556 0.040202
0.161907 4.125105 0.040261
0.162414 4.013621 0.039025
0.162921 4.031804 0.039360
0.163427 4.032816 0.038261
0.163934 4.140580 0.038963
0.164441 4.039175 0.038848
0.164948 4.005724 0.038558
0.165454 4.040554 0.038470
0.165961 4.096257 0.038882
0.166468 4.025008 0.038558
0.166974 4.015077 0.037646
0.167481 4.001768 0.037744
0.167988 4.006919 0.037457
0.168495 4.051959 0.038815
0.169001 4.089737 0.039144
0.169508 3.978409 0.038657
0.170015 4.018264 0.038422
0.170521 4.136368 0.039715
0.171028 4.066710 0.040077
0.171535 4.064320 0.038285
0.172041 4.008857 0.039136
0.172548 4.075142 0.039423
0.173055 3.978208 0.038599
0.173562 4.003532 0.038944
0.174068 4.121455 0.039805
0.174575 4.020709 0.039794
0.175082 4.019714 0.038402
0.175588 4.004014 0.039529
0.176095 4.041701 0.039211
0.176602 4.065185 0.039472
0.177108 4.001386 0.039249
0.177615 3.992466 0.038676
0.178122 4.000282 0.038740
0.178629 4.008059 0.039598
0.179135 4.010443 0.038662
0.179642 4.071715 0.040293
0.180149 4.036215 0.038872
0.180655 4.047853 0.038513
0.181162 3.938803 0.039765
0.181669 4.019985 0.039378
0.182175 4.039239 0.040161
0.182682 4.064549 0.039663
0.183189 4.033731 0.039859
0.183695 4.045431 0.039648
0.184202 4.044403 0.040906
0.184709 3.979120 0.039753
0.185216 4.025259 0.041429
0.185722 3.974137 0.040346
0.186229 4.020137 0.040769
0.186736 4.031637 0.041874
0.187242 4.017856 0.040482
0.187749 4.017630 0.041383
0.188256 4.002439 0.039559
0.188762 4.066336 0.040726
0.189269 3.989376 0.040702
0.189776 3.995861 0.040762
0.190282 4.053986 0.042577
0.190789 4.042147 0.041098
0.191296 3.989149 0.041772
0.191802 4.039547 0.041470
0.192309 4.024847 0.041098
0.192816 3.992357 0.040608
0.193323 4.016188 0.041904
0.193829 4.013106 0.042842
0.194336 4.032239 0.041054
0.194843 3.985947 0.042454
0.195349 3.903966 0.041235
0.195856 3.987411 0.041620
0.196363 3.938831 0.042008
0.196869 4.043138 0.042090
0.197376 3.955326 0.041179
0.197883 3.976473 0.042135
0.198389 4.015306 0.042162
0.198896 4.010732 0.042537
0.199403 3.984807 0.041746
0.199909 4.001165 0.042821
0.200416 3.926583 0.041799
0.200923 4.055226 0.042879
0.201429 3.994344 0.043178
0.201936 4.008661 0.042728
0.202443 4.002190 0.041929
0.202949 3.932726 0.042611
0.203456 3.996223 0.041387
0.203963 3.947553 0.043250
0.204469 3.945122 0.042323
0.204976 4.027936 0.043396
0.205483 3.980209 0.043321
0.205989 4.007074 0.043650
0.206496 3.971675 0.041834
0.207003 3.957519 0.040498
0.207509 3.926356 0.043252
0.208016 3.992483 0.041698
0.208523 3.975886 0.042619
0.209029 4.024710 0.043809
0.209536 4.033216 0.041234
0.210043 3.959691 0.042561
0.210549 3.978653 0.042954
0.211056 3.927134 0.042421
0.211563 3.891002 0.041252
0.212069 3.952836 0.043727
0.212576 4.012675 0.042619
0.213083 3.923623 0.042932
0.213589 4.002949 0.041744
0.214096 3.927193 0.042539
0.214603 3.955009 0.042480
0.215109 3.892602 0.041710
0.215616 4.015914 0.042454
0.216123 4.015212 0.041801
0.216629 3.924864 0.042417
0.217136 3.869074 0.042197
0.217643 3.915581 0.041877
0.218149 3.898357 0.044075
0.218656 3.872163 0.041221
0.219163 3.888701 0.042799
0.219669 3.911015 0.042312
0.220176 3.822552 0.042338
0.220683 3.918792 0.042022
0.221189 3.859955 0.041140
0.221696 3.891253 0.040804
0.222203 3.882331 0.042581
0.222709 3.814815 0.040633
0.223216 3.852768 0.042065
0.223722 3.937438 0.041405
0.224229 3.844602 0.041815
0.224736 3.912928 0.041750
0.225242 3.987604 0.040933
0.225749 3.810892 0.041420
0.226256 3.944578 0.041445
0.226762 3.926916 0.042293
0.227269 3.792073 0.040442
0.227776 3.890978 0.040894
0.228282 3.889330 0.041164
0.228789 3.898889 0.040624
0.229296 3.907343 0.040900
0.229802 3.788475 0.038977
0.230309 3.791896 0.041178
0.230816 3.914427 0.040385
0.231322 3.882184 0.040232
0.231829 3.854002 0.040074
0.232335 3.801129 0.039769
0.232842 3.915651 0.039719
0.233349 3.844194 0.039505
0.233855 3.894067 0.038812
0.234362 3.800668 0.038877
0.234869 3.829298 0.038603
0.235375 3.843168 0.038426
0.235882 3.837898 0.038731
0.236389 3.873291 0.038782
0.236895 3.840759 0.039256
0.237402 3.885563 0.038735
0.237908 3.816187 0.038332
0.238415 3.833948 0.038132
0.238922 3.874781 0.038815
0.239428 3.874581 0.039090
0.239935 3.842313 0.038542
0.240442 3.822399 0.038202
0.240948 3.801162 0.038010
0.241455 3.861227 0.038615
0.241962 3.852122 0.038630
0.242468 3.826285 0.036954
0.242975 3.826604 0.037617
0.243481 3.846037 0.037836
0.243988 3.743825 0.037581
0.244495 3.834824 0.038074
0.245001 3.778706 0.036253
0.245508 3.812368 0.037788
0.246015 3.886717 0.037546
0.246521 3.822349 0.036964
0.247028 3.797852 0.036935
0.247534 3.835873 0.037671
0.248041 3.810512 0.038774
0.248548 3.890653 0.038370
0.249054 3.836524 0.037457
0.249561 3.815869 0.036931
0.250068 3.832837 0.037676
0.250574 3.814538 0.037368
0.251081 3.755208 0.037875
0.251587 3.766024 0.036601
0.252094 3.833645 0.037882
0.252601 3.822620 0.037368
0.253107 3.764163 0.036280
0.253614 3.705481 0.035876
0.254120 3.778111 0.035267
0.254627 3.844306 0.037387
0.255134 3.778920 0.035822
0.255640 3.799481 0.035446
0.256147 3.833668 0.035629
0.256654 3.792738 0.035872
0.257160 3.772098 0.035889
0.257667 3.868990 0.036685
0.258173 3.770323 0.035604
0.258680 3.755787 0.036299
0.259187 3.762690 0.034789
0.259693 3.761212 0.034997
0.260200 3.799988 0.035130
0.260706 3.825161 0.035600
0.261213 3.769653 0.035873
0.261720 3.748705 0.034898
0.262226 3.780044 0.034586
0.262733 3.773248 0.035267
0.263239 3.800849 0.035926
0.263746 3.714740 0.035612
0.264253 3.791072 0.035484
0.264759 3.782151 0.036034
0.265266 3.771397 0.034616
0.265772 3.750970 0.033648
0.266279 3.767793 0.034653
0.266786 3.762656 0.033886
0.267292 3.696054 0.033946
0.267799 3.777561 0.034449
0.268305 3.770916 0.033805
0.268812 3.815372 0.034369
0.269319 3.718504 0.034600
0.269825 3.798861 0.033476
0.270332 3.770125 0.034475
0.270838 3.700472 0.034879
0.271345 3.782020 0.034143
0.271852 3.818398 0.034044
0.272358 3.687687 0.034396
0.272865 3.689720 0.033739
0.273371 3.774063 0.034508
0.273878 3.712586 0.034402
0.274385 3.748789 0.033626
0.274891 3.689872 0.033300
0.275398 3.725745 0.033759
0.275904 3.705797 0.033851
0.276411 3.695689 0.033883
0.276917 3.711175 0.033735
0.277424 3.774360 0.033799
0.277931 3.762585 0.033554
0.278437 3.764669 0.033988
0.278944 3.743159 0.033690
0.279450 3.713909 0.033281
0.279957 3.745318 0.032369
0.280464 3.726358 0.033321
0.280970 3.648178 0.033404
0.281477 3.670902 0.033167
0.281983 3.681450 0.032735
0.282490 3.741717 0.033964
0.282996 3.753630 0.033419
0.283503 3.697453 0.032491
0.284010 3.790353 0.033213
0.284516 3.697141 0.032852
0.285023 3.757644 0.032925
0.285529 3.670968 0.033071
0.286036 3.699721 0.033375
0.286542 3.713778 0.032527
0.287049 3.709748 0.032757
0.287556 3.722332 0.033317
0.288062 3.693462 0.033010
0.288569 3.737372 0.033413
0.289075 3.733080 0.032823
0.289582 3.665992 0.033321
0.290088 3.657706 0.033151
0.290595 3.725097 0.032987
0.291102 3.669236 0.032788
0.291608 3.706270 0.033066
0.292115 3.688207 0.033003
0.292621 3.621545 0.032190
0.293128 3.670677 0.032746
0.293634 3.632823 0.033446
0.294141 3.593610 0.032397
0.294647 3.701642 0.033233
0.295154 3.632441 0.034207
0.295661 3.667044 0.033873
0.296167 3.689312 0.032769
0.296674 3.619730 0.032354
0.297180 3.657980 0.032907
0.297687 3.675231 0.032580
0.298193 3.655650 0.032269
0.298700 3.682609 0.033705
0.299206 3.682058 0.033068
0.299713 3.678611 0.033281
0.300220 3.665107 0.032679
0.300726 3.614057 0.032697
0.301233 3.557778 0.031948
0.301739 3.607159 0.032130
0.302246 3.569694 0.032507
0.302752 3.610374 0.032712
0.303259 3.612191 0.032663
0.303765 3.590013 0.032815
0.304272 3.525475 0.032276
0.304779 3.628818 0.031868
0.305285 3.596545 0.031363
0.305792 3.608133 0.032286
0.306298 3.564224 0.032550
0.306805 3.632494 0.032179
0.307311 3.547666 0.032579
0.307818 3.589391 0.032684
0.308324 3.641118 0.032152
0.308831 3.612861 0.031642
0.309337 3.642032 0.032726
0.309844 3.571329 0.032503
0.310350 3.632355 0.033324
0.310857 3.640945 0.033208
0.311364 3.595971 0.034075
0.311870 3.509534 0.033257
0.312377 3.552841 0.033215
0.312883 3.647570 0.034379
0.313390 3.616175 0.034713
0.313896 3.623958 0.034955
0.314403 3.591894 0.033651
0.314909 3.630116 0.034414
0.315416 3.610036 0.035246
0.315922 3.614892 0.035167
0.316429 3.621934 0.034281
0.316935 3.628257 0.034552
0.317442 3.638678 0.035356
0.317948 3.651929 0.035608
0.318455 3.549645 0.035106
0.318961 3.609382 0.035086
0.319468 3.620101 0.035789
0.319975 3.594419 0.034769
0.320481 3.544177 0.034881
0.320988 3.592406 0.035054
0.321494 3.558660 0.036327
0.322001 3.574208 0.036324
0.322507 3.679392 0.036169
0.323014 3.562170 0.034660
0.323520 3.597491 0.035539
0.324027 3.585899 0.034844
0.324533 3.605593 0.034541
0.325040 3.537842 0.036188
0.325546 3.568415 0.033916
0.326053 3.601774 0.035816
0.326559 3.571084 0.034821
0.327066 3.624876 0.035846
0.327572 3.550459 0.035415
0.328079 3.648180 0.036094
0.328585 3.587636 0.036161
0.329092 3.703793 0.036594
0.329598 3.563351 0.035845
0.330105 3.511823 0.034820
0.330611 3.578920 0.035444
0.331118 3.611293 0.036265
0.331624 3.645658 0.036280
0.332131 3.543537 0.035261
0.332637 3.534841 0.035689
0.333144 3.565460 0.036158
0.333650 3.651755 0.036896
0.334157 3.572751 0.035069
0.334663 3.529596 0.035967
0.335170 3.547140 0.035305
0.335676 3.566454 0.035226
0.336183 3.580052 0.035735
0.336689 3.557030 0.036325
0.337196 3.575700 0.035831
0.337702 3.534089 0.035691
0.338209 3.589854 0.035925
0.338715 3.563568 0.036628
0.339222 3.537159 0.036405
0.339728 3.583164 0.036855
0.340235 3.592447 0.038166
0.340741 3.596766 0.035612
0.341248 3.572666 0.036795
0.341754 3.528395 0.036569
0.342261 3.574311 0.035409
0.342767 3.515479 0.036499
0.343274 3.539052 0.036296
0.343780 3.535613 0.037160
0.344287 3.550992 0.036706
0.344793 3.544257 0.036591
0.345300 3.563532 0.036683
0.345806 3.560495 0.036798
0.346313 3.554254 0.036220
0.346819 3.571987 0.036371
0.347325 3.533233 0.036250
0.347832 3.564366 0.036004
0.348338 3.579535 0.036510
0.348845 3.593711 0.037197
0.349351 3.465887 0.036205
0.349858 3.547828 0.036923
0.350364 3.584583 0.036767
0.350871 3.597151 0.036880
0.351377 3.581375 0.037190
0.351884 3.542781 0.037081
0.352390 3.558434 0.037212
0.352897 3.545580 0.036814
0.353403 3.569713 0.037384
0.353910 3.529334 0.036925
0.354416 3.467322 0.036904
0.354923 3.469846 0.034915
0.355429 3.554074 0.035460
0.355935 3.504524 0.034769
0.356442 3.444451 0.035002
0.356948 3.510107 0.034255
0.357455 3.548077 0.034724
0.357961 3.488604 0.033921
0.358468 3.545450 0.034954
0.358974 3.511430 0.035409
0.359481 3.526646 0.036366
0.359987 3.534618 0.035417
0.360494 3.515600 0.033901
0.361000 3.473461 0.036615
0.361506 3.539165 0.035725
0.362013 3.518085 0.035217
0.362519 3.484644 0.035200
0.363026 3.567219 0.034833
0.363532 3.506666 0.035770
0.364039 3.473863 0.035603
0.364545 3.486481 0.035465
0.365052 3.527880 0.035983
0.365558 3.434334 0.035699
0.366064 3.509197 0.036272
0.366571 3.552932 0.035962
0.367077 3.442666 0.034975
0.367584 3.428040 0.035421
0.368090 3.474788 0.035639
0.368597 3.545925 0.036958
0.369103 3.488475 0.036903
0.369610 3.452094 0.036583
0.370116 3.458987 0.037168
0.370622 3.478382 0.037047
0.371129 3.447460 0.036422
0.371635 3.420468 0.037407
0.372142 3.392545 0.037656
0.372648 3.496534 0.038075
0.373155 3.496548 0.036624
0.373661 3.448554 0.037363
0.374167 3.463597 0.037756
0.374674 3.516632 0.038240
0.375180 3.547804 0.037698
0.375687 3.449729 0.037713
0.376193 3.486523 0.037930
0.376700 3.544585 0.038683
0.377206 3.494482 0.038750
0.377712 3.513334 0.037717
0.378219 3.475761 0.038097
0.378725 3.510822 0.039706
0.379232 3.502458 0.038718
0.379738 3.517402 0.040696
0.380245 3.472955 0.039989
0.380751 3.466322 0.040112
0.381257 3.498435 0.040176
0.381764 3.409714 0.039818
0.382270 3.494985 0.040305
0.382777 3.442814 0.040542
0.383283 3.466625 0.040143
0.383789 3.447874 0.039729
0.384296 3.523166 0.041814
0.384802 3.431436 0.042121
0.385309 3.424588 0.041915
0.385815 3.507725 0.042659
0.386321 3.495075 0.042134
0.386828 3.489250 0.041955
0.387334 3.532584 0.043350
0.387841 3.508425 0.043288
0.388347 3.417228 0.042596
0.388853 3.451565 0.043170
0.389360 3.439673 0.042632
0.389866 3.467620 0.042772
0.390373 3.402880 0.042980
0.390879 3.437336 0.042811
0.391385 3.430663 0.043392
0.391892 3.511485 0.044522
0.392398 3.552221 0.044618
0.392905 3.445207 0.043277
0.393411 3.406385 0.043504
0.393917 3.495366 0.044557
0.394424 3.428692 0.051531
0.394930 3.411341 0.044615
0.395437 3.533665 0.046158
0.395943 3.453271 0.046900
0.396449 3.385683 0.045108
0.396956 3.497052 0.045245
0.397462 3.391029 0.045899
0.397969 3.419893 0.046318
0.398475 3.499866 0.046816
0.398981 3.419553 0.045713
0.399488 3.459220 0.047206
0.399994 3.463080 0.046644
0.400500 3.484308 0.048618
0.401007 3.483874 0.050181
0.401513 3.362528 0.047030
0.402020 3.390666 0.045751
0.402526 3.376831 0.049362
0.403032 3.381859 0.048684
0.403539 3.433270 0.049326
0.404045 3.312576 0.048454
0.404551 3.445023 0.048423
0.405058 3.369476 0.049786
0.405564 3.464750 0.049648
0.406071 3.248399 0.049296
0.406577 3.324616 0.048520
0.407083 3.327043 0.048270
0.407590 3.370202 0.049538
0.408096 3.446715 0.050907
0.408602 3.399450 0.051125
0.409109 3.389388 0.048494
0.409615 3.420935 0.049572
0.410121 3.345218 0.050364
0.410628 3.317591 0.048186
0.411134 3.397859 0.049691
0.411641 3.430847 0.052098
0.412147 3.399545 0.051284
0.412653 3.462435 0.051443
0.413160 3.306090 0.050823
0.413666 3.369839 0.051986
0.414172 3.316157 0.052113
0.414679 3.382925 0.052055
0.415185 3.291533 0.052802
0.415691 3.258237 0.052331
0.416198 3.313855 0.053585
0.416704 3.477124 0.052798
0.417210 3.399111 0.053288
0.417717 3.234626 0.050619
0.418223 3.313395 0.053325
0.418729 3.345408 0.051389
0.419236 3.352529 0.054873
0.419742 3.376530 0.052764
0.420248 3.328795 0.052141
0.420755 3.340710 0.054124
0.421261 3.276500 0.053742
0.421767 3.354819 0.053361
0.422274 3.313033 0.053950
0.422780 3.412369 0.053909
0.423286 3.334583 0.054164
0.423793 3.282746 0.052852
0.424299 3.334876 0.054144
0.424805 3.374636 0.054271
0.425312 3.203731 0.052075
0.425818 3.351602 0.058089
0.426324 3.412692 0.057602
0.426831 3.447039 0.054597
0.427337 3.178604 0.054618
0.427843 3.394304 0.058338
0.428350 3.336657 0.058488
0.428856 3.323731 0.058571
0.429362 3.240044 0.056369
0.429869 3.234934 0.056991
0.430375 3.346752 0.057410
0.430881 3.287017 0.060101
0.431388 3.247276 0.061509
0.431894 3.484095 0.062139
0.432400 3.325050 0.059997
0.432907 3.368904 0.061888
0.433413 3.372048 0.065621
0.433919 3.360708 0.063219
0.434425 3.256276 0.062478
0.434932 3.332829 0.068119
0.435438 3.321363 0.065521
0.435944 3.331089 0.062880
0.436451 3.342668 0.064284
0.436957 3.268853 0.066497
0.437463 3.305594 0.064088
0.437970 3.231096 0.066305
0.438476 3.209189 0.064187
0.438982 3.257124 0.066437
0.439488 3.343850 0.068982
0.439995 3.316898 0.067495
