0.009882 106.000384 24.063821
0.010389 63.851317 14.244809
0.010896 69.865691 13.666441
0.011402 58.600285 10.660199
0.011909 33.140526 6.189818
0.012416 39.727500 6.016752
0.012923 27.794695 3.598082
0.013430 24.365030 3.578351
0.013936 21.000153 2.487850
0.014443 18.760831 1.873980
0.014950 16.320450 1.096364
0.015457 15.733018 0.819547
0.015963 14.581390 0.646595
0.016470 13.263940 0.530957
0.016977 12.184041 0.442812
0.017484 11.940998 0.418499
0.017990 11.208058 0.278081
0.018497 10.420927 0.255960
0.019004 9.564724 0.231524
0.019511 9.311538 0.214910
0.020018 8.877686 0.195595
0.020524 8.449528 0.175411
0.021031 8.287589 0.170937
0.021538 8.200888 0.178409
0.022045 8.133484 0.168458
0.022551 7.398769 0.162127
0.023058 7.240406 0.150557
0.023565 7.214438 0.158243
0.024072 6.928946 0.147229
0.024579 6.757466 0.135546
0.025085 6.695452 0.131880
0.025592 6.779461 0.134740
0.026099 6.433410 0.140591
0.026606 6.615763 0.133943
0.027112 6.384989 0.124067
0.027619 6.419073 0.126017
0.028126 6.175128 0.117995
0.028633 6.183915 0.119369
0.029139 6.125770 0.119340
0.029646 5.966644 0.106556
0.030153 6.111082 0.114116
0.030660 6.052054 0.107101
0.031167 5.889350 0.107373
0.031673 5.662744 0.106503
0.032180 5.736115 0.104345
0.032687 5.945698 0.102449
0.033194 5.767367 0.109056
0.033700 5.453363 0.099228
0.034207 5.536098 0.100232
0.034714 5.704515 0.099351
0.035221 5.413221 0.104776
0.035727 5.402050 0.098860
0.036234 5.452180 0.095910
0.036741 5.415638 0.095325
0.037248 5.546359 0.095585
0.037755 5.164989 0.088234
0.038261 5.168658 0.090483
0.038768 5.161482 0.086259
0.039275 5.042032 0.093888
0.039782 5.217917 0.094126
0.040288 5.264329 0.093786
0.040795 5.208471 0.090276
0.041302 5.040829 0.089823
0.041809 5.017131 0.082460
0.042315 5.016912 0.083869
0.042822 4.913069 0.085419
0.043329 5.084812 0.090221
0.043836 4.911737 0.081162
0.044343 5.001775 0.081981
0.044849 5.005982 0.082725
0.045356 4.990508 0.082738
0.045863 4.965824 0.082288
0.046370 4.939925 0.077011
0.046876 4.916528 0.079094
0.047383 4.915432 0.077449
0.047890 4.882321 0.079654
0.048397 4.933088 0.082671
0.048903 4.891314 0.078898
0.049410 4.793165 0.079390
0.049917 4.835032 0.075989
0.050424 4.610178 0.074767
0.050931 4.791177 0.076379
0.051437 4.770451 0.074275
0.051944 4.692615 0.072895
0.052451 4.808386 0.074969
0.052958 4.769835 0.071368
0.053464 4.730499 0.071463
0.053971 4.756013 0.069540
0.054478 4.726294 0.072554
0.054985 4.812365 0.069971
0.055491 4.750281 0.072574
0.055998 4.681394 0.067542
0.056505 4.643884 0.068693
0.057012 4.780043 0.069829
0.057519 4.628297 0.068216
0.058025 4.898509 0.069803
0.058532 4.726235 0.069353
0.059039 4.633509 0.067621
0.059546 4.742385 0.067904
0.060052 4.685391 0.066221
0.060559 4.708157 0.071138
0.061066 4.692292 0.066568
0.061573 4.663485 0.064442
0.062079 4.661547 0.066308
0.062586 4.661120 0.067595
0.063093 4.537752 0.066388
0.063600 4.650211 0.064514
0.064106 4.710729 0.065591
0.064613 4.540058 0.062803
0.065120 4.684194 0.066494
0.065627 4.526208 0.062456
0.066134 4.595125 0.063993
0.066640 4.574792 0.062467
0.067147 4.567522 0.064179
0.067654 4.627063 0.064326
0.068161 4.560996 0.061567
0.068667 4.584453 0.062763
0.069174 4.591798 0.064060
0.069681 4.583106 0.061303
0.070188 4.401520 0.062587
0.070694 4.604077 0.064371
0.071201 4.549197 0.061814
0.071708 4.482496 0.060598
0.072215 4.577403 0.061459
0.072721 4.690758 0.062201
0.073228 4.496887 0.060617
0.073735 4.582098 0.060888
0.074242 4.563022 0.060626
0.074748 4.431615 0.059197
0.075255 4.507367 0.060111
0.075762 4.500999 0.058715
0.076269 4.506483 0.056910
0.076776 4.500240 0.056758
0.077282 4.464502 0.057110
0.077789 4.494171 0.055980
0.078296 4.392048 0.056139
0.078803 4.517430 0.055462
0.079309 4.472801 0.058888
0.079816 4.526606 0.059550
0.080323 4.491761 0.057549
0.080830 4.494925 0.056547
0.081336 4.469770 0.058897
0.081843 4.476020 0.057987
0.082350 4.511128 0.058541
0.082857 4.459518 0.057753
0.083363 4.342748 0.058160
0.083870 4.435921 0.057388
0.084377 4.443121 0.058042
0.084884 4.498847 0.057384
0.085390 4.452082 0.058114
0.085897 4.472695 0.057199
0.086404 4.422582 0.059176
0.086911 4.473597 0.060639
0.087417 4.432224 0.058773
0.087924 4.436549 0.058788
0.088431 4.426301 0.058466
0.088938 4.420581 0.058294
0.089444 4.315778 0.056762
0.089951 4.351982 0.059158
0.090458 4.432992 0.058641
0.090965 4.387208 0.057060
0.091471 4.315970 0.057009
0.091978 4.455003 0.058450
0.092485 4.454638 0.059782
0.092992 4.300749 0.056901
0.093498 4.426499 0.055552
0.094005 4.409737 0.056548
0.094512 4.406414 0.056672
0.095019 4.226439 0.056383
0.095525 4.378877 0.055773
0.096032 4.358536 0.057825
0.096539 4.325001 0.055233
0.097046 4.404672 0.057241
0.097552 4.342026 0.056577
0.098059 4.364583 0.057452
0.098566 4.411781 0.056715
0.099073 4.308102 0.056395
0.099579 4.339515 0.057727
0.100086 4.395014 0.056864
0.100593 4.369228 0.059162
0.101100 4.386812 0.057302
0.101606 4.344447 0.055992
0.102113 4.319927 0.057960
0.102620 4.433436 0.057462
0.103127 4.280216 0.056876
0.103633 4.263434 0.059130
0.104140 4.330045 0.058097
0.104647 4.395900 0.057470
0.105154 4.189052 0.057026
0.105660 4.339540 0.056560
0.106167 4.362611 0.057654
0.106674 4.260973 0.054964
0.107181 4.381879 0.056052
0.107687 4.284121 0.054907
0.108194 4.277221 0.054303
0.108701 4.330778 0.052921
0.109208 4.307889 0.052598
0.109714 4.244303 0.052973
0.110221 4.348960 0.051562
0.110728 4.189941 0.050975
0.111235 4.372516 0.049936
0.111741 4.313978 0.051739
0.112248 4.200664 0.050341
0.112755 4.132199 0.049808
0.113262 4.327089 0.051418
0.113768 4.191953 0.049462
0.114275 4.250151 0.050160
0.114782 4.286949 0.050416
0.115289 4.316510 0.051265
0.115795 4.264207 0.049734
0.116302 4.262006 0.050314
0.116809 4.209061 0.049868
0.117316 4.254165 0.048514
0.117822 4.253016 0.048310
0.118329 4.314481 0.048524
0.118836 4.195827 0.048738
0.119342 4.243389 0.050094
0.119849 4.200426 0.048822
0.120356 4.244495 0.047725
0.120863 4.191971 0.047644
0.121369 4.188322 0.046363
0.121876 4.262866 0.047788
0.122383 4.172080 0.048571
0.122890 4.179536 0.048042
0.123396 4.185723 0.045734
0.123903 4.223400 0.048238
0.124410 4.217274 0.046338
0.124917 4.190665 0.047930
0.125423 4.162113 0.046284
0.125930 4.177810 0.048226
0.126437 4.258539 0.048640
0.126944 4.155288 0.045864
0.127450 4.192169 0.046574
0.127957 4.172763 0.046798
0.128464 4.207437 0.045751
0.128970 4.189719 0.045058
0.129477 4.194184 0.046425
0.129984 4.256042 0.045329
0.130491 4.187857 0.045786
0.130997 4.113295 0.044359
0.131504 4.172960 0.044012
0.132011 4.185003 0.044219
0.132518 4.240242 0.045152
0.133024 4.145911 0.043690
0.133531 4.244397 0.044996
0.134038 4.124378 0.043797
0.134545 4.172043 0.043737
0.135051 4.169537 0.043637
0.135558 4.245870 0.045653
0.136065 4.126083 0.043605
0.136571 4.203227 0.044001
0.137078 4.130907 0.042831
0.137585 4.195478 0.043638
0.138092 4.221371 0.042373
0.138598 4.144835 0.042317
0.139105 4.166280 0.042892
0.139612 4.078965 0.042208
0.140119 4.156838 0.042141
0.140625 4.159856 0.042908
0.141132 4.112504 0.043760
0.141639 4.125270 0.041559
0.142145 4.173040 0.042122
0.142652 4.064699 0.041851
0.143159 4.107173 0.042727
0.143666 4.083304 0.040302
0.144172 4.146200 0.042932
0.144679 4.164700 0.042615
0.145186 4.115860 0.040691
0.145692 4.110390 0.041325
0.146199 4.194364 0.042306
0.146706 4.140952 0.041119
0.147213 4.112734 0.040130
0.147719 4.088375 0.040808
0.148226 4.139528 0.041421
0.148733 4.099762 0.040316
0.149240 4.196865 0.042402
0.149746 4.086328 0.041240
0.150253 4.096523 0.041458
0.150760 4.087214 0.041147
0.151266 4.124287 0.041254
0.151773 4.096984 0.040560
0.152280 4.079280 0.040556
0.152787 4.067470 0.040250
0.153293 4.045014 0.040816
0.153800 4.091897 0.040687
0.154307 4.060203 0.039586
0.154813 4.127053 0.040152
0.155320 4.138466 0.039606
0.155827 4.137415 0.040160
0.156334 4.109517 0.039660
0.156840 4.095177 0.039322
0.157347 4.124611 0.039149
0.157854 4.071286 0.039490
0.158360 4.084430 0.039963
0.158867 4.164187 0.039853
0.159374 4.112992 0.039038
0.159881 4.100236 0.040331
0.160387 4.066682 0.038907
0.160894 4.059318 0.039352
0.161401 4.109337 0.038473
0.161907 4.065746 0.039354
0.162414 4.044856 0.039358
0.162921 4.126220 0.039603
0.163427 4.024518 0.039134
0.163934 4.012067 0.039280
0.164441 4.038812 0.039174
0.164948 4.124220 0.038845
0.165454 4.007622 0.038961
0.165961 4.011270 0.037805
0.166468 4.076763 0.037426
0.166974 4.003221 0.038255
0.167481 4.067274 0.037595
0.167988 4.057589 0.038730
0.168495 3.962856 0.038488
0.169001 4.008247 0.038598
0.169508 4.039950 0.039322
0.170015 4.069143 0.039308
0.170521 4.033265 0.039062
0.171028 4.033720 0.038549
0.171535 4.057426 0.039235
0.172041 4.072324 0.040141
0.172548 4.003465 0.039671
0.173055 4.083230 0.039165
0.173562 4.053380 0.039207
0.174068 4.047949 0.039460
0.174575 4.032786 0.039556
0.175082 4.035034 0.039079
0.175588 3.989623 0.038262
0.176095 3.997056 0.038407
0.176602 3.986941 0.039302
0.177108 4.067283 0.038608
0.177615 3.994410 0.039405
0.178122 3.968122 0.038870
0.178629 4.004960 0.038841
0.179135 4.020962 0.039010
0.179642 4.053402 0.039225
0.180149 4.008511 0.038714
0.180655 3.989272 0.038552
0.181162 4.053828 0.040230
0.181669 3.971407 0.038204
0.182175 4.021794 0.039619
0.182682 3.969737 0.039378
0.183189 3.961413 0.039593
0.183695 3.996961 0.040020
0.184202 3.980453 0.040859
0.184709 4.015862 0.040545
0.185216 4.052390 0.040666
0.185722 4.064861 0.041165
0.186229 4.007561 0.041317
0.186736 4.127905 0.042432
0.187242 3.997324 0.040437
0.187749 3.984222 0.040677
0.188256 4.019992 0.041649
0.188762 3.992947 0.041590
0.189269 4.011698 0.041234
0.189776 4.016668 0.041099
0.190282 3.984090 0.042124
0.190789 3.901914 0.040936
0.191296 4.014185 0.041639
0.191802 3.966108 0.042962
0.192309 4.001751 0.041160
0.192816 3.986988 0.040454
0.193323 4.047314 0.043052
0.193829 4.018554 0.040185
0.194336 3.925434 0.041911
0.194843 4.003183 0.041292
0.195349 3.963599 0.040330
0.195856 4.010039 0.042009
0.196363 3.945272 0.041952
0.196869 4.021612 0.042736
0.197376 3.928148 0.040693
0.197883 4.011102 0.041724
0.198389 3.927561 0.041783
0.198896 4.014850 0.043897
0.199403 3.969798 0.040750
0.199909 3.963050 0.042616
0.200416 3.987828 0.042388
0.200923 4.047838 0.042738
0.201429 3.962124 0.042754
0.201936 4.022565 0.042165
0.202443 4.021255 0.042111
0.202949 3.954394 0.043315
0.203456 3.974399 0.042793
0.203963 4.008357 0.043190
0.204469 4.039054 0.043117
0.204976 4.012584 0.042218
0.205483 3.926079 0.042787
0.205989 3.981997 0.042146
0.206496 3.985202 0.043363
0.207003 3.893862 0.042894
0.207509 4.051387 0.043248
0.208016 3.905566 0.041870
0.208523 3.893074 0.042904
0.209029 3.963901 0.042746
0.209536 3.844748 0.042901
0.210043 3.992527 0.043108
0.210549 3.955587 0.043275
0.211056 3.929508 0.042036
0.211563 3.952941 0.042371
0.212069 3.953737 0.042929
0.212576 3.930370 0.043575
0.213083 3.991044 0.042839
0.213589 3.985430 0.043015
0.214096 3.923496 0.042741
0.214603 3.970515 0.042522
0.215109 3.887520 0.041905
0.215616 3.932772 0.042563
0.216123 3.804475 0.042163
0.216629 3.918302 0.042995
0.217136 3.903073 0.042545
0.217643 3.871762 0.042300
0.218149 3.843137 0.042076
0.218656 3.880788 0.042549
0.219163 4.045101 0.042415
0.219669 3.852841 0.042709
0.220176 3.878932 0.042120
0.220683 3.899862 0.042907
0.221189 3.978172 0.041203
0.221696 3.936898 0.042877
0.222203 3.919345 0.040929
0.222709 3.822928 0.040655
0.223216 3.859606 0.041250
0.223722 3.941023 0.041529
0.224229 3.959036 0.041953
0.224736 3.923726 0.041639
0.225242 3.948372 0.041186
0.225749 3.853746 0.042321
0.226256 3.927965 0.040819
0.226762 3.941144 0.042284
0.227269 3.781045 0.040527
0.227776 3.844312 0.041443
0.228282 3.855827 0.040794
0.228789 3.847960 0.039874
0.229296 3.869151 0.040479
0.229802 3.807639 0.038837
0.230309 3.851805 0.041211
0.230816 3.863205 0.040558
0.231322 3.863450 0.040354
0.231829 3.907860 0.040055
0.232335 3.946220 0.040049
0.232842 3.837367 0.038490
0.233349 3.888140 0.038206
0.233855 3.829561 0.038209
0.234362 3.875622 0.039173
0.234869 3.811410 0.038598
0.235375 3.748260 0.038116
0.235882 3.845233 0.038417
0.236389 3.873691 0.039121
0.236895 3.877276 0.039106
0.237402 3.818321 0.038193
0.237908 3.851282 0.038486
0.238415 3.807375 0.037916
0.238922 3.806935 0.039017
0.239428 3.913814 0.038827
0.239935 3.844661 0.039422
0.240442 3.809412 0.038310
0.240948 3.876576 0.039477
0.241455 3.877568 0.038477
0.241962 3.823508 0.038786
0.242468 3.906096 0.038234
0.242975 3.784825 0.037985
0.243481 3.810817 0.038107
0.243988 3.813255 0.038176
0.244495 3.813945 0.037268
0.245001 3.817272 0.037909
0.245508 3.780095 0.037690
0.246015 3.803533 0.037679
0.246521 3.839429 0.038795
0.247028 3.770929 0.037461
0.247534 3.823653 0.036719
0.248041 3.812369 0.038612
0.248548 3.820223 0.037587
0.249054 3.812264 0.035379
0.249561 3.850978 0.038068
0.250068 3.857377 0.036568
0.250574 3.781459 0.037166
0.251081 3.822470 0.036869
0.251587 3.816672 0.037192
0.252094 3.833286 0.036817
0.252601 3.751347 0.036633
0.253107 3.797294 0.036335
0.253614 3.789023 0.036231
0.254120 3.771061 0.036327
0.254627 3.802593 0.036298
0.255134 3.791332 0.035960
0.255640 3.761708 0.035972
0.256147 3.738993 0.035727
0.256654 3.807497 0.036980
0.257160 3.815345 0.036314
0.257667 3.753560 0.035760
0.258173 3.848506 0.035637
0.258680 3.723914 0.035000
0.259187 3.755147 0.035657
0.259693 3.774853 0.034946
0.260200 3.723734 0.035324
0.260706 3.768522 0.033960
0.261213 3.741927 0.034638
0.261720 3.765354 0.035498
0.262226 3.774688 0.035762
0.262733 3.781860 0.034958
0.263239 3.808911 0.035619
0.263746 3.732807 0.034366
0.264253 3.682208 0.034783
0.264759 3.750362 0.034505
0.265266 3.798089 0.034452
0.265772 3.820159 0.035316
0.266279 3.698377 0.034555
0.266786 3.715490 0.034096
0.267292 3.782552 0.034388
0.267799 3.734473 0.034370
0.268305 3.793494 0.034913
0.268812 3.777689 0.033918
0.269319 3.722005 0.033844
0.269825 3.718676 0.033146
0.270332 3.743767 0.034643
0.270838 3.711338 0.034209
0.271345 3.732112 0.033772
0.271852 3.739467 0.033989
0.272358 3.737927 0.033730
0.272865 3.754615 0.033696
0.273371 3.724606 0.034098
0.273878 3.691712 0.033532
0.274385 3.739398 0.034210
0.274891 3.765269 0.033100
0.275398 3.791309 0.034006
0.275904 3.659982 0.033150
0.276411 3.714613 0.033376
0.276917 3.715153 0.033750
0.277424 3.741110 0.033168
0.277931 3.713919 0.033080
0.278437 3.704791 0.033056
0.278944 3.695410 0.033412
0.279450 3.669384 0.033544
0.279957 3.708964 0.033429
0.280464 3.703994 0.033828
0.280970 3.719374 0.033565
0.281477 3.714698 0.033874
0.281983 3.703815 0.033964
0.282490 3.783715 0.032441
0.282996 3.768248 0.033742
0.283503 3.716357 0.032895
0.284010 3.699503 0.032906
0.284516 3.707947 0.032839
0.285023 3.680083 0.032953
0.285529 3.691194 0.032480
0.286036 3.673288 0.032270
0.286542 3.682541 0.033563
0.287049 3.650329 0.032040
0.287556 3.700555 0.032759
0.288062 3.677820 0.033199
0.288569 3.724749 0.032423
0.289075 3.697323 0.033139
0.289582 3.659116 0.032724
0.290088 3.663730 0.033347
0.290595 3.689800 0.032712
0.291102 3.637231 0.032466
0.291608 3.651762 0.033156
0.292115 3.648400 0.032839
0.292621 3.675106 0.033067
0.293128 3.664104 0.032827
0.293634 3.635854 0.033303
0.294141 3.606844 0.032750
0.294647 3.662094 0.033112
0.295154 3.626220 0.032949
0.295661 3.659342 0.032386
0.296167 3.705530 0.032532
0.296674 3.635934 0.032141
0.297180 3.585616 0.032227
0.297687 3.644642 0.032890
0.298193 3.548906 0.031798
0.298700 3.684105 0.033572
0.299206 3.615261 0.032831
0.299713 3.676825 0.032511
0.300220 3.632467 0.032619
0.300726 3.727888 0.033074
0.301233 3.600559 0.031936
0.301739 3.574052 0.032990
0.302246 3.607553 0.031913
0.302752 3.596752 0.032460
0.303259 3.609451 0.032330
0.303765 3.618461 0.032121
0.304272 3.665135 0.032328
0.304779 3.606604 0.032821
0.305285 3.621602 0.032718
0.305792 3.670934 0.032169
0.306298 3.643429 0.032798
0.306805 3.570463 0.031938
0.307311 3.612142 0.032563
0.307818 3.536671 0.032009
0.308324 3.560787 0.031830
0.308831 3.591060 0.031316
0.309337 3.578733 0.031472
0.309844 3.602040 0.033010
0.310350 3.598472 0.033286
0.310857 3.658442 0.032477
0.311364 3.622168 0.034099
0.311870 3.717507 0.035192
0.312377 3.570587 0.033357
0.312883 3.588277 0.034491
0.313390 3.600900 0.034067
0.313896 3.585723 0.034457
0.314403 3.632771 0.034573
0.314909 3.587937 0.033995
0.315416 3.643108 0.034701
0.315922 3.587705 0.034400
0.316429 3.623723 0.034693
0.316935 3.594432 0.034925
0.317442 3.651883 0.035325
0.317948 3.677297 0.035106
0.318455 3.562407 0.035869
0.318961 3.605476 0.035125
0.319468 3.588056 0.034870
0.319975 3.597024 0.035996
0.320481 3.636840 0.035959
0.320988 3.599127 0.035541
0.321494 3.647416 0.036005
0.322001 3.607924 0.035410
0.322507 3.607521 0.035667
0.323014 3.592607 0.035288
0.323520 3.556064 0.035582
0.324027 3.598957 0.034761
0.324533 3.623271 0.036095
0.325040 3.587351 0.034952
0.325546 3.576499 0.035296
0.326053 3.543480 0.035740
0.326559 3.633229 0.035126
0.327066 3.595092 0.035560
0.327572 3.633903 0.035592
0.328079 3.625276 0.036075
0.328585 3.597237 0.035586
0.329092 3.636366 0.036024
0.329598 3.557733 0.036318
0.330105 3.538751 0.034958
0.330611 3.556691 0.035132
0.331118 3.601770 0.035516
0.331624 3.525231 0.035339
0.332131 3.555793 0.035390
0.332637 3.564809 0.034968
0.333144 3.595682 0.036263
0.333650 3.608246 0.035952
0.334157 3.563594 0.036329
0.334663 3.547060 0.035712
0.335170 3.593209 0.035791
0.335676 3.594366 0.036084
0.336183 3.577629 0.035807
0.336689 3.549509 0.036460
0.337196 3.528896 0.035656
0.337702 3.515756 0.035330
0.338209 3.555008 0.036665
0.338715 3.578912 0.036547
0.339222 3.583250 0.036221
0.339728 3.577907 0.036451
0.340235 3.559944 0.036685
0.340741 3.604311 0.037356
0.341248 3.594398 0.036883
0.341754 3.577034 0.037120
0.342261 3.555780 0.036527
0.342767 3.550080 0.036698
0.343274 3.593324 0.036343
0.343780 3.617910 0.037110
0.344287 3.533310 0.035605
0.344793 3.619748 0.037288
0.345300 3.600874 0.036806
0.345806 3.567408 0.036678
0.346313 3.634598 0.036900
0.346819 3.542099 0.037308
0.347325 3.538892 0.036348
0.347832 3.485475 0.036697
0.348338 3.541025 0.036365
0.348845 3.545455 0.037294
0.349351 3.512596 0.037096
0.349858 3.599296 0.036937
0.350364 3.593937 0.036461
0.350871 3.534246 0.037177
0.351377 3.505333 0.036459
0.351884 3.546488 0.035994
0.352390 3.539080 0.036920
0.352897 3.547707 0.037328
0.353403 3.496035 0.037304
0.353910 3.528937 0.036464
0.354416 3.606469 0.037499
0.354923 3.543476 0.036058
0.355429 3.453726 0.035114
0.355935 3.459243 0.034913
0.356442 3.517532 0.035112
0.356948 3.542077 0.034704
0.357455 3.529982 0.034930
0.357961 3.462332 0.033815
0.358468 3.507665 0.033973
0.358974 3.538056 0.034683
0.359481 3.538876 0.034048
0.359987 3.467323 0.034212
0.360494 3.524032 0.034966
0.361000 3.482474 0.034476
0.361506 3.582152 0.036164
0.362013 3.518629 0.035820
0.362519 3.533239 0.034623
0.363026 3.536849 0.036019
0.363532 3.524300 0.036205
0.364039 3.506995 0.036370
0.364545 3.515958 0.036333
0.365052 3.512255 0.035991
0.365558 3.533772 0.036726
0.366064 3.488940 0.035216
0.366571 3.510001 0.036750
0.367077 3.472339 0.036099
0.367584 3.480089 0.036234
0.368090 3.488856 0.036168
0.368597 3.507657 0.036566
0.369103 3.466482 0.036895
0.369610 3.512489 0.036382
0.370116 3.499324 0.036839
0.370622 3.464267 0.036450
0.371129 3.449437 0.036722
0.371635 3.491812 0.038085
0.372142 3.470224 0.039127
0.372648 3.404316 0.036738
0.373155 3.435650 0.037699
0.373661 3.541903 0.037015
0.374167 3.494796 0.038753
0.374674 3.484505 0.038993
0.375180 3.453551 0.037600
0.375687 3.469420 0.037867
0.376193 3.487836 0.039221
0.376700 3.505618 0.037986
0.377206 3.579008 0.039231
0.377712 3.475912 0.038479
0.378219 3.503158 0.037660
0.378725 3.484702 0.039485
0.379232 3.517846 0.040786
0.379738 3.483727 0.039811
0.380245 3.514200 0.039580
0.380751 3.390502 0.039417
0.381257 3.496551 0.040604
0.381764 3.503700 0.040331
0.382270 3.410741 0.041047
0.382777 3.405674 0.040239
0.383283 3.435663 0.040112
0.383789 3.485106 0.040180
0.384296 3.417923 0.039526
0.384802 3.464643 0.041041
0.385309 3.526133 0.043246
0.385815 3.438550 0.040792
0.386321 3.485771 0.042472
0.386828 3.415398 0.041164
0.387334 3.469061 0.041089
0.387841 3.516869 0.043102
0.388347 3.485616 0.042967
0.388853 3.455300 0.042111
0.389360 3.433669 0.041849
0.389866 3.465136 0.044034
0.390373 3.412337 0.043015
0.390879 3.432880 0.042551
0.391385 3.454774 0.043482
0.391892 3.385230 0.041558
0.392398 3.446987 0.044383
0.392905 3.450979 0.044347
0.393411 3.423367 0.044771
0.393917 3.418114 0.044316
0.394424 3.529959 0.049327
0.394930 3.443795 0.044274
0.395437 3.408362 0.045006
0.395943 3.450186 0.047083
0.396449 3.424063 0.046209
0.396956 3.437019 0.045797
0.397462 3.448635 0.046132
0.397969 3.435158 0.045438
0.398475 3.482518 0.046410
0.398981 3.373092 0.046252
0.399488 3.367446 0.047622
0.399994 3.385574 0.047203
0.400500 3.365767 0.046946
0.401007 3.429817 0.048665
0.401513 3.427022 0.048562
0.402020 3.474867 0.048340
0.402526 3.443009 0.048372
0.403032 3.396860 0.046807
0.403539 3.423573 0.046613
0.404045 3.369306 0.049427
0.404551 3.380678 0.050363
0.405058 3.420940 0.049001
0.405564 3.442513 0.048088
0.406071 3.317483 0.047766
0.406577 3.377865 0.049553
0.407083 3.376494 0.049945
0.407590 3.454199 0.050315
0.408096 3.437494 0.050465
0.408602 3.421884 0.049732
0.409109 3.365878 0.050249
0.409615 3.344612 0.049640
0.410121 3.407695 0.050491
0.410628 3.358119 0.051677
0.411134 3.288347 0.049904
0.411641 3.334978 0.049045
0.412147 3.333421 0.049881
0.412653 3.372869 0.051939
0.413160 3.333151 0.051269
0.413666 3.308254 0.051500
0.414172 3.360917 0.051726
0.414679 3.340201 0.049660
0.415185 3.282013 0.050985
0.415691 3.178248 0.051582
0.416198 3.329235 0.051968
0.416704 3.326464 0.050461
0.417210 3.364911 0.053824
0.417717 3.439765 0.054727
0.418223 3.340980 0.051307
0.418729 3.312260 0.051579
0.419236 3.359085 0.052068
0.419742 3.384119 0.055410
0.420248 3.277030 0.048946
0.420755 3.363377 0.052273
0.421261 3.377546 0.052998
0.421767 3.366685 0.052427
0.422274 3.350100 0.052457
0.422780 3.345479 0.055512
0.423286 3.340855 0.051836
0.423793 3.395541 0.053144
0.424299 3.438210 0.057034
0.424805 3.422273 0.056069
0.425312 3.300084 0.053972
0.425818 3.326992 0.055603
0.426324 3.235619 0.058869
0.426831 3.345832 0.056928
0.427337 3.297948 0.055082
0.427843 3.336081 0.060342
0.428350 3.340846 0.057500
0.428856 3.344286 0.058187
0.429362 3.203814 0.057618
0.429869 3.299457 0.059156
0.430375 3.319020 0.058435
0.430881 3.256950 0.057533
0.431388 3.430518 0.062218
0.431894 3.391886 0.061014
0.432400 3.300846 0.059453
0.432907 3.246733 0.061134
0.433413 3.426928 0.066826
0.433919 3.348572 0.059407
0.434425 3.353532 0.061379
0.434932 3.325403 0.065221
0.435438 3.339491 0.067082
0.435944 3.283484 0.066088
0.436451 3.322002 0.065287
0.436957 3.420515 0.067785
0.437463 3.271233 0.062931
0.437970 3.254587 0.067841
0.438476 3.289174 0.064024
0.438982 3.309238 0.067925
0.439488 3.325809 0.068482
0.439995 3.235999 0.069496
