0.009882 111.889294 24.693856
0.010389 67.319417 13.742623
0.010896 72.846473 13.563720
0.011402 60.873023 10.392134
0.011909 34.912465 6.020333
0.012416 37.184829 6.064049
0.012923 29.753611 4.138555
0.013430 26.446125 3.528748
0.013936 20.143004 2.173236
0.014443 18.974508 1.847083
0.014950 17.539210 0.965394
0.015457 16.207042 0.751469
0.015963 14.862643 0.590163
0.016470 14.104439 0.504588
0.016977 13.308716 0.452539
0.017484 12.731330 0.374862
0.017990 11.782323 0.282156
0.018497 11.307077 0.265627
0.019004 10.315931 0.249687
0.019511 9.881722 0.221562
0.020018 9.269529 0.187945
0.020524 8.967755 0.189801
0.021031 8.635773 0.188739
0.021538 8.312414 0.189404
0.022045 7.961551 0.166682
0.022551 7.704617 0.159957
0.023058 7.477424 0.165583
0.023565 7.512581 0.151969
0.024072 7.247838 0.157630
0.024579 7.228237 0.136657
0.025085 6.969696 0.135445
0.025592 6.869382 0.133149
0.026099 6.384362 0.124656
0.026606 6.574204 0.125492
0.027112 6.511575 0.128363
0.027619 6.569199 0.119049
0.028126 6.378444 0.118195
0.028633 6.472296 0.128379
0.029139 6.100655 0.117169
0.029646 5.897290 0.110584
0.030153 5.758896 0.103538
0.030660 5.920300 0.114088
0.031167 5.782824 0.110259
0.031673 5.678641 0.109650
0.032180 5.917574 0.097856
0.032687 5.422444 0.099605
0.033194 5.626461 0.106503
0.033700 5.697514 0.098013
0.034207 5.381374 0.098895
0.034714 5.379177 0.100932
0.035221 5.529893 0.100799
0.035727 5.573487 0.101508
0.036234 5.521149 0.100128
0.036741 5.441818 0.099210
0.037248 5.548034 0.094580
0.037755 5.348192 0.092808
0.038261 5.318326 0.090693
0.038768 5.316096 0.088414
0.039275 5.141557 0.088179
0.039782 5.144313 0.091486
0.040288 5.168323 0.087661
0.040795 5.058227 0.087262
0.041302 5.201276 0.088628
0.041809 5.211037 0.086517
0.042315 4.959679 0.084931
0.042822 5.069884 0.082126
0.043329 5.098146 0.085799
0.043836 5.065367 0.090595
0.044343 5.021330 0.081476
0.044849 5.043747 0.083755
0.045356 4.984858 0.086001
0.045863 4.871942 0.077244
0.046370 4.876748 0.080074
0.046876 4.928513 0.080850
0.047383 4.862306 0.079374
0.047890 4.907258 0.081143
0.048397 4.789292 0.077061
0.048903 4.933196 0.078086
0.049410 4.757985 0.076715
0.049917 4.842440 0.076668
0.050424 4.893248 0.080069
0.050931 4.800970 0.076861
0.051437 4.756147 0.072888
0.051944 4.865371 0.073762
0.052451 4.878799 0.073758
0.052958 4.884035 0.073765
0.053464 4.771693 0.065816
0.053971 4.735249 0.072947
0.054478 4.716259 0.068063
0.054985 4.719927 0.068702
0.055491 4.830698 0.071764
0.055998 4.728241 0.069571
0.056505 4.741561 0.065901
0.057012 4.752202 0.069975
0.057519 4.683498 0.065340
0.058025 4.741042 0.070130
0.058532 4.634759 0.069251
0.059039 4.598344 0.068625
0.059546 4.682459 0.067594
0.060052 4.666312 0.065275
0.060559 4.707144 0.069582
0.061066 4.734215 0.067917
0.061573 4.575549 0.066564
0.062079 4.630534 0.065189
0.062586 4.687777 0.065668
0.063093 4.767817 0.066745
0.063600 4.675520 0.065816
0.064106 4.647630 0.063348
0.064613 4.546188 0.065537
0.065120 4.647875 0.067006
0.065627 4.720786 0.061384
0.066134 4.558655 0.063616
0.066640 4.513410 0.061969
0.067147 4.662734 0.064998
0.067654 4.547411 0.063810
0.068161 4.482221 0.064947
0.068667 4.632244 0.061945
0.069174 4.573518 0.063701
0.069681 4.502150 0.062100
0.070188 4.485083 0.062734
0.070694 4.453501 0.061515
0.071201 4.598359 0.063339
0.071708 4.516784 0.060852
0.072215 4.450733 0.058700
0.072721 4.595421 0.063317
0.073228 4.556770 0.059725
0.073735 4.598089 0.058122
0.074242 4.562221 0.060213
0.074748 4.472603 0.060880
0.075255 4.485033 0.057358
0.075762 4.523278 0.059777
0.076269 4.561183 0.060334
0.076776 4.499454 0.059752
0.077282 4.539100 0.059015
0.077789 4.446760 0.058654
0.078296 4.517077 0.056568
0.078803 4.489934 0.056204
0.079309 4.521743 0.055852
0.079816 4.449724 0.057934
0.080323 4.546377 0.056349
0.080830 4.442117 0.058247
0.081336 4.399061 0.057662
0.081843 4.511944 0.058744
0.082350 4.571605 0.058367
0.082857 4.505914 0.060912
0.083363 4.540726 0.060730
0.083870 4.400879 0.060481
0.084377 4.437140 0.056978
0.084884 4.448271 0.057432
0.085390 4.445786 0.057229
0.085897 4.519693 0.060800
0.086404 4.553780 0.059466
0.086911 4.362721 0.057047
0.087417 4.313288 0.057651
0.087924 4.317041 0.059641
0.088431 4.438943 0.059578
0.088938 4.489949 0.058698
0.089444 4.348396 0.056422
0.089951 4.413147 0.056508
0.090458 4.441595 0.056912
0.090965 4.320057 0.056273
0.091471 4.290742 0.058183
0.091978 4.508963 0.060374
0.092485 4.456240 0.059179
0.092992 4.455061 0.055270
0.093498 4.386641 0.059009
0.094005 4.408946 0.059809
0.094512 4.394950 0.058950
0.095019 4.432213 0.056341
0.095525 4.364897 0.060050
0.096032 4.321147 0.056130
0.096539 4.479547 0.057011
0.097046 4.445300 0.059368
0.097552 4.360270 0.056440
0.098059 4.417627 0.057538
0.098566 4.338491 0.056298
0.099073 4.340814 0.057920
0.099579 4.281554 0.053819
0.100086 4.342949 0.055192
0.100593 4.392440 0.057204
0.101100 4.289226 0.056697
0.101606 4.333834 0.056478
0.102113 4.300545 0.054887
0.102620 4.334083 0.058276
0.103127 4.386481 0.055912
0.103633 4.384433 0.058280
0.104140 4.412338 0.057932
0.104647 4.375483 0.055749
0.105154 4.341409 0.057273
0.105660 4.290626 0.057340
0.106167 4.293510 0.055575
0.106674 4.298852 0.056237
0.107181 4.293668 0.054788
0.107687 4.319100 0.055700
0.108194 4.405088 0.052943
0.108701 4.261992 0.052075
0.109208 4.296910 0.054866
0.109714 4.317101 0.054738
0.110221 4.269421 0.052431
0.110728 4.260702 0.050593
0.111235 4.221920 0.053699
0.111741 4.324380 0.052178
0.112248 4.317367 0.051875
0.112755 4.300178 0.051281
0.113262 4.247704 0.049730
0.113768 4.291627 0.051106
0.114275 4.296329 0.050297
0.114782 4.283134 0.050199
0.115289 4.149859 0.048639
0.115795 4.216220 0.049712
0.116302 4.230119 0.047619
0.116809 4.270244 0.049001
0.117316 4.302587 0.050235
0.117822 4.232062 0.050876
0.118329 4.273996 0.048035
0.118836 4.228197 0.049751
0.119342 4.235994 0.049572
0.119849 4.309659 0.048633
0.120356 4.277216 0.048163
0.120863 4.271435 0.047680
0.121369 4.116254 0.046146
0.121876 4.195087 0.048890
0.122383 4.217784 0.047765
0.122890 4.215529 0.048700
0.123396 4.163415 0.046565
0.123903 4.323514 0.047695
0.124410 4.224757 0.047362
0.124917 4.276037 0.047455
0.125423 4.213853 0.047299
0.125930 4.221664 0.047809
0.126437 4.304189 0.046227
0.126944 4.173415 0.046675
0.127450 4.195313 0.045861
0.127957 4.235367 0.045821
0.128464 4.140937 0.044693
0.128970 4.245912 0.044828
0.129477 4.280169 0.046449
0.129984 4.256042 0.046369
0.130491 4.241137 0.044625
0.130997 4.221933 0.044733
0.131504 4.212967 0.044144
0.132011 4.178632 0.044564
0.132518 4.249976 0.044166
0.133024 4.135685 0.044178
0.133531 4.209741 0.045269
0.134038 4.197718 0.045563
0.134545 4.129853 0.042155
0.135051 4.184650 0.043353
0.135558 4.158976 0.043118
0.136065 4.138310 0.042861
0.136571 4.184126 0.043261
0.137078 4.187018 0.042999
0.137585 4.127385 0.042753
0.138092 4.191087 0.043148
0.138598 4.162681 0.042201
0.139105 4.208475 0.043530
0.139612 4.145411 0.042504
0.140119 4.227608 0.042246
0.140625 4.076913 0.041726
0.141132 4.191910 0.042720
0.141639 4.174576 0.042028
0.142145 4.256883 0.042746
0.142652 4.128933 0.042197
0.143159 4.156502 0.041623
0.143666 4.088528 0.041575
0.144172 4.135336 0.040821
0.144679 4.089915 0.041165
0.145186 4.112423 0.041316
0.145692 4.085014 0.041487
0.146199 4.178443 0.041907
0.146706 4.129977 0.040812
0.147213 4.061865 0.040425
0.147719 4.078884 0.042250
0.148226 4.185041 0.041317
0.148733 4.145390 0.041105
0.149240 4.176397 0.041627
0.149746 4.067825 0.040383
0.150253 4.094840 0.041404
0.150760 4.166340 0.041238
0.151266 4.113986 0.040979
0.151773 4.048828 0.040924
0.152280 4.090672 0.040236
0.152787 4.096303 0.041140
0.153293 4.143713 0.041207
0.153800 4.052598 0.040133
0.154307 4.107466 0.040815
0.154813 4.044969 0.041165
0.155320 4.123184 0.040673
0.155827 4.122829 0.039312
0.156334 4.028133 0.039889
0.156840 4.105064 0.039540
0.157347 4.085444 0.039124
0.157854 4.139883 0.039079
0.158360 4.053395 0.039780
0.158867 4.017959 0.039857
0.159374 4.073086 0.038919
0.159881 4.133498 0.040615
0.160387 4.001645 0.039479
0.160894 4.093783 0.040110
0.161401 4.070044 0.038417
0.161907 4.092376 0.038892
0.162414 4.042570 0.039499
0.162921 3.966586 0.038883
0.163427 4.047149 0.038641
0.163934 4.015449 0.038173
0.164441 4.067003 0.037403
0.164948 4.102539 0.038120
0.165454 4.053278 0.039715
0.165961 4.029675 0.038820
0.166468 4.030553 0.039041
0.166974 4.061389 0.037753
0.167481 3.978083 0.036848
0.167988 4.029721 0.037540
0.168495 4.064688 0.038142
0.169001 4.101922 0.038120
0.169508 3.983703 0.038501
0.170015 4.094773 0.039006
0.170521 4.043997 0.038376
0.171028 3.961953 0.038671
0.171535 4.027170 0.038570
0.172041 3.995700 0.039170
0.172548 4.051896 0.039196
0.173055 4.029952 0.038791
0.173562 4.044561 0.039440
0.174068 3.952430 0.040102
0.174575 4.064341 0.039077
0.175082 4.004765 0.039187
0.175588 4.074806 0.039860
0.176095 3.988897 0.038993
0.176602 4.045333 0.039349
0.177108 4.014179 0.039277
0.177615 3.987802 0.037973
0.178122 4.035942 0.039647
0.178629 3.999538 0.039870
0.179135 3.986288 0.039372
0.179642 3.940659 0.039482
0.180149 4.029673 0.038719
0.180655 4.057123 0.040222
0.181162 4.036654 0.039227
0.181669 3.973013 0.039405
0.182175 4.040862 0.039645
0.182682 4.052182 0.038995
0.183189 3.995712 0.041256
0.183695 3.986190 0.039496
0.184202 4.083984 0.041364
0.184709 3.982499 0.040062
0.185216 4.026530 0.039965
0.185722 4.031103 0.040460
0.186229 3.997586 0.040668
0.186736 3.931072 0.040830
0.187242 3.996896 0.041599
0.187749 4.065355 0.041192
0.188256 3.966017 0.041857
0.188762 3.972537 0.040735
0.189269 3.939044 0.041024
0.189776 3.989663 0.041291
0.190282 4.062339 0.042201
0.190789 4.026761 0.042039
0.191296 3.969032 0.041730
0.191802 4.007502 0.041332
0.192309 3.956901 0.041310
0.192816 4.004887 0.042143
0.193323 4.008520 0.041648
0.193829 4.030357 0.043710
0.194336 4.041177 0.041245
0.194843 4.041736 0.042780
0.195349 4.012308 0.043138
0.195856 3.978813 0.042680
0.196363 3.997256 0.042565
0.196869 4.048177 0.043411
0.197376 4.011495 0.042987
0.197883 3.943210 0.040600
0.198389 4.017142 0.041749
0.198896 4.017601 0.041431
0.199403 3.983897 0.041671
0.199909 4.013104 0.042667
0.200416 3.908624 0.041585
0.200923 3.996120 0.042164
0.201429 3.998947 0.042236
0.201936 3.944236 0.042031
0.202443 3.980335 0.042755
0.202949 4.007328 0.042532
0.203456 3.959075 0.042078
0.203963 3.900418 0.041466
0.204469 3.975333 0.042168
0.204976 3.969318 0.042692
0.205483 4.057404 0.043075
0.205989 3.901089 0.042713
0.206496 4.004770 0.043630
0.207003 4.000581 0.042774
0.207509 4.008600 0.042500
0.208016 4.014331 0.043161
0.208523 3.963253 0.041025
0.209029 3.977086 0.041929
0.209536 3.892336 0.040661
0.210043 3.912057 0.042279
0.210549 3.954175 0.042073
0.211056 3.940908 0.043006
0.211563 4.036303 0.043226
0.212069 3.907933 0.042716
0.212576 3.942568 0.043270
0.213083 3.865705 0.042118
0.213589 4.028304 0.042889
0.214096 3.906353 0.042692
0.214603 3.984611 0.042240
0.215109 3.881050 0.042463
0.215616 3.925006 0.041896
0.216123 3.889050 0.042563
0.216629 3.973768 0.042154
0.217136 3.874061 0.041515
0.217643 3.869917 0.041078
0.218149 3.864018 0.042058
0.218656 3.995183 0.042779
0.219163 3.967128 0.042365
0.219669 3.912400 0.042377
0.220176 3.868405 0.040957
0.220683 3.930960 0.041043
0.221189 3.941031 0.041880
0.221696 3.860214 0.042466
0.222203 3.833260 0.042399
0.222709 3.871604 0.041202
0.223216 3.852768 0.041538
0.223722 3.931612 0.041155
0.224229 3.934197 0.040164
0.224736 3.856620 0.042878
0.225242 3.925789 0.041468
0.225749 3.918729 0.041194
0.226256 3.822608 0.040474
0.226762 3.853849 0.042161
0.227269 3.841912 0.040794
0.227776 4.055605 0.041631
0.228282 3.844950 0.040316
0.228789 3.896664 0.041143
0.229296 3.866244 0.040364
0.229802 3.840004 0.040564
0.230309 3.803191 0.040442
0.230816 3.912313 0.040738
0.231322 3.848879 0.039540
0.231829 3.820924 0.039508
0.232335 3.835393 0.040855
0.232842 3.890544 0.039578
0.233349 3.833105 0.039879
0.233855 3.874924 0.039358
0.234362 3.869824 0.039300
0.234869 3.854442 0.039193
0.235375 3.871483 0.039166
0.235882 3.927151 0.038975
0.236389 3.845731 0.038796
0.236895 3.808218 0.038814
0.237402 3.905293 0.039184
0.237908 3.890717 0.038849
0.238415 3.849812 0.038006
0.238922 3.811696 0.038310
0.239428 3.824251 0.039143
0.239935 3.837228 0.037424
0.240442 3.804795 0.037534
0.240948 3.822336 0.038783
0.241455 3.755397 0.037644
0.241962 3.794507 0.037246
0.242468 3.785605 0.036772
0.242975 3.858712 0.038685
0.243481 3.799815 0.037996
0.243988 3.766364 0.037399
0.244495 3.812802 0.038549
0.245001 3.840715 0.037198
0.245508 3.746321 0.036889
0.246015 3.770409 0.038111
0.246521 3.791144 0.037195
0.247028 3.812356 0.036966
0.247534 3.864015 0.036977
0.248041 3.862508 0.038273
0.248548 3.781967 0.037399
0.249054 3.821453 0.036755
0.249561 3.782955 0.037134
0.250068 3.778632 0.037475
0.250574 3.828136 0.037510
0.251081 3.796328 0.036403
0.251587 3.731656 0.036708
0.252094 3.781130 0.037706
0.252601 3.780357 0.036243
0.253107 3.805844 0.035779
0.253614 3.803871 0.036427
0.254120 3.786845 0.035925
0.254627 3.818147 0.036455
0.255134 3.837079 0.036158
0.255640 3.802946 0.035951
0.256147 3.787351 0.036349
0.256654 3.782547 0.036710
0.257160 3.769009 0.035563
0.257667 3.753214 0.035307
0.258173 3.754825 0.035548
0.258680 3.751283 0.035693
0.259187 3.774813 0.035634
0.259693 3.787130 0.035668
0.260200 3.739878 0.035692
0.260706 3.784367 0.034827
0.261213 3.811378 0.035993
0.261720 3.832969 0.035222
0.262226 3.747236 0.035033
0.262733 3.819291 0.035614
0.263239 3.749454 0.034609
0.263746 3.766599 0.035379
0.264253 3.750452 0.034151
0.264759 3.760652 0.034998
0.265266 3.808238 0.035617
0.265772 3.810584 0.035099
0.266279 3.745560 0.035373
0.266786 3.781393 0.034819
0.267292 3.772356 0.034709
0.267799 3.785905 0.034445
0.268305 3.775109 0.034381
0.268812 3.769568 0.034472
0.269319 3.801569 0.034900
0.269825 3.785872 0.033968
0.270332 3.755708 0.033975
0.270838 3.731152 0.034453
0.271345 3.776056 0.034212
0.271852 3.717349 0.034578
0.272358 3.838090 0.034465
0.272865 3.759623 0.034860
0.273371 3.768115 0.034442
0.273878 3.768356 0.033938
0.274385 3.739711 0.033907
0.274891 3.739418 0.033870
0.275398 3.755125 0.033807
0.275904 3.651566 0.033601
0.276411 3.750935 0.033648
0.276917 3.765944 0.033805
0.277424 3.728908 0.033514
0.277931 3.695248 0.033554
0.278437 3.730408 0.033167
0.278944 3.726537 0.033328
0.279450 3.741966 0.033607
0.279957 3.761071 0.033420
0.280464 3.743887 0.033673
0.280970 3.724201 0.033437
0.281477 3.739274 0.033520
0.281983 3.729203 0.033083
0.282490 3.693979 0.032995
0.282996 3.708255 0.033628
0.283503 3.663544 0.033079
0.284010 3.728241 0.032791
0.284516 3.712450 0.033485
0.285023 3.772734 0.032670
0.285529 3.608657 0.032491
0.286036 3.645571 0.033128
0.286542 3.762906 0.033244
0.287049 3.742758 0.032579
0.287556 3.671619 0.033233
0.288062 3.656763 0.032917
0.288569 3.676660 0.033384
0.289075 3.700907 0.032944
0.289582 3.662704 0.032007
0.290088 3.621262 0.033004
0.290595 3.649417 0.033088
0.291102 3.681159 0.032973
0.291608 3.655356 0.032124
0.292115 3.683684 0.033159
0.292621 3.708062 0.032307
0.293128 3.692489 0.032778
0.293634 3.658582 0.032532
0.294141 3.633613 0.033323
0.294647 3.637227 0.032797
0.295154 3.680422 0.033412
0.295661 3.655438 0.032971
0.296167 3.617113 0.032928
0.296674 3.658439 0.033226
0.297180 3.645015 0.032471
0.297687 3.674331 0.033039
0.298193 3.634683 0.032678
0.298700 3.635622 0.032857
0.299206 3.611002 0.033029
0.299713 3.695871 0.033403
0.300220 3.587662 0.032331
0.300726 3.651831 0.032224
0.301233 3.666278 0.032781
0.301739 3.615435 0.032385
0.302246 3.621751 0.032249
0.302752 3.629622 0.033064
0.303259 3.600590 0.032810
0.303765 3.629200 0.032720
0.304272 3.610511 0.032868
0.304779 3.646796 0.032336
0.305285 3.637256 0.032003
0.305792 3.629805 0.031902
0.306298 3.597202 0.033063
0.306805 3.607212 0.032894
0.307311 3.552927 0.031692
0.307818 3.606676 0.032221
0.308324 3.646307 0.032362
0.308831 3.598037 0.032126
0.309337 3.630041 0.032300
0.309844 3.581059 0.032486
0.310350 3.625205 0.033256
0.310857 3.651925 0.033436
0.311364 3.610409 0.034020
0.311870 3.638217 0.034335
0.312377 3.610983 0.033398
0.312883 3.600682 0.034667
0.313390 3.628462 0.034792
0.313896 3.596120 0.034661
0.314403 3.613673 0.034431
0.314909 3.637749 0.034428
0.315416 3.650687 0.035489
0.315922 3.600959 0.034460
0.316429 3.562317 0.034579
0.316935 3.605242 0.034800
0.317442 3.593850 0.035547
0.317948 3.578953 0.035169
0.318455 3.579778 0.035549
0.318961 3.637782 0.035575
0.319468 3.584534 0.035244
0.319975 3.653914 0.035945
0.320481 3.655892 0.036564
0.320988 3.617673 0.036617
0.321494 3.577801 0.035370
0.322001 3.554990 0.035596
0.322507 3.604872 0.035512
0.323014 3.657679 0.035452
0.323520 3.595735 0.035224
0.324027 3.571105 0.035030
0.324533 3.623978 0.036115
0.325040 3.585388 0.034728
0.325546 3.623244 0.035768
0.326053 3.568558 0.035578
0.326559 3.529302 0.035328
0.327066 3.614593 0.035624
0.327572 3.539000 0.034996
0.328079 3.616687 0.034528
0.328585 3.578590 0.035049
0.329092 3.578982 0.035571
0.329598 3.612781 0.035856
0.330105 3.531570 0.035895
0.330611 3.659591 0.035918
0.331118 3.634367 0.035673
0.331624 3.659160 0.036808
0.332131 3.597098 0.035434
0.332637 3.596240 0.036655
0.333144 3.610205 0.036217
0.333650 3.646636 0.036480
0.334157 3.544181 0.036396
0.334663 3.518449 0.035453
0.335170 3.560453 0.035427
0.335676 3.579199 0.035533
0.336183 3.562864 0.035541
0.336689 3.598395 0.035307
0.337196 3.566042 0.035546
0.337702 3.552978 0.035221
0.338209 3.507285 0.035886
0.338715 3.520155 0.036647
0.339222 3.534921 0.035414
0.339728 3.650005 0.036467
0.340235 3.571147 0.036380
0.340741 3.554140 0.035710
0.341248 3.534448 0.035596
0.341754 3.572055 0.036287
0.342261 3.515995 0.036612
0.342767 3.597470 0.036805
0.343274 3.549679 0.036938
0.343780 3.525390 0.037051
0.344287 3.721029 0.037105
0.344793 3.502318 0.036138
0.345300 3.518798 0.036175
0.345806 3.584690 0.036438
0.346313 3.608582 0.035985
0.346819 3.566278 0.036918
0.347325 3.570472 0.037279
0.347832 3.564367 0.038073
0.348338 3.537944 0.036956
0.348845 3.543101 0.037344
0.349351 3.543027 0.035882
0.349858 3.551284 0.036436
0.350364 3.572111 0.036360
0.350871 3.522692 0.036796
0.351377 3.560049 0.037702
0.351884 3.614361 0.037121
0.352390 3.515380 0.036007
0.352897 3.551592 0.036363
0.353403 3.538082 0.036285
0.353910 3.556473 0.037086
0.354416 3.534941 0.037474
0.354923 3.486866 0.035675
0.355429 3.527363 0.035440
0.355935 3.546153 0.034915
0.356442 3.540535 0.035264
0.356948 3.484044 0.034260
0.357455 3.488571 0.034564
0.357961 3.529589 0.034619
0.358468 3.538925 0.034440
0.358974 3.484455 0.035231
0.359481 3.449823 0.034673
0.359987 3.518795 0.034793
0.360494 3.586623 0.034916
0.361000 3.537270 0.035089
0.361506 3.503099 0.034849
0.362013 3.501949 0.034499
0.362519 3.544156 0.034880
0.363026 3.469522 0.035272
0.363532 3.551854 0.036319
0.364039 3.497365 0.035259
0.364545 3.448397 0.035562
0.365052 3.498490 0.035804
0.365558 3.505543 0.035977
0.366064 3.484107 0.036064
0.366571 3.545154 0.036580
0.367077 3.515767 0.036110
0.367584 3.466032 0.036063
0.368090 3.452355 0.035463
0.368597 3.486227 0.035027
0.369103 3.439084 0.036607
0.369610 3.558223 0.038094
0.370116 3.423691 0.036593
0.370622 3.471324 0.036877
0.371129 3.486995 0.036815
0.371635 3.461393 0.037206
0.372142 3.409449 0.037612
0.372648 3.464298 0.038345
0.373155 3.438920 0.037099
0.373661 3.472406 0.036537
0.374167 3.516222 0.037518
0.374674 3.413702 0.037787
0.375180 3.492117 0.037699
0.375687 3.538765 0.037787
0.376193 3.497462 0.038633
0.376700 3.509062 0.038841
0.377206 3.519665 0.039255
0.377712 3.449496 0.039072
0.378219 3.411263 0.039163
0.378725 3.475245 0.038708
0.379232 3.525992 0.039588
0.379738 3.483266 0.039763
0.380245 3.465540 0.040028
0.380751 3.488649 0.038110
0.381257 3.465933 0.039398
0.381764 3.479588 0.041191
0.382270 3.435967 0.039414
0.382777 3.466760 0.041411
0.383283 3.349071 0.040183
0.383789 3.411623 0.039165
0.384296 3.487423 0.040720
0.384802 3.475712 0.041836
0.385309 3.480672 0.042427
0.385815 3.463796 0.040820
0.386321 3.479569 0.041848
0.386828 3.376391 0.041794
0.387334 3.528909 0.042054
0.387841 3.451429 0.042807
0.388347 3.506617 0.042811
0.388853 3.479314 0.043745
0.389360 3.428757 0.043375
0.389866 3.500879 0.043776
0.390373 3.499691 0.044026
0.390879 3.591072 0.044834
0.391385 3.419447 0.043269
0.391892 3.435049 0.044444
0.392398 3.504179 0.044739
0.392905 3.419811 0.044969
0.393411 3.499494 0.044105
0.393917 3.388996 0.045257
0.394424 3.425097 0.052365
0.394930 3.501492 0.043113
0.395437 3.440302 0.045082
0.395943 3.357038 0.044791
0.396449 3.408744 0.044667
0.396956 3.412891 0.045869
0.397462 3.470397 0.046460
0.397969 3.482859 0.045816
0.398475 3.426618 0.046898
0.398981 3.420880 0.046337
0.399488 3.410711 0.047048
0.399994 3.397601 0.048143
0.400500 3.397733 0.047160
0.401007 3.412492 0.047176
0.401513 3.402150 0.047505
0.402020 3.407780 0.047183
0.402526 3.363152 0.048615
0.403032 3.386069 0.047825
0.403539 3.384095 0.048373
0.404045 3.403469 0.049041
0.404551 3.488403 0.050394
0.405058 3.348748 0.048511
0.405564 3.382974 0.048503
0.406071 3.359907 0.049219
0.406577 3.389390 0.049056
0.407083 3.409946 0.049283
0.407590 3.440936 0.049824
0.408096 3.399847 0.050581
0.408602 3.429362 0.051391
0.409109 3.343394 0.050136
0.409615 3.368037 0.049745
0.410121 3.367081 0.048142
0.410628 3.307367 0.050350
0.411134 3.389884 0.051074
0.411641 3.385270 0.049688
0.412147 3.297637 0.048945
0.412653 3.328469 0.050428
0.413160 3.347068 0.052345
0.413666 3.284567 0.051346
0.414172 3.325580 0.051487
0.414679 3.312462 0.050384
0.415185 3.312159 0.052512
0.415691 3.272556 0.050906
0.416198 3.237350 0.050972
0.416704 3.220445 0.052678
0.417210 3.334882 0.052922
0.417717 3.333093 0.052173
0.418223 3.262282 0.049791
0.418729 3.382997 0.054445
0.419236 3.310365 0.054337
0.419742 3.347015 0.052172
0.420248 3.374715 0.053126
0.420755 3.347096 0.052718
0.421261 3.374031 0.054370
0.421767 3.317524 0.051689
0.422274 3.350981 0.055181
0.422780 3.294857 0.053939
0.423286 3.277245 0.053344
0.423793 3.314329 0.052074
0.424299 3.285088 0.056702
0.424805 3.423225 0.057336
0.425312 3.351039 0.054065
0.425818 3.271148 0.055776
0.426324 3.278881 0.056562
0.426831 3.407350 0.056687
0.427337 3.345491 0.057537
0.427843 3.397369 0.059145
0.428350 3.383770 0.059737
0.428856 3.372035 0.057336
0.429362 3.314576 0.057137
0.429869 3.475531 0.059920
0.430375 3.354517 0.062090
0.430881 3.333933 0.059172
0.431388 3.312799 0.060872
0.431894 3.326522 0.062443
0.432400 3.405727 0.061400
0.432907 3.325107 0.062364
0.433413 3.317168 0.062982
0.433919 3.344930 0.064231
0.434425 3.406363 0.065500
0.434932 3.394709 0.060978
0.435438 3.203529 0.062675
0.435944 3.374835 0.060869
0.436451 3.269047 0.065710
0.436957 3.339267 0.067413
0.437463 3.335833 0.070341
0.437970 3.150659 0.064899
0.438476 3.268467 0.069871
0.438982 3.290420 0.068143
0.439488 3.337524 0.065030
0.439995 3.344846 0.068598
