0.009882 108.111502 24.675319
0.010389 76.000303 13.887187
0.010896 70.250308 13.796442
0.011402 58.800285 10.718119
0.011909 35.070360 6.071448
0.012416 40.727506 6.362105
0.012923 28.191957 3.778591
0.013430 22.616591 3.440669
0.013936 19.718092 2.152048
0.014443 18.359119 1.783971
0.014950 17.336083 0.925159
0.015457 15.434622 0.802685
0.015963 14.350138 0.663898
0.016470 12.747044 0.527840
0.016977 12.425423 0.442974
0.017484 11.616350 0.333988
0.017990 10.640131 0.300838
0.018497 10.381323 0.225544
0.019004 9.918796 0.230346
0.019511 9.504523 0.199407
0.020018 8.718500 0.194965
0.020524 8.789614 0.190203
0.021031 8.526459 0.192026
0.021538 8.096797 0.176083
0.022045 8.024710 0.181879
0.022551 7.577466 0.157293
0.023058 7.341058 0.150030
0.023565 7.273446 0.139649
0.024072 6.975386 0.151605
0.024579 6.973845 0.143985
0.025085 6.784096 0.137706
0.025592 6.607795 0.132079
0.026099 6.771293 0.136264
0.026606 6.735247 0.129899
0.027112 6.450814 0.125870
0.027619 6.302847 0.123873
0.028126 6.118388 0.121520
0.028633 6.256010 0.119355
0.029139 6.066407 0.121096
0.029646 5.794378 0.109625
0.030153 5.648023 0.110488
0.030660 5.706469 0.114292
0.031167 5.558903 0.110584
0.031673 5.588207 0.110978
0.032180 5.534494 0.104637
0.032687 5.713365 0.109567
0.033194 5.777152 0.109952
0.033700 5.484614 0.106012
0.034207 5.764410 0.102579
0.034714 5.434632 0.103334
0.035221 5.348403 0.095703
0.035727 5.385978 0.096709
0.036234 5.448551 0.094697
0.036741 5.405167 0.094827
0.037248 5.340889 0.099496
0.037755 5.336427 0.092591
0.038261 5.241791 0.097757
0.038768 5.145034 0.090828
0.039275 5.178477 0.090139
0.039782 5.305923 0.088638
0.040288 5.096318 0.088978
0.040795 5.080137 0.091484
0.041302 5.036156 0.090646
0.041809 5.040034 0.087562
0.042315 4.899434 0.081668
0.042822 4.992956 0.085843
0.043329 5.081849 0.077589
0.043836 4.930941 0.083299
0.044343 4.969650 0.080448
0.044849 4.906674 0.082307
0.045356 4.977795 0.081336
0.045863 5.026650 0.082377
0.046370 4.976219 0.083574
0.046876 4.952483 0.079257
0.047383 5.015042 0.078291
0.047890 4.898071 0.078287
0.048397 5.022474 0.078657
0.048903 4.779628 0.076145
0.049410 4.902471 0.075972
0.049917 4.902940 0.077710
0.050424 4.812192 0.075137
0.050931 4.715282 0.074304
0.051437 4.762107 0.074004
0.051944 4.891226 0.076712
0.052451 4.860898 0.072424
0.052958 4.817130 0.074631
0.053464 4.844928 0.068283
0.053971 4.690262 0.071067
0.054478 4.678351 0.073552
0.054985 4.723268 0.071555
0.055491 4.827301 0.071782
0.055998 4.743493 0.071052
0.056505 4.704401 0.068497
0.057012 4.732928 0.071824
0.057519 4.766843 0.068913
0.058025 4.761257 0.070521
0.058532 4.644923 0.068616
0.059039 4.578693 0.067059
0.059546 4.558475 0.065073
0.060052 4.726562 0.067601
0.060559 4.662604 0.068992
0.061066 4.780129 0.065561
0.061573 4.616135 0.067870
0.062079 4.511330 0.068431
0.062586 4.538693 0.065579
0.063093 4.652303 0.064731
0.063600 4.616466 0.066549
0.064106 4.667408 0.066593
0.064613 4.626214 0.065968
0.065120 4.528675 0.065491
0.065627 4.498021 0.063393
0.066134 4.618481 0.061947
0.066640 4.513410 0.064986
0.067147 4.531039 0.063509
0.067654 4.480431 0.064232
0.068161 4.603481 0.058582
0.068667 4.609202 0.061250
0.069174 4.441588 0.061616
0.069681 4.655356 0.063812
0.070188 4.569498 0.061082
0.070694 4.551592 0.060568
0.071201 4.471614 0.062152
0.071708 4.492532 0.061311
0.072215 4.427702 0.061802
0.072721 4.573678 0.062385
0.073228 4.595613 0.061607
0.073735 4.625573 0.060871
0.074242 4.501360 0.059510
0.074748 4.477467 0.058516
0.075255 4.494605 0.060396
0.075762 4.414959 0.056504
0.076269 4.608849 0.060089
0.076776 4.556070 0.058940
0.077282 4.519309 0.056350
0.077789 4.507171 0.056230
0.078296 4.553671 0.055838
0.078803 4.404476 0.058428
0.079309 4.492684 0.057810
0.079816 4.525821 0.060075
0.080323 4.425442 0.060723
0.080830 4.540744 0.058156
0.081336 4.504727 0.060687
0.081843 4.474424 0.059559
0.082350 4.474523 0.057368
0.082857 4.499623 0.056848
0.083363 4.435351 0.059450
0.083870 4.481315 0.058009
0.084377 4.462099 0.059774
0.084884 4.498847 0.061147
0.085390 4.337967 0.055504
0.085897 4.454679 0.057404
0.086404 4.380439 0.057284
0.086911 4.501718 0.059135
0.087417 4.368687 0.058055
0.087924 4.598739 0.059628
0.088431 4.421560 0.059288
0.088938 4.488372 0.058814
0.089444 4.300245 0.057092
0.089951 4.368242 0.058638
0.090458 4.349578 0.057820
0.090965 4.369455 0.057654
0.091471 4.382299 0.056989
0.091978 4.307710 0.058382
0.092485 4.476262 0.057962
0.092992 4.417442 0.057196
0.093498 4.368667 0.057575
0.094005 4.400240 0.058022
0.094512 4.357504 0.056645
0.095019 4.393678 0.057474
0.095525 4.366450 0.058527
0.096032 4.340986 0.056620
0.096539 4.286935 0.057306
0.097046 4.368643 0.057575
0.097552 4.413481 0.057606
0.098059 4.347400 0.056340
0.098566 4.431426 0.056180
0.099073 4.330163 0.056980
0.099579 4.242412 0.055452
0.100086 4.434434 0.056996
0.100593 4.414156 0.057865
0.101100 4.409209 0.057740
0.101606 4.316075 0.055359
0.102113 4.284890 0.056362
0.102620 4.315741 0.057578
0.103127 4.248336 0.055689
0.103633 4.237337 0.055527
0.104140 4.340534 0.057840
0.104647 4.313447 0.056185
0.105154 4.269117 0.057806
0.105660 4.299798 0.056026
0.106167 4.294278 0.055386
0.106674 4.312963 0.054288
0.107181 4.304425 0.054080
0.107687 4.314175 0.055279
0.108194 4.373473 0.053848
0.108701 4.288553 0.051510
0.109208 4.289362 0.055009
0.109714 4.332462 0.054395
0.110221 4.300316 0.051519
0.110728 4.265943 0.052040
0.111235 4.350909 0.052679
0.111741 4.191112 0.050998
0.112248 4.309166 0.053696
0.112755 4.221730 0.051117
0.113262 4.235103 0.051176
0.113768 4.278462 0.049301
0.114275 4.255692 0.051401
0.114782 4.238815 0.050524
0.115289 4.345096 0.050926
0.115795 4.152038 0.050173
0.116302 4.257795 0.050273
0.116809 4.214459 0.050781
0.117316 4.284502 0.049274
0.117822 4.266403 0.049608
0.118329 4.203438 0.048767
0.118836 4.126965 0.049703
0.119342 4.155791 0.048248
0.119849 4.310785 0.047548
0.120356 4.324287 0.049861
0.120863 4.196448 0.049655
0.121369 4.267093 0.048833
0.121876 4.225643 0.046463
0.122383 4.145420 0.047549
0.122890 4.304846 0.048321
0.123396 4.289101 0.048256
0.123903 4.183463 0.048474
0.124410 4.195360 0.046171
0.124917 4.193846 0.047380
0.125423 4.153065 0.047254
0.125930 4.147703 0.047484
0.126437 4.147301 0.044101
0.126944 4.143376 0.045694
0.127450 4.258180 0.045802
0.127957 4.250372 0.045437
0.128464 4.190923 0.045631
0.128970 4.160334 0.046386
0.129477 4.173065 0.044680
0.129984 4.216977 0.045031
0.130491 4.246719 0.045146
0.130997 4.184558 0.045068
0.131504 4.087578 0.044254
0.132011 4.151680 0.044269
0.132518 4.230508 0.044029
0.133024 4.182432 0.042693
0.133531 4.136579 0.043668
0.134038 4.126308 0.044133
0.134545 4.164933 0.044506
0.135051 4.091616 0.043905
0.135558 4.112664 0.042700
0.136065 4.161823 0.044802
0.136571 4.166422 0.044109
0.137078 4.226899 0.044268
0.137585 4.205340 0.043650
0.138092 4.183287 0.042114
0.138598 4.171833 0.043374
0.139105 4.151604 0.043986
0.139612 4.213213 0.042933
0.140119 4.170901 0.042031
0.140625 4.096176 0.041756
0.141132 4.100403 0.042593
0.141639 4.176797 0.041941
0.142145 4.186349 0.042585
0.142652 4.159028 0.042207
0.143159 4.055178 0.042227
0.143666 4.155132 0.042635
0.144172 4.203129 0.041442
0.144679 4.147607 0.041971
0.145186 4.161410 0.041994
0.145692 4.175764 0.041690
0.146199 4.119065 0.041832
0.146706 4.115625 0.041355
0.147213 4.153853 0.041408
0.147719 4.172066 0.040888
0.148226 4.134050 0.040917
0.148733 4.157219 0.041321
0.149240 4.084916 0.040377
0.149746 4.130905 0.041983
0.150253 4.150818 0.041548
0.150760 4.083899 0.041395
0.151266 4.161437 0.041636
0.151773 4.144725 0.041088
0.152280 4.131359 0.040187
0.152787 4.125959 0.042043
0.153293 4.148627 0.040589
0.153800 4.160469 0.040476
0.154307 4.065853 0.039963
0.154813 4.053545 0.039285
0.155320 4.105531 0.040307
0.155827 4.139386 0.040051
0.156334 4.031346 0.039238
0.156840 4.075432 0.039031
0.157347 4.139657 0.039797
0.157854 4.098094 0.038945
0.158360 4.064787 0.039566
0.158867 4.062802 0.038559
0.159374 4.029672 0.038883
0.159881 3.970697 0.039278
0.160387 4.085879 0.039788
0.160894 4.077497 0.038694
0.161401 3.980777 0.038163
0.161907 4.087331 0.039222
0.162414 4.052111 0.038483
0.162921 4.016637 0.038368
0.163427 4.041868 0.038620
0.163934 4.043632 0.039114
0.164441 4.141085 0.038166
0.164948 4.069644 0.038568
0.165454 4.081719 0.038469
0.165961 4.080437 0.038655
0.166468 4.087483 0.038158
0.166974 4.038419 0.038743
0.167481 4.047289 0.037809
0.167988 4.062294 0.037408
0.168495 4.019762 0.039309
0.169001 4.079075 0.039473
0.169508 4.023341 0.038436
0.170015 4.048119 0.039220
0.170521 3.993021 0.038511
0.171028 3.953127 0.039180
0.171535 4.043639 0.037588
0.172041 4.074646 0.038974
0.172548 4.043760 0.038665
0.173055 4.082847 0.039671
0.173562 3.928761 0.038273
0.174068 3.992131 0.039460
0.174575 4.023436 0.038705
0.175082 4.051510 0.039255
0.175588 4.083753 0.040146
0.176095 4.012196 0.038644
0.176602 4.135644 0.039626
0.177108 3.974642 0.039334
0.177615 3.968757 0.038847
0.178122 3.980134 0.039754
0.178629 3.941414 0.038548
0.179135 3.948844 0.039260
0.179642 3.997216 0.038177
0.180149 3.941168 0.038736
0.180655 4.084466 0.039724
0.181162 4.046256 0.040219
0.181669 4.019584 0.038666
0.182175 3.987714 0.038271
0.182682 3.988700 0.040291
0.183189 4.020927 0.039415
0.183695 4.023060 0.040693
0.184202 3.940484 0.040099
0.184709 4.078366 0.040292
0.185216 4.004486 0.040481
0.185722 3.996920 0.040187
0.186229 4.057867 0.042638
0.186736 3.971040 0.040588
0.187242 3.934873 0.039546
0.187749 3.979883 0.041907
0.188256 3.963384 0.041435
0.188762 3.959075 0.041593
0.189269 4.048024 0.041357
0.189776 3.995418 0.041342
0.190282 4.050030 0.040687
0.190789 4.027641 0.042745
0.191296 3.973502 0.041246
0.191802 4.056460 0.041247
0.192309 4.079915 0.042667
0.192816 3.978486 0.040902
0.193323 4.044156 0.040262
0.193829 3.982690 0.043439
0.194336 3.956716 0.041894
0.194843 3.957826 0.041264
0.195349 4.024599 0.043047
0.195856 3.905953 0.041965
0.196363 3.993576 0.041174
0.196869 3.974874 0.043114
0.197376 3.942190 0.041953
0.197883 3.976929 0.041271
0.198389 3.968007 0.042738
0.198896 3.981892 0.042136
0.199403 3.978894 0.041358
0.199909 3.952487 0.042060
0.200416 3.968948 0.041801
0.200923 3.988270 0.042733
0.201429 3.984668 0.042096
0.201936 3.983169 0.041875
0.202443 3.999400 0.043074
0.202949 4.043230 0.043133
0.203456 3.962326 0.043359
0.203963 3.969235 0.043385
0.204469 3.962793 0.042552
0.204976 4.001883 0.042256
0.205483 4.036693 0.042701
0.205989 4.002342 0.042533
0.206496 4.046234 0.044015
0.207003 4.032410 0.042348
0.207509 3.980552 0.043829
0.208016 3.958286 0.041848
0.208523 3.935616 0.041452
0.209029 3.941274 0.041961
0.209536 3.983272 0.041609
0.210043 3.945326 0.041892
0.210549 3.945702 0.042518
0.211056 3.933783 0.042924
0.211563 3.927327 0.041376
0.212069 3.957928 0.042861
0.212576 3.967055 0.042836
0.213083 3.931201 0.041644
0.213589 3.953159 0.041936
0.214096 3.894385 0.042073
0.214603 3.922587 0.042635
0.215109 3.920328 0.042305
0.215616 3.831358 0.041082
0.216123 3.893723 0.042187
0.216629 3.940234 0.042294
0.217136 3.899900 0.041393
0.217643 3.874007 0.042393
0.218149 3.888612 0.041086
0.218656 3.956143 0.041464
0.219163 3.929501 0.042320
0.219669 3.903166 0.042567
0.220176 3.857284 0.042607
0.220683 3.871530 0.040361
0.221189 3.841385 0.040624
0.221696 3.856038 0.041821
0.222203 3.869317 0.041265
0.222709 3.907210 0.041555
0.223216 3.923879 0.044145
0.223722 3.845578 0.042655
0.224229 3.877868 0.042010
0.224736 3.885933 0.041014
0.225242 3.878478 0.041510
0.225749 3.929258 0.041749
0.226256 3.924031 0.040272
0.226762 3.815088 0.040452
0.227269 3.918816 0.041666
0.227776 3.868881 0.040891
0.228282 3.794386 0.040726
0.228789 3.834031 0.041006
0.229296 3.889971 0.040891
0.229802 3.835319 0.040428
0.230309 3.870397 0.040597
0.230816 3.867918 0.040200
0.231322 3.873858 0.039652
0.231829 3.877750 0.041133
0.232335 3.830317 0.039183
0.232842 3.841489 0.039735
0.233349 3.822427 0.038133
0.233855 3.790858 0.038579
0.234362 3.838352 0.039796
0.234869 3.827266 0.038167
0.235375 3.819082 0.038472
0.235882 3.886396 0.038791
0.236389 3.846929 0.038424
0.236895 3.927994 0.038665
0.237402 3.845701 0.038514
0.237908 3.790265 0.038120
0.238415 3.881937 0.039643
0.238922 3.821615 0.038996
0.239428 3.823062 0.038873
0.239935 3.849355 0.038724
0.240442 3.837264 0.038457
0.240948 3.856317 0.038173
0.241455 3.891186 0.038472
0.241962 3.784066 0.037429
0.242468 3.842170 0.039574
0.242975 3.861033 0.038182
0.243481 3.866585 0.037813
0.243988 3.842344 0.039094
0.244495 3.746539 0.037346
0.245001 3.811601 0.037866
0.245508 3.807490 0.038639
0.246015 3.803909 0.037580
0.246521 3.760484 0.036816
0.247028 3.823822 0.037387
0.247534 3.802547 0.036585
0.248041 3.777087 0.037613
0.248548 3.809946 0.036134
0.249054 3.887575 0.037299
0.249561 3.792464 0.036581
0.250068 3.889240 0.037173
0.250574 3.745144 0.036163
0.251081 3.829731 0.037852
0.251587 3.758789 0.036577
0.252094 3.791921 0.035619
0.252601 3.769255 0.036565
0.253107 3.775563 0.035661
0.253614 3.805016 0.036866
0.254120 3.791506 0.035891
0.254627 3.764062 0.036585
0.255134 3.740074 0.036851
0.255640 3.805994 0.036288
0.256147 3.829401 0.036442
0.256654 3.778330 0.035715
0.257160 3.739148 0.035640
0.257667 3.773950 0.036406
0.258173 3.779623 0.035968
0.258680 3.844822 0.035640
0.259187 3.830141 0.035579
0.259693 3.788835 0.035849
0.260200 3.791057 0.035800
0.260706 3.748968 0.034749
0.261213 3.717414 0.034689
0.261720 3.807146 0.035531
0.262226 3.784731 0.035444
0.262733 3.750637 0.034373
0.263239 3.705114 0.034428
0.263746 3.888048 0.035691
0.264253 3.782555 0.035087
0.264759 3.742064 0.034617
0.265266 3.732752 0.035444
0.265772 3.778514 0.034756
0.266279 3.810951 0.035192
0.266786 3.774932 0.034742
0.267292 3.705263 0.035304
0.267799 3.771785 0.034325
0.268305 3.710599 0.034094
0.268812 3.752917 0.035292
0.269319 3.733780 0.033820
0.269825 3.775362 0.034650
0.270332 3.736163 0.034190
0.270838 3.762791 0.034199
0.271345 3.651757 0.033187
0.271852 3.630458 0.033907
0.272358 3.773315 0.033912
0.272865 3.761501 0.034371
0.273371 3.705825 0.034219
0.273878 3.756205 0.034324
0.274385 3.740337 0.034299
0.274891 3.803738 0.033835
0.275398 3.770589 0.033854
0.275904 3.751925 0.033954
0.276411 3.710645 0.032467
0.276917 3.703525 0.033710
0.277424 3.773445 0.033156
0.277931 3.653206 0.033956
0.278437 3.654032 0.032455
0.278944 3.711427 0.033131
0.279450 3.735562 0.034348
0.279957 3.775915 0.033294
0.280464 3.791033 0.033456
0.280970 3.745921 0.033138
0.281477 3.686176 0.032641
0.281983 3.761239 0.033183
0.282490 3.701835 0.033053
0.282996 3.695770 0.032939
0.283503 3.695952 0.032830
0.284010 3.724924 0.032312
0.284516 3.675829 0.031916
0.285023 3.712978 0.032737
0.285529 3.736477 0.032653
0.286036 3.665539 0.032333
0.286542 3.738948 0.033861
0.287049 3.705847 0.031962
0.287556 3.652229 0.032515
0.288062 3.675413 0.032893
0.288569 3.641084 0.033241
0.289075 3.625043 0.031423
0.289582 3.662600 0.032643
0.290088 3.692946 0.033005
0.290595 3.714449 0.033669
0.291102 3.674005 0.032968
0.291608 3.692997 0.033624
0.292115 3.671922 0.033556
0.292621 3.655033 0.032869
0.293128 3.718783 0.032811
0.293634 3.632218 0.033592
0.294141 3.665089 0.032919
0.294647 3.648611 0.032649
0.295154 3.647036 0.033471
0.295661 3.719090 0.032408
0.296167 3.579560 0.032214
0.296674 3.653338 0.032887
0.297180 3.699287 0.032764
0.297687 3.680629 0.033260
0.298193 3.678979 0.033530
0.298700 3.658068 0.032415
0.299206 3.658073 0.032912
0.299713 3.621174 0.032607
0.300220 3.604575 0.032941
0.300726 3.612570 0.033051
0.301233 3.560151 0.032769
0.301739 3.622530 0.032335
0.302246 3.623229 0.032076
0.302752 3.619554 0.032364
0.303259 3.620817 0.032881
0.303765 3.636938 0.032875
0.304272 3.634723 0.032524
0.304779 3.624170 0.032512
0.305285 3.601751 0.032247
0.305792 3.604025 0.032386
0.306298 3.668254 0.032739
0.306805 3.596922 0.031791
0.307311 3.618689 0.032204
0.307818 3.620738 0.031669
0.308324 3.578903 0.031982
0.308831 3.626814 0.032320
0.309337 3.611323 0.032508
0.309844 3.641265 0.033359
0.310350 3.568180 0.032855
0.310857 3.636406 0.033212
0.311364 3.572011 0.032631
0.311870 3.622944 0.033773
0.312377 3.617050 0.032833
0.312883 3.659653 0.034711
0.313390 3.624809 0.034742
0.313896 3.616244 0.034327
0.314403 3.579496 0.034455
0.314909 3.537659 0.033865
0.315416 3.552504 0.034247
0.315922 3.652275 0.034817
0.316429 3.597265 0.035336
0.316935 3.609775 0.034995
0.317442 3.590028 0.033998
0.317948 3.626774 0.034239
0.318455 3.599276 0.035190
0.318961 3.611511 0.035594
0.319468 3.635596 0.036326
0.319975 3.624767 0.034789
0.320481 3.620557 0.036169
0.320988 3.624450 0.035523
0.321494 3.618298 0.035879
0.322001 3.581693 0.035524
0.322507 3.598224 0.035246
0.323014 3.638437 0.035484
0.323520 3.548528 0.035032
0.324027 3.579830 0.035761
0.324533 3.561592 0.034632
0.325040 3.604407 0.035581
0.325546 3.647143 0.036322
0.326053 3.659357 0.035604
0.326559 3.598675 0.035134
0.327066 3.565307 0.035385
0.327572 3.546520 0.035446
0.328079 3.576962 0.034772
0.328585 3.615017 0.035938
0.329092 3.614130 0.035629
0.329598 3.563715 0.036769
0.330105 3.520981 0.035269
0.330611 3.614774 0.035433
0.331118 3.631070 0.036503
0.331624 3.636900 0.036136
0.332131 3.589886 0.035075
0.332637 3.561886 0.035492
0.333144 3.636732 0.035716
0.333650 3.679175 0.036429
0.334157 3.550408 0.036731
0.334663 3.603168 0.036988
0.335170 3.525691 0.035556
0.335676 3.501881 0.035715
0.336183 3.543300 0.036134
0.336689 3.531083 0.036134
0.337196 3.573307 0.035872
0.337702 3.621643 0.036498
0.338209 3.583794 0.036856
0.338715 3.572924 0.036235
0.339222 3.596466 0.036759
0.339728 3.607948 0.036713
0.340235 3.538437 0.036851
0.340741 3.508120 0.035853
0.341248 3.573084 0.036117
0.341754 3.523416 0.036673
0.342261 3.543538 0.035853
0.342767 3.555722 0.036850
0.343274 3.587848 0.035596
0.343780 3.526161 0.035873
0.344287 3.536918 0.035985
0.344793 3.596491 0.036792
0.345300 3.570289 0.036629
0.345806 3.525931 0.036141
0.346313 3.525177 0.035228
0.346819 3.550351 0.037031
0.347325 3.520761 0.036109
0.347832 3.576112 0.036817
0.348338 3.593399 0.037068
0.348845 3.554479 0.036536
0.349351 3.488370 0.036364
0.349858 3.616195 0.037196
0.350364 3.505263 0.036426
0.350871 3.540906 0.037557
0.351377 3.659710 0.037679
0.351884 3.566122 0.036600
0.352390 3.584332 0.037653
0.352897 3.579181 0.036791
0.353403 3.503750 0.037608
0.353910 3.541163 0.036879
0.354416 3.542368 0.037801
0.354923 3.544216 0.036175
0.355429 3.526641 0.035011
0.355935 3.499412 0.035455
0.356442 3.533931 0.034703
0.356948 3.484044 0.034767
0.357455 3.507881 0.034854
0.357961 3.487203 0.034097
0.358468 3.543331 0.034657
0.358974 3.549528 0.034854
0.359481 3.544272 0.035069
0.359987 3.537164 0.035049
0.360494 3.574068 0.035097
0.361000 3.498870 0.034975
0.361506 3.559930 0.035386
0.362013 3.498498 0.035204
0.362519 3.528143 0.036566
0.363026 3.455251 0.036023
0.363532 3.543037 0.034745
0.364039 3.507924 0.035862
0.364545 3.524750 0.036058
0.365052 3.536808 0.035993
0.365558 3.541444 0.036479
0.366064 3.497862 0.035768
0.366571 3.475809 0.036745
0.367077 3.453457 0.035691
0.367584 3.534038 0.036707
0.368090 3.546268 0.036601
0.368597 3.537507 0.035706
0.369103 3.431695 0.036600
0.369610 3.475636 0.036294
0.370116 3.480707 0.036699
0.370622 3.512690 0.037279
0.371129 3.497274 0.037357
0.371635 3.440456 0.036921
0.372142 3.494353 0.038153
0.372648 3.476540 0.038416
0.373155 3.437285 0.037071
0.373661 3.495846 0.037681
0.374167 3.466322 0.038065
0.374674 3.481526 0.038181
0.375180 3.495256 0.037745
0.375687 3.444164 0.037951
0.376193 3.551283 0.038051
0.376700 3.458457 0.038627
0.377206 3.477401 0.038516
0.377712 3.491761 0.039524
0.378219 3.446119 0.039507
0.378725 3.453179 0.039359
0.379232 3.453581 0.039439
0.379738 3.443595 0.039978
0.380245 3.454418 0.038816
0.380751 3.485858 0.038984
0.381257 3.512095 0.040934
0.381764 3.395401 0.039453
0.382270 3.462144 0.040536
0.382777 3.444280 0.040725
0.383283 3.487426 0.039838
0.383789 3.474329 0.040967
0.384296 3.431326 0.039840
0.384802 3.442002 0.040992
0.385309 3.455052 0.042360
0.385815 3.404719 0.040475
0.386321 3.438220 0.042199
0.386828 3.437242 0.041249
0.387334 3.478752 0.040842
0.387841 3.465678 0.041824
0.388347 3.485866 0.042854
0.388853 3.454767 0.041497
0.389360 3.437172 0.042580
0.389866 3.488884 0.042873
0.390373 3.519165 0.043817
0.390879 3.432553 0.044850
0.391385 3.408232 0.043414
0.391892 3.453834 0.045183
0.392398 3.467005 0.045649
0.392905 3.480992 0.044734
0.393411 3.442106 0.044153
0.393917 3.435941 0.043826
0.394424 3.438879 0.052758
0.394930 3.417952 0.043708
0.395437 3.413276 0.044592
0.395943 3.438465 0.046305
0.396449 3.395264 0.043314
0.396956 3.500192 0.047208
0.397462 3.360947 0.046689
0.397969 3.459326 0.044881
0.398475 3.415052 0.046262
0.398981 3.375083 0.045941
0.399488 3.480853 0.047854
0.399994 3.451054 0.047740
0.400500 3.409721 0.047889
0.401007 3.424273 0.048350
0.401513 3.399418 0.046757
0.402020 3.359176 0.047944
0.402526 3.313684 0.047987
0.403032 3.460458 0.048758
0.403539 3.381324 0.047648
0.404045 3.388523 0.048962
0.404551 3.348867 0.049241
0.405058 3.318726 0.047210
0.405564 3.378670 0.047810
0.406071 3.366932 0.048744
0.406577 3.379365 0.049283
0.407083 3.381584 0.049924
0.407590 3.408516 0.049361
0.408096 3.359125 0.048925
0.408602 3.369050 0.050241
0.409109 3.372624 0.049555
0.409615 3.411111 0.049637
0.410121 3.425435 0.051210
0.410628 3.411947 0.051626
0.411134 3.381357 0.051668
0.411641 3.378983 0.052455
0.412147 3.307973 0.049668
0.412653 3.340717 0.049762
0.413160 3.365624 0.051400
0.413666 3.372998 0.050853
0.414172 3.262759 0.051652
0.414679 3.326996 0.050009
0.415185 3.273286 0.050704
0.415691 3.373312 0.053990
0.416198 3.234182 0.052030
0.416704 3.280230 0.051586
0.417210 3.326541 0.052962
0.417717 3.360991 0.052082
0.418223 3.304471 0.051269
0.418729 3.304802 0.051646
0.419236 3.317203 0.054131
0.419742 3.353760 0.052164
0.420248 3.314601 0.052415
0.420755 3.368608 0.052865
0.421261 3.320433 0.051785
0.421767 3.308201 0.051657
0.422274 3.377458 0.052412
0.422780 3.402426 0.053003
0.423286 3.379379 0.053332
0.423793 3.291771 0.055046
0.424299 3.354604 0.055349
0.424805 3.354627 0.054632
0.425312 3.317687 0.055556
0.425818 3.366123 0.057282
0.426324 3.354338 0.058228
0.426831 3.353769 0.055622
0.427337 3.239732 0.053040
0.427843 3.297266 0.057239
0.428350 3.468574 0.060411
0.428856 3.380258 0.057248
0.429362 3.368761 0.061630
0.429869 3.350857 0.062734
0.430375 3.304598 0.058608
0.430881 3.369703 0.059195
0.431388 3.347226 0.060993
0.431894 3.298510 0.060084
0.432400 3.239762 0.059755
0.432907 3.320496 0.062027
0.433413 3.273265 0.063447
0.433919 3.326726 0.064373
0.434425 3.393155 0.062772
0.434932 3.295701 0.064746
0.435438 3.401645 0.064076
0.435944 3.345242 0.063301
0.436451 3.318127 0.063378
0.436957 3.366350 0.068691
0.437463 3.383939 0.067540
0.437970 3.266543 0.062530
0.438476 3.273738 0.064126
0.438982 3.323715 0.070024
0.439488 3.358027 0.065669
0.439995 3.301125 0.071837
