0.009882 112.417074 25.817424
0.010389 75.291966 13.698631
0.010896 69.154150 13.661471
0.011402 58.636648 10.679494
0.011909 33.210702 6.454042
0.012416 35.907899 5.947731
0.012923 26.575509 3.542049
0.013430 22.328918 3.449699
0.013936 20.307840 2.497993
0.014443 19.457780 1.689437
0.014950 17.031393 1.001739
0.015457 15.602880 0.818801
0.015963 13.849190 0.764763
0.016470 13.300750 0.497296
0.016977 12.760139 0.416679
0.017484 12.161431 0.430554
0.017990 10.905134 0.295157
0.018497 10.472773 0.269221
0.019004 10.014491 0.238613
0.019511 9.543997 0.221247
0.020018 8.967483 0.181795
0.020524 8.639814 0.179009
0.021031 8.239005 0.190713
0.021538 8.115385 0.179732
0.022045 7.901900 0.177439
0.022551 7.807711 0.158124
0.023058 7.587816 0.158018
0.023565 7.229967 0.142691
0.024072 7.281895 0.141857
0.024579 6.924136 0.143309
0.025085 6.806258 0.140554
0.025592 6.626869 0.134539
0.026099 6.457934 0.129455
0.026606 6.470305 0.126396
0.027112 6.706517 0.131111
0.027619 6.307690 0.121647
0.028126 5.938714 0.118688
0.028633 6.209497 0.122780
0.029139 6.114354 0.122832
0.029646 5.989016 0.112728
0.030153 5.832812 0.105480
0.030660 5.918140 0.110533
0.031167 5.593686 0.111511
0.031673 5.803536 0.111274
0.032180 5.667564 0.108466
0.032687 5.309308 0.101773
0.033194 5.751711 0.106212
0.033700 5.715093 0.106917
0.034207 5.728559 0.102949
0.034714 5.510421 0.100828
0.035221 5.483594 0.105004
0.035727 5.293116 0.098072
0.036234 5.610083 0.097691
0.036741 5.419129 0.095234
0.037248 5.553060 0.093592
0.037755 5.287685 0.092730
0.038261 5.257098 0.090641
0.038768 5.202603 0.082997
0.039275 5.419262 0.096390
0.039782 5.089910 0.090132
0.040288 5.027514 0.089184
0.040795 5.012840 0.084887
0.041302 5.154544 0.090881
0.041809 5.146911 0.087362
0.042315 5.184092 0.084095
0.042822 4.873125 0.086984
0.043329 4.932208 0.080155
0.043836 5.029914 0.087884
0.044343 5.050662 0.077393
0.044849 5.040950 0.084571
0.045356 4.895868 0.082465
0.045863 4.895424 0.080141
0.046370 5.042084 0.080379
0.046876 5.052358 0.079377
0.047383 4.967229 0.078193
0.047890 4.975505 0.077229
0.048397 4.868315 0.081444
0.048903 4.942080 0.078332
0.049410 5.018060 0.076339
0.049917 4.762186 0.077746
0.050424 4.835885 0.076325
0.050931 4.884209 0.080345
0.051437 4.868196 0.074597
0.051944 4.961738 0.071347
0.052451 4.737973 0.072890
0.052958 4.755993 0.072884
0.053464 4.585174 0.069795
0.053971 4.877134 0.069037
0.054478 4.714029 0.073141
0.054985 4.646422 0.070044
0.055491 4.729894 0.070682
0.055998 4.695557 0.069338
0.056505 4.684229 0.069537
0.057012 4.751131 0.069452
0.057519 4.752771 0.069326
0.058025 4.674012 0.066960
0.058532 4.694726 0.067350
0.059039 4.747016 0.071577
0.059546 4.642164 0.067012
0.060052 4.699450 0.066119
0.060559 4.501650 0.069185
0.061066 4.679316 0.066108
0.061573 4.626764 0.068767
0.062079 4.621812 0.063097
0.062586 4.712460 0.068402
0.063093 4.563743 0.066285
0.063600 4.520856 0.065416
0.064106 4.504482 0.066922
0.064613 4.606548 0.066067
0.065120 4.641356 0.063593
0.065627 4.611677 0.063344
0.066134 4.620653 0.061543
0.066640 4.628953 0.061095
0.067147 4.531039 0.065292
0.067654 4.565513 0.063318
0.068161 4.566306 0.064593
0.068667 4.347209 0.059293
0.069174 4.627488 0.060327
0.069681 4.600515 0.064061
0.070188 4.566087 0.063981
0.070694 4.468592 0.061626
0.071201 4.450025 0.061017
0.071708 4.522638 0.060885
0.072215 4.576581 0.060382
0.072721 4.561133 0.059668
0.073228 4.558388 0.059184
0.073735 4.570450 0.060584
0.074242 4.440498 0.058584
0.074748 4.422349 0.061468
0.075255 4.491806 0.057868
0.075762 4.573212 0.061326
0.076269 4.549461 0.058919
0.076776 4.468000 0.059734
0.077282 4.487338 0.058143
0.077789 4.466998 0.058679
0.078296 4.532325 0.057683
0.078803 4.602146 0.058696
0.079309 4.621920 0.060542
0.079816 4.560340 0.058845
0.080323 4.564322 0.057522
0.080830 4.446000 0.058209
0.081336 4.474537 0.058630
0.081843 4.432459 0.058308
0.082350 4.543754 0.057603
0.082857 4.435927 0.058871
0.083363 4.501610 0.059242
0.083870 4.459813 0.057769
0.084377 4.373537 0.057673
0.084884 4.547817 0.060752
0.085390 4.422963 0.058651
0.085897 4.337182 0.058946
0.086404 4.512433 0.059185
0.086911 4.425390 0.058658
0.087417 4.435789 0.055924
0.087924 4.399299 0.057168
0.088431 4.489511 0.058929
0.088938 4.407969 0.057560
0.089444 4.490521 0.058263
0.089951 4.396888 0.056529
0.090458 4.325843 0.060250
0.090965 4.325460 0.057687
0.091471 4.346821 0.057433
0.091978 4.390415 0.057622
0.092485 4.431412 0.058098
0.092992 4.452757 0.055884
0.093498 4.388205 0.060493
0.094005 4.408154 0.057989
0.094512 4.371260 0.056876
0.095019 4.318922 0.056367
0.095525 4.397517 0.057432
0.096032 4.331829 0.056754
0.096539 4.471173 0.058533
0.097046 4.296586 0.055751
0.097552 4.298697 0.055115
0.098059 4.324239 0.055901
0.098566 4.356624 0.058003
0.099073 4.273108 0.056244
0.099579 4.353817 0.057805
0.100086 4.295347 0.054823
0.100593 4.316812 0.057926
0.101100 4.342018 0.054916
0.101606 4.405608 0.055587
0.102113 4.382545 0.056745
0.102620 4.353189 0.056370
0.103127 4.368264 0.057185
0.103633 4.378897 0.059409
0.104140 4.309069 0.058223
0.104647 4.382550 0.057342
0.105154 4.391936 0.057597
0.105660 4.350240 0.056799
0.106167 4.251281 0.054432
0.106674 4.246861 0.053213
0.107181 4.348889 0.054022
0.107687 4.376791 0.054882
0.108194 4.353801 0.054965
0.108701 4.259268 0.054470
0.109208 4.319555 0.055100
0.109714 4.338472 0.053406
0.110221 4.286699 0.052499
0.110728 4.325566 0.052637
0.111235 4.289361 0.051776
0.111741 4.243119 0.051948
0.112248 4.323044 0.052407
0.112755 4.319400 0.053259
0.113262 4.311338 0.051460
0.113768 4.293507 0.049494
0.114275 4.317878 0.050865
0.114782 4.185390 0.051781
0.115289 4.255080 0.049114
0.115795 4.199425 0.050799
0.116302 4.292088 0.050524
0.116809 4.229455 0.048823
0.117316 4.205861 0.048708
0.117822 4.202960 0.049278
0.118329 4.169894 0.048806
0.118836 4.212306 0.049523
0.119342 4.183663 0.048684
0.119849 4.234772 0.048863
0.120356 4.087781 0.047414
0.120863 4.255766 0.047253
0.121369 4.226311 0.047131
0.121876 4.207865 0.048267
0.122383 4.280354 0.048344
0.122890 4.254843 0.047359
0.123396 4.217824 0.047504
0.123903 4.194405 0.048334
0.124410 4.299589 0.048114
0.124917 4.309974 0.046409
0.125423 4.156259 0.047452
0.125930 4.209337 0.046950
0.126437 4.086959 0.046107
0.126944 4.184292 0.046415
0.127450 4.197932 0.044994
0.127957 4.257098 0.046682
0.128464 4.237885 0.045433
0.128970 4.216527 0.046180
0.129477 4.168036 0.046849
0.129984 4.153873 0.045059
0.130491 4.174156 0.044758
0.130997 4.209973 0.046149
0.131504 4.209064 0.044212
0.132011 4.219796 0.045405
0.132518 4.190111 0.044706
0.133024 4.164902 0.043552
0.133531 4.238621 0.043492
0.134038 4.183725 0.043743
0.134545 4.189109 0.043817
0.135051 4.133235 0.043144
0.135558 4.204332 0.044780
0.136065 4.198503 0.042341
0.136571 4.167354 0.044411
0.137078 4.171252 0.043034
0.137585 4.192661 0.043121
0.138092 4.122719 0.043350
0.138598 4.142547 0.042564
0.139105 4.149378 0.043477
0.139612 4.140439 0.042244
0.140119 4.200842 0.042016
0.140625 4.144269 0.044073
0.141132 4.175840 0.042950
0.141639 4.108437 0.042329
0.142145 4.155296 0.042690
0.142652 4.091201 0.041551
0.143159 4.116061 0.042317
0.143666 4.149473 0.042293
0.144172 4.201390 0.042096
0.144679 4.178778 0.042372
0.145186 4.149378 0.041990
0.145692 4.081573 0.041028
0.146199 4.148324 0.042813
0.146706 4.129977 0.040921
0.147213 4.091115 0.040983
0.147719 4.167321 0.042250
0.148226 4.164392 0.040763
0.148733 4.121731 0.041440
0.149240 4.076979 0.041741
0.149746 4.121653 0.042334
0.150253 4.067482 0.041338
0.150760 4.079757 0.040578
0.151266 4.061242 0.040591
0.151773 4.124018 0.041338
0.152280 4.101251 0.040956
0.152787 4.080239 0.040306
0.153293 4.068767 0.041265
0.153800 4.193753 0.041251
0.154307 4.102177 0.040226
0.154813 4.045378 0.040406
0.155320 4.108749 0.040940
0.155827 4.051474 0.038399
0.156334 4.068825 0.039631
0.156840 4.090431 0.040412
0.157347 4.079077 0.040094
0.157854 4.040141 0.040109
0.158360 4.117429 0.040228
0.158867 4.092828 0.039812
0.159374 4.056165 0.038578
0.159881 3.972666 0.039025
0.160387 4.095282 0.039369
0.160894 4.073331 0.039053
0.161401 4.105141 0.038672
0.161907 4.087331 0.038887
0.162414 4.107325 0.039219
0.162921 4.027254 0.038530
0.163427 4.035833 0.037739
0.163934 4.113524 0.039136
0.164441 4.048952 0.038559
0.164948 4.075252 0.039341
0.165454 4.004628 0.038842
0.165961 4.072736 0.037953
0.166468 4.050885 0.038443
0.166974 4.044346 0.038007
0.167481 4.101322 0.038151
0.167988 3.908112 0.036679
0.168495 4.069555 0.038177
0.169001 4.049373 0.038771
0.169508 4.058447 0.039659
0.170015 4.049250 0.039184
0.170521 4.079259 0.038911
0.171028 4.040232 0.039777
0.171535 4.039809 0.038750
0.172041 4.010792 0.038857
0.172548 4.044922 0.039095
0.173055 4.027652 0.039805
0.173562 4.056447 0.038497
0.174068 4.027115 0.039311
0.174575 3.998504 0.038706
0.175082 4.034268 0.039916
0.175588 4.023852 0.040179
0.176095 4.068876 0.038904
0.176602 4.001345 0.039536
0.177108 4.062631 0.039344
0.177615 4.017735 0.038407
0.178122 3.985946 0.039874
0.178629 3.982495 0.038881
0.179135 3.964471 0.039546
0.179642 4.063134 0.039021
0.180149 3.974646 0.038944
0.180655 4.052496 0.038690
0.181162 4.002706 0.039931
0.181669 3.997101 0.039353
0.182175 4.057496 0.040584
0.182682 4.019204 0.039731
0.183189 4.033732 0.040119
0.183695 4.015189 0.040170
0.184202 4.059969 0.041198
0.184709 3.977431 0.041397
0.185216 3.994735 0.039539
0.185722 4.098619 0.040166
0.186229 3.948581 0.040080
0.186736 3.943079 0.042021
0.187242 3.951127 0.039802
0.187749 3.995936 0.040542
0.188256 3.987080 0.042120
0.188762 3.980354 0.039640
0.189269 4.000319 0.041267
0.189776 4.022423 0.041589
0.190282 4.008707 0.041465
0.190789 3.964777 0.041396
0.191296 4.073675 0.040999
0.191802 4.068032 0.042503
0.192309 3.961786 0.040162
0.192816 3.977591 0.041365
0.193323 4.065385 0.042824
0.193829 4.002665 0.042458
0.194336 3.987104 0.042894
0.194843 4.003636 0.042454
0.195349 3.989092 0.042699
0.195856 3.889661 0.042204
0.196363 3.942512 0.041032
0.196869 3.931808 0.042279
0.197376 3.945361 0.042080
0.197883 3.998800 0.042500
0.198389 3.966630 0.043098
0.198896 4.023089 0.042819
0.199403 3.968433 0.041656
0.199909 4.003920 0.042618
0.200416 4.048152 0.042403
0.200923 3.987809 0.042716
0.201429 4.045895 0.043610
0.201936 4.008197 0.041310
0.202443 3.939881 0.042879
0.202949 4.027120 0.042327
0.203456 4.031979 0.042830
0.203963 3.980535 0.043607
0.204469 3.991158 0.044690
0.204976 3.967922 0.044472
0.205483 4.097883 0.043697
0.205989 4.002342 0.042280
0.206496 3.966567 0.041993
0.207003 3.980454 0.041992
0.207509 3.950126 0.043014
0.208016 3.985358 0.042311
0.208523 3.935649 0.042899
0.209029 3.982285 0.042615
0.209536 4.016725 0.042543
0.210043 3.965704 0.043466
0.210549 3.988068 0.042801
0.211056 3.973681 0.042684
0.211563 3.965962 0.041963
0.212069 3.955151 0.041374
0.212576 4.024902 0.042809
0.213083 3.994813 0.042984
0.213589 3.916740 0.042072
0.214096 3.963697 0.041365
0.214603 3.921177 0.043069
0.215109 3.942507 0.043147
0.215616 3.919524 0.041501
0.216123 3.904889 0.043307
0.216629 3.971439 0.043880
0.217136 3.896273 0.041700
0.217643 3.947380 0.041161
0.218149 3.909957 0.043002
0.218656 3.870802 0.041371
0.219163 3.861501 0.042466
0.219669 3.880023 0.042030
0.220176 3.805702 0.041304
0.220683 3.910636 0.041704
0.221189 3.849085 0.041682
0.221696 3.977066 0.042031
0.222203 3.924303 0.041786
0.222709 3.849970 0.041906
0.223216 3.938922 0.042685
0.223722 3.908759 0.040905
0.224229 3.923552 0.041532
0.224736 3.872375 0.041590
0.225242 3.915004 0.041390
0.225749 3.846748 0.041166
0.226256 3.904358 0.041128
0.226762 3.941619 0.042227
0.227269 3.819096 0.040881
0.227776 3.906102 0.040548
0.228282 3.820149 0.040045
0.228789 3.864874 0.041860
0.229296 3.863278 0.040905
0.229802 3.902987 0.041377
0.230309 3.919940 0.040904
0.230816 3.793502 0.038984
0.231322 3.856789 0.040353
0.231829 3.830254 0.039554
0.232335 3.777864 0.039829
0.232842 3.923109 0.040041
0.233349 3.892247 0.039381
0.233855 3.859109 0.040189
0.234362 3.842907 0.038886
0.234869 3.830924 0.038973
0.235375 3.875576 0.039428
0.235882 3.813852 0.038472
0.236389 3.822963 0.038080
0.236895 3.854148 0.038403
0.237402 3.816308 0.039051
0.237908 3.836925 0.038259
0.238415 3.872418 0.038707
0.238922 3.827963 0.038109
0.239428 3.834951 0.039052
0.239935 3.849746 0.038932
0.240442 3.843524 0.038328
0.240948 3.801163 0.038602
0.241455 3.882577 0.039173
0.241962 3.830081 0.037447
0.242468 3.827835 0.037389
0.242975 3.861419 0.038047
0.243481 3.803609 0.037802
0.243988 3.856600 0.037941
0.244495 3.765580 0.036694
0.245001 3.813492 0.037629
0.245508 3.831882 0.037473
0.246015 3.726747 0.037047
0.246521 3.796920 0.037255
0.247028 3.844905 0.037579
0.247534 3.747003 0.036857
0.248041 3.826415 0.037635
0.248548 3.827564 0.037269
0.249054 3.785430 0.037240
0.249561 3.806726 0.037250
0.250068 3.849685 0.037263
0.250574 3.832093 0.037349
0.251081 3.906340 0.037182
0.251587 3.865511 0.036493
0.252094 3.860263 0.037179
0.252601 3.720545 0.036945
0.253107 3.816463 0.036633
0.253614 3.794659 0.036524
0.254120 3.786845 0.036266
0.254627 3.799058 0.036387
0.255134 3.844526 0.035808
0.255640 3.729479 0.034843
0.256147 3.802491 0.036249
0.256654 3.745298 0.036212
0.257160 3.809441 0.036223
0.257667 3.795032 0.035795
0.258173 3.794777 0.035452
0.258680 3.817107 0.036210
0.259187 3.816922 0.034918
0.259693 3.791564 0.035316
0.260200 3.815789 0.035101
0.260706 3.792121 0.034979
0.261213 3.735276 0.035407
0.261720 3.755500 0.036538
0.262226 3.761631 0.034836
0.262733 3.797097 0.034545
0.263239 3.779351 0.035457
0.263746 3.756896 0.035043
0.264253 3.694108 0.035030
0.264759 3.773597 0.034015
0.265266 3.776263 0.034536
0.265772 3.790175 0.035077
0.266279 3.744906 0.034561
0.266786 3.788824 0.035397
0.267292 3.767343 0.034616
0.267799 3.734562 0.034814
0.268305 3.758982 0.033853
0.268812 3.738058 0.034860
0.269319 3.742055 0.034485
0.269825 3.719950 0.034654
0.270332 3.765640 0.034021
0.270838 3.754482 0.034041
0.271345 3.761617 0.034390
0.271852 3.748946 0.034050
0.272358 3.728132 0.033459
0.272865 3.740842 0.034082
0.273371 3.726484 0.034255
0.273878 3.730345 0.033996
0.274385 3.685143 0.033445
0.274891 3.736033 0.033455
0.275398 3.678427 0.033768
0.275904 3.739458 0.034169
0.276411 3.686227 0.033556
0.276917 3.716988 0.033384
0.277424 3.712740 0.033818
0.277931 3.787683 0.033856
0.278437 3.705492 0.032887
0.278944 3.729559 0.032850
0.279450 3.725193 0.033094
0.279957 3.698967 0.032874
0.280464 3.765647 0.033476
0.280970 3.731742 0.033264
0.281477 3.691638 0.033704
0.281983 3.712490 0.033079
0.282490 3.734466 0.033072
0.282996 3.710387 0.033558
0.283503 3.670746 0.032603
0.284010 3.703517 0.032893
0.284516 3.743066 0.032872
0.285023 3.729577 0.032391
0.285529 3.720477 0.033649
0.286036 3.702496 0.032861
0.286542 3.671624 0.033538
0.287049 3.706147 0.033129
0.287556 3.707118 0.032554
0.288062 3.730162 0.033056
0.288569 3.661031 0.033252
0.289075 3.675220 0.032492
0.289582 3.704557 0.032817
0.290088 3.639032 0.032664
0.290595 3.661083 0.032648
0.291102 3.705004 0.032872
0.291608 3.679315 0.033137
0.292115 3.663177 0.032714
0.292621 3.730531 0.033270
0.293128 3.668586 0.032883
0.293634 3.699094 0.032883
0.294141 3.729558 0.032858
0.294647 3.737895 0.033284
0.295154 3.634553 0.033211
0.295661 3.644630 0.032828
0.296167 3.627143 0.032819
0.296674 3.670742 0.033293
0.297180 3.658884 0.032662
0.297687 3.705221 0.032476
0.298193 3.700537 0.033248
0.298700 3.693982 0.033854
0.299206 3.661865 0.032708
0.299713 3.623257 0.032803
0.300220 3.637511 0.032885
0.300726 3.616139 0.031428
0.301233 3.587451 0.032080
0.301739 3.604969 0.032300
0.302246 3.586554 0.032597
0.302752 3.656760 0.033108
0.303259 3.563142 0.032246
0.303765 3.612889 0.032647
0.304272 3.589252 0.032476
0.304779 3.602313 0.032218
0.305285 3.626565 0.032611
0.305792 3.584656 0.031878
0.306298 3.566588 0.032701
0.306805 3.588396 0.031892
0.307311 3.624827 0.032256
0.307818 3.573864 0.032197
0.308324 3.639941 0.032448
0.308831 3.630302 0.032554
0.309337 3.610738 0.031836
0.309844 3.572545 0.033181
0.310350 3.653804 0.032994
0.310857 3.584749 0.033236
0.311364 3.659546 0.034213
0.311870 3.608646 0.034388
0.312377 3.613501 0.033793
0.312883 3.629083 0.033559
0.313390 3.617504 0.035441
0.313896 3.583375 0.034006
0.314403 3.638468 0.034915
0.314909 3.641926 0.034932
0.315416 3.657455 0.036083
0.315922 3.576490 0.035410
0.316429 3.587036 0.034877
0.316935 3.621631 0.034927
0.317442 3.549047 0.034815
0.317948 3.613216 0.034875
0.318455 3.594667 0.035528
0.318961 3.655178 0.035471
0.319468 3.565166 0.035522
0.319975 3.608262 0.035980
0.320481 3.602354 0.034765
0.320988 3.636933 0.035480
0.321494 3.573043 0.035841
0.322001 3.647275 0.035715
0.322507 3.556389 0.035705
0.323014 3.645304 0.034936
0.323520 3.617853 0.034841
0.324027 3.551274 0.035060
0.324533 3.616554 0.036061
0.325040 3.601237 0.035258
0.325546 3.586692 0.035279
0.326053 3.614925 0.035549
0.326559 3.553880 0.035175
0.327066 3.629349 0.035600
0.327572 3.652525 0.036459
0.328079 3.606308 0.036532
0.328585 3.595814 0.034750
0.329092 3.611261 0.036821
0.329598 3.578616 0.035914
0.330105 3.548637 0.035528
0.330611 3.547727 0.035956
0.331118 3.520461 0.035787
0.331624 3.589668 0.036014
0.332131 3.570413 0.035855
0.332637 3.597336 0.035716
0.333144 3.592521 0.035075
0.333650 3.597856 0.035824
0.334157 3.578245 0.035763
0.334663 3.576415 0.036527
0.335170 3.592625 0.036722
0.335676 3.570690 0.035311
0.336183 3.660684 0.036226
0.336689 3.605164 0.036888
0.337196 3.599103 0.036322
0.337702 3.620903 0.036431
0.338209 3.538722 0.036419
0.338715 3.572175 0.035851
0.339222 3.608775 0.036539
0.339728 3.596900 0.036271
0.340235 3.546044 0.036837
0.340741 3.540938 0.035937
0.341248 3.585619 0.036204
0.341754 3.578182 0.036949
0.342261 3.512362 0.036291
0.342767 3.589196 0.036858
0.343274 3.621409 0.036550
0.343780 3.517680 0.036603
0.344287 3.532733 0.037406
0.344793 3.570183 0.036401
0.345300 3.543576 0.036315
0.345806 3.517482 0.036924
0.346313 3.605139 0.036344
0.346819 3.571221 0.036152
0.347325 3.620141 0.036999
0.347832 3.558756 0.036558
0.348338 3.537559 0.036317
0.348845 3.541532 0.036968
0.349351 3.568611 0.036846
0.349858 3.517293 0.036892
0.350364 3.528458 0.037941
0.350871 3.585003 0.036350
0.351377 3.577636 0.037664
0.351884 3.527999 0.036392
0.352390 3.576603 0.037236
0.352897 3.571410 0.036229
0.353403 3.552561 0.036910
0.353910 3.523119 0.036411
0.354416 3.531625 0.037281
0.354923 3.603046 0.035883
0.355429 3.529167 0.035649
0.355935 3.502876 0.035890
0.356442 3.521634 0.035343
0.356948 3.490299 0.034212
0.357455 3.463671 0.034685
0.357961 3.486853 0.034749
0.358468 3.460345 0.035728
0.358974 3.504908 0.034724
0.359481 3.524128 0.034891
0.359987 3.554819 0.035399
0.360494 3.510220 0.035201
0.361000 3.536549 0.035234
0.361506 3.579602 0.035607
0.362013 3.496148 0.035307
0.362519 3.500662 0.035462
0.363026 3.509405 0.035185
0.363532 3.510153 0.036350
0.364039 3.493856 0.036205
0.364545 3.536472 0.036345
0.365052 3.530856 0.036819
0.365558 3.526485 0.036023
0.366064 3.489312 0.035490
0.366571 3.453560 0.036833
0.367077 3.489710 0.036137
0.367584 3.498325 0.035299
0.368090 3.481632 0.035727
0.368597 3.547457 0.035794
0.369103 3.524254 0.036570
0.369610 3.447849 0.037210
0.370116 3.486913 0.036913
0.370622 3.467972 0.037506
0.371129 3.472367 0.037046
0.371635 3.542378 0.037934
0.372142 3.445673 0.037604
0.372648 3.457770 0.037860
0.373155 3.549681 0.037816
0.373661 3.463359 0.036103
0.374167 3.513310 0.037189
0.374674 3.535772 0.038034
0.375180 3.458973 0.037437
0.375687 3.497672 0.038037
0.376193 3.504463 0.037747
0.376700 3.433302 0.037528
0.377206 3.429226 0.038930
0.377712 3.493522 0.038223
0.378219 3.522919 0.038910
0.378725 3.548199 0.038235
0.379232 3.479132 0.038717
0.379738 3.394697 0.039433
0.380245 3.421514 0.039946
0.380751 3.473764 0.039710
0.381257 3.464991 0.039907
0.381764 3.461239 0.040745
0.382270 3.544010 0.040858
0.382777 3.428153 0.040065
0.383283 3.478718 0.041784
0.383789 3.459632 0.040081
0.384296 3.424376 0.041428
0.384802 3.469901 0.042263
0.385309 3.515978 0.042062
0.385815 3.449153 0.040084
0.386321 3.490423 0.043018
0.386828 3.464806 0.041449
0.387334 3.475361 0.042387
0.387841 3.448790 0.041557
0.388347 3.481308 0.042836
0.388853 3.474511 0.042709
0.389360 3.490979 0.043627
0.389866 3.539044 0.043436
0.390373 3.362819 0.042612
0.390879 3.435108 0.044192
0.391385 3.471036 0.044068
0.391892 3.450375 0.043676
0.392398 3.388651 0.044188
0.392905 3.419233 0.044514
0.393411 3.389989 0.043176
0.393917 3.440101 0.044455
0.394424 3.328025 0.050770
0.394930 3.427813 0.045739
0.395437 3.387478 0.044320
0.395943 3.360122 0.044807
0.396449 3.445509 0.045736
0.396956 3.394049 0.045215
0.397462 3.420087 0.045740
0.397969 3.440882 0.046099
0.398475 3.433043 0.046340
0.398981 3.404951 0.046851
0.399488 3.442176 0.046307
0.399994 3.499161 0.047226
0.400500 3.470989 0.048207
0.401007 3.410412 0.048170
0.401513 3.415814 0.046020
0.402020 3.363282 0.048507
0.402526 3.435942 0.048703
0.403032 3.438001 0.049665
0.403539 3.407643 0.049221
0.404045 3.406316 0.048296
0.404551 3.424780 0.049401
0.405058 3.375194 0.048171
0.405564 3.385126 0.048113
0.406071 3.379295 0.050434
0.406577 3.358365 0.050028
0.407083 3.457942 0.048382
0.407590 3.365044 0.049383
0.408096 3.445946 0.052471
0.408602 3.400198 0.050110
0.409109 3.383866 0.049985
0.409615 3.333277 0.049100
0.410121 3.342904 0.051802
0.410628 3.280452 0.048629
0.411134 3.465366 0.048756
0.411641 3.339693 0.050912
0.412147 3.338867 0.050476
0.412653 3.308566 0.050495
0.413160 3.310729 0.050744
0.413666 3.255354 0.051402
0.414172 3.468498 0.052634
0.414679 3.330880 0.051483
0.415185 3.306606 0.050911
0.415691 3.367670 0.052698
0.416198 3.327651 0.050282
0.416704 3.363930 0.050478
0.417210 3.257307 0.053327
0.417717 3.255140 0.051449
0.418223 3.186019 0.050304
0.418729 3.319718 0.051697
0.419236 3.253098 0.053781
0.419742 3.298103 0.050459
0.420248 3.321281 0.053124
0.420755 3.426146 0.053655
0.421261 3.343278 0.053153
0.421767 3.432799 0.054135
0.422274 3.409229 0.052704
0.422780 3.350294 0.056164
0.423286 3.264702 0.056791
0.423793 3.251165 0.051826
0.424299 3.305755 0.056858
0.424805 3.330809 0.056983
0.425312 3.394584 0.056428
0.425818 3.358227 0.054905
0.426324 3.487144 0.059119
0.426831 3.341863 0.055585
0.427337 3.335788 0.056048
0.427843 3.320760 0.057962
0.428350 3.287450 0.058526
0.428856 3.334009 0.059819
0.429362 3.341490 0.060083
0.429869 3.326798 0.061248
0.430375 3.248025 0.059035
0.430881 3.338225 0.058679
0.431388 3.212848 0.058485
0.431894 3.293841 0.060041
0.432400 3.265118 0.059999
0.432907 3.299751 0.062923
0.433413 3.301314 0.061482
0.433919 3.325512 0.060059
0.434425 3.348729 0.062480
0.434932 3.278376 0.061112
0.435438 3.200939 0.064582
0.435944 3.345242 0.065004
0.436451 3.276796 0.063843
0.436957 3.171356 0.062872
0.437463 3.265735 0.069655
0.437970 3.276087 0.066303
0.438476 3.310222 0.066598
0.438982 3.313581 0.069831
0.439488 3.249656 0.064538
0.439995 3.288951 0.069510
