0.009882 107.194832 24.246789
0.010389 62.893867 13.979564
0.010896 70.461848 13.488314
0.011402 56.763912 10.612564
0.011909 35.438783 6.110867
0.012416 39.409317 6.084683
0.012923 26.959073 3.793976
0.013430 24.513680 3.570686
0.013936 20.474508 2.133740
0.014443 19.487333 1.578108
0.014950 17.336083 0.968399
0.015457 16.219324 0.775270
0.015963 13.937634 0.694206
0.016470 13.165779 0.545906
0.016977 12.344962 0.427690
0.017484 11.929868 0.365178
0.017990 11.371427 0.281231
0.018497 10.767466 0.248519
0.019004 10.000137 0.246775
0.019511 9.272064 0.212672
0.020018 9.322591 0.191254
0.020524 8.672204 0.201720
0.021031 8.226859 0.191844
0.021538 8.152560 0.171843
0.022045 7.905409 0.169823
0.022551 7.491554 0.167041
0.023058 7.367032 0.162196
0.023565 7.406989 0.156203
0.024072 7.173533 0.146082
0.024579 6.804250 0.146491
0.025085 6.886592 0.132225
0.025592 6.746763 0.137205
0.026099 6.564204 0.133497
0.026606 6.613166 0.130168
0.027112 6.390053 0.124079
0.027619 6.198728 0.116572
0.028126 6.172764 0.121112
0.028633 6.121122 0.115716
0.029139 6.002478 0.114637
0.029646 6.241821 0.118634
0.030153 6.032819 0.107925
0.030660 6.023975 0.111287
0.031167 5.795868 0.110954
0.031673 5.818029 0.110610
0.032180 5.619175 0.099286
0.032687 5.404262 0.104494
0.033194 5.618633 0.100945
0.033700 5.705327 0.107133
0.034207 5.607799 0.095290
0.034714 5.375480 0.095029
0.035221 5.516929 0.098115
0.035727 5.562773 0.102179
0.036234 5.363247 0.099400
0.036741 5.288232 0.098474
0.037248 5.392247 0.095941
0.037755 5.228858 0.098420
0.038261 5.158454 0.092973
0.038768 5.386824 0.091760
0.039275 5.213792 0.091041
0.039782 5.187516 0.084595
0.040288 5.094718 0.088678
0.040795 5.019101 0.087807
0.041302 5.288509 0.088197
0.041809 5.191189 0.088728
0.042315 5.101255 0.086261
0.042822 4.947095 0.085704
0.043329 4.881834 0.083897
0.043836 5.012187 0.083301
0.044343 5.102341 0.082012
0.044849 4.955629 0.083039
0.045356 5.034297 0.083772
0.045863 4.851222 0.081462
0.046370 4.919762 0.084258
0.046876 4.928513 0.079546
0.047383 4.956604 0.080913
0.047890 4.890196 0.081528
0.048397 4.828156 0.077056
0.048903 4.763129 0.076367
0.049410 4.907497 0.079234
0.049917 4.946154 0.079822
0.050424 4.778523 0.077520
0.050931 4.707937 0.077527
0.051437 4.777603 0.073494
0.051944 4.864196 0.074921
0.052451 4.883573 0.075164
0.052958 4.800981 0.076085
0.053464 4.920451 0.072844
0.053971 4.737556 0.071742
0.054478 4.732983 0.070355
0.054985 4.775613 0.072353
0.055491 4.766138 0.073599
0.055998 4.692289 0.070888
0.056505 4.685291 0.067794
0.057012 4.678317 0.068212
0.057519 4.813385 0.070185
0.058025 4.659116 0.070297
0.058532 4.591054 0.065697
0.059039 4.619029 0.066565
0.059546 4.599803 0.068414
0.060052 4.774761 0.066123
0.060559 4.701071 0.069261
0.061066 4.733216 0.068809
0.061573 4.706003 0.066044
0.062079 4.587892 0.068529
0.062586 4.776636 0.067443
0.063093 4.626313 0.066506
0.063600 4.663334 0.066006
0.064106 4.559104 0.067426
0.064613 4.634643 0.062301
0.065120 4.595725 0.063549
0.065627 4.662594 0.062137
0.066134 4.661681 0.065947
0.066640 4.628051 0.063900
0.067147 4.585319 0.063578
0.067654 4.608960 0.064597
0.068161 4.545064 0.064122
0.068667 4.542637 0.059069
0.069174 4.583093 0.064730
0.069681 4.596681 0.061136
0.070188 4.532832 0.058095
0.070694 4.555784 0.062349
0.071201 4.577168 0.061194
0.071708 4.501731 0.062409
0.072215 4.576581 0.060740
0.072721 4.465796 0.059544
0.073228 4.629601 0.061334
0.073735 4.505740 0.060288
0.074242 4.422080 0.058060
0.074748 4.458824 0.060114
0.075255 4.446747 0.057825
0.075762 4.440310 0.059131
0.076269 4.449439 0.057266
0.076776 4.506531 0.060123
0.077282 4.510174 0.057633
0.077789 4.379465 0.058776
0.078296 4.565869 0.057297
0.078803 4.489191 0.056126
0.079309 4.523272 0.057228
0.079816 4.375980 0.059129
0.080323 4.327388 0.056357
0.080830 4.421149 0.055881
0.081336 4.478510 0.058953
0.081843 4.500767 0.057628
0.082350 4.480094 0.059643
0.082857 4.443004 0.055892
0.083363 4.497618 0.059586
0.083870 4.484501 0.059350
0.084377 4.384607 0.057626
0.084884 4.434623 0.059113
0.085390 4.415093 0.057275
0.085897 4.473478 0.058776
0.086404 4.382029 0.061141
0.086911 4.447887 0.059290
0.087417 4.484946 0.059373
0.087924 4.404732 0.058969
0.088431 4.401016 0.057964
0.088938 4.413487 0.059227
0.089444 4.476542 0.059772
0.089951 4.344506 0.057256
0.090458 4.434556 0.058789
0.090965 4.394155 0.060338
0.091471 4.461739 0.057603
0.091978 4.489660 0.058453
0.092485 4.452235 0.058555
0.092992 4.459667 0.056371
0.093498 4.330372 0.057368
0.094005 4.329805 0.059859
0.094512 4.320822 0.057027
0.095019 4.388283 0.057548
0.095525 4.326063 0.058164
0.096032 4.307412 0.058114
0.096539 4.358499 0.058703
0.097046 4.411571 0.059593
0.097552 4.411960 0.058123
0.098059 4.346653 0.054115
0.098566 4.449560 0.056589
0.099073 4.364397 0.057415
0.099579 4.298867 0.057344
0.100086 4.333280 0.058868
0.100593 4.378962 0.054451
0.101100 4.423393 0.055921
0.101606 4.428546 0.056151
0.102113 4.334091 0.055183
0.102620 4.350132 0.058380
0.103127 4.314372 0.056482
0.103633 4.272134 0.056894
0.104140 4.398623 0.057122
0.104647 4.382550 0.058397
0.105154 4.318867 0.059275
0.105660 4.362468 0.055397
0.106167 4.335739 0.056981
0.106674 4.245376 0.055302
0.107181 4.312314 0.054422
0.107687 4.345131 0.052416
0.108194 4.273006 0.053935
0.108701 4.246328 0.051415
0.109208 4.248877 0.053360
0.109714 4.301072 0.052282
0.110221 4.287170 0.051910
0.110728 4.298703 0.051057
0.111235 4.282158 0.053683
0.111741 4.230265 0.052600
0.112248 4.285195 0.052225
0.112755 4.186043 0.051117
0.113262 4.243924 0.051736
0.113768 4.227685 0.051712
0.114275 4.224292 0.051420
0.114782 4.202996 0.050578
0.115289 4.239266 0.050109
0.115795 4.283401 0.050082
0.116302 4.241551 0.049094
0.116809 4.337426 0.051122
0.117316 4.138651 0.047374
0.117822 4.253016 0.048826
0.118329 4.207486 0.050280
0.118836 4.210540 0.048869
0.119342 4.185938 0.048225
0.119849 4.149750 0.048955
0.120356 4.226126 0.047652
0.120863 4.224428 0.047315
0.121369 4.179383 0.047951
0.121876 4.212309 0.047340
0.122383 4.299397 0.046595
0.122890 4.202904 0.048514
0.123396 4.139475 0.047953
0.123903 4.222426 0.048058
0.124410 4.180928 0.046371
0.124917 4.209224 0.046177
0.125423 4.168500 0.045637
0.125930 4.164317 0.047760
0.126437 4.197148 0.046810
0.126944 4.223136 0.045347
0.127450 4.180120 0.045081
0.127957 4.291763 0.047688
0.128464 4.172949 0.046506
0.128970 4.151055 0.045470
0.129477 4.221840 0.045251
0.129984 4.213972 0.045321
0.130491 4.242660 0.045623
0.130997 4.224923 0.044997
0.131504 4.153444 0.043273
0.132011 4.174712 0.044464
0.132518 4.179403 0.044392
0.133024 4.132276 0.043542
0.133531 4.151500 0.044128
0.134038 4.152845 0.043953
0.134545 4.227980 0.043617
0.135051 4.136952 0.044200
0.135558 4.238708 0.043338
0.136065 4.155710 0.043135
0.136571 4.181796 0.042330
0.137078 4.172643 0.044392
0.137585 4.150866 0.043949
0.138092 4.133332 0.043428
0.138598 4.119668 0.042645
0.139105 4.132341 0.043451
0.139612 4.209144 0.043096
0.140119 4.181335 0.042968
0.140625 4.110345 0.043522
0.141132 4.201730 0.042923
0.141639 4.207891 0.042598
0.142145 4.141988 0.042641
0.142652 4.052571 0.042363
0.143159 4.162723 0.042902
0.143666 4.114212 0.042225
0.144172 4.108393 0.041196
0.144679 4.193735 0.042548
0.145186 4.119728 0.041480
0.145692 4.209311 0.041509
0.146199 4.070443 0.042026
0.146706 4.117314 0.041111
0.147213 4.166570 0.041431
0.147719 4.007272 0.041196
0.148226 4.157649 0.042018
0.148733 4.176653 0.040924
0.149240 4.158017 0.041590
0.149746 4.095580 0.040583
0.150253 4.152143 0.040330
0.150760 4.118284 0.040279
0.151266 4.088438 0.039606
0.151773 4.131855 0.040346
0.152280 4.097589 0.040174
0.152787 4.104953 0.041401
0.153293 4.115090 0.039954
0.153800 4.172099 0.040411
0.154307 4.132447 0.039346
0.154813 4.140529 0.040754
0.155320 4.128412 0.040354
0.155827 4.112973 0.039945
0.156334 4.103533 0.040745
0.156840 4.024782 0.039246
0.157347 4.086996 0.039254
0.157854 4.046449 0.038574
0.158360 4.034538 0.039698
0.158867 4.080740 0.038892
0.159374 4.078819 0.039759
0.159881 4.046625 0.039665
0.160387 4.060021 0.040300
0.160894 4.059318 0.039516
0.161401 4.102852 0.039067
0.161907 4.039920 0.039202
0.162414 4.053617 0.038563
0.162921 4.129253 0.039246
0.163427 4.019992 0.037728
0.163934 4.056051 0.039178
0.164441 4.097463 0.038565
0.164948 3.991145 0.038012
0.165454 4.064131 0.038403
0.165961 4.001705 0.037697
0.166468 4.033152 0.038542
0.166974 4.109632 0.039026
0.167481 4.089850 0.039246
0.167988 4.008729 0.037533
0.168495 4.056826 0.038681
0.169001 4.155234 0.039243
0.169508 4.000691 0.039077
0.170015 4.020177 0.038305
0.170521 4.041697 0.038792
0.171028 4.059419 0.037689
0.171535 3.979296 0.038354
0.172041 4.028207 0.038783
0.172548 4.068943 0.038732
0.173055 3.936045 0.037880
0.173562 4.004682 0.039224
0.174068 3.983090 0.039103
0.174575 3.999673 0.039936
0.175082 3.957253 0.038469
0.175588 4.009849 0.039135
0.176095 4.011808 0.039330
0.176602 4.047668 0.039283
0.177108 3.985495 0.039585
0.177615 4.002572 0.038292
0.178122 4.000282 0.039446
0.178629 4.016967 0.039131
0.179135 4.053687 0.039472
0.179642 3.969522 0.037949
0.180149 4.026979 0.038023
0.180655 3.962294 0.038706
0.181162 4.053029 0.039988
0.181669 3.982648 0.039256
0.182175 4.046542 0.040245
0.182682 4.009310 0.040242
0.183189 4.015548 0.040166
0.183695 4.023068 0.039550
0.184202 4.048610 0.041279
0.184709 4.025576 0.040983
0.185216 4.069348 0.040537
0.185722 4.003675 0.041146
0.186229 3.968964 0.041048
0.186736 4.040662 0.041425
0.187242 4.017428 0.040606
0.187749 3.994200 0.041018
0.188256 4.014287 0.041643
0.188762 4.017699 0.041397
0.189269 3.960053 0.041704
0.189776 3.988335 0.040787
0.190282 3.932217 0.040830
0.190789 4.053138 0.041264
0.191296 3.987808 0.041846
0.191802 3.941601 0.041524
0.192309 4.117219 0.042395
0.192816 4.030393 0.040835
0.193323 3.981452 0.041479
0.193829 4.006297 0.042988
0.194336 3.984870 0.042560
0.194843 3.994560 0.041572
0.195349 3.982263 0.042330
0.195856 3.998273 0.042469
0.196363 3.961373 0.042250
0.196869 4.055966 0.041894
0.197376 3.982957 0.042133
0.197883 4.019760 0.041681
0.198389 3.949639 0.042402
0.198896 3.981435 0.042903
0.199403 3.944754 0.042672
0.199909 3.970397 0.041794
0.200416 3.969408 0.041666
0.200923 3.953176 0.042765
0.201429 4.011374 0.042082
0.201936 3.995219 0.042514
0.202443 3.941741 0.041481
0.202949 3.889952 0.041919
0.203456 3.978578 0.042524
0.203963 3.925361 0.042619
0.204469 3.949772 0.042454
0.204976 3.984670 0.042389
0.205483 3.925609 0.042379
0.205989 4.023634 0.043161
0.206496 3.937216 0.042313
0.207003 4.001985 0.043953
0.207509 3.980076 0.043082
0.208016 3.958738 0.043432
0.208523 3.927696 0.043467
0.209029 3.927133 0.042846
0.209536 3.980445 0.041917
0.210043 3.975415 0.042793
0.210549 3.928284 0.041781
0.211056 3.976531 0.042927
0.211563 3.901713 0.041961
0.212069 3.977833 0.043890
0.212576 3.906385 0.042057
0.213083 3.906228 0.041467
0.213589 3.864646 0.041871
0.214096 3.922110 0.042245
0.214603 3.872779 0.042063
0.215109 3.916169 0.042273
0.215616 3.930031 0.042663
0.216123 3.944187 0.041427
0.216629 3.863385 0.041576
0.217136 3.865447 0.041815
0.217643 3.901283 0.042699
0.218149 3.920630 0.041971
0.218656 4.014702 0.044292
0.219163 3.935848 0.041327
0.219669 3.907321 0.042814
0.220176 3.842241 0.041810
0.220683 3.927391 0.041081
0.221189 3.857238 0.040886
0.221696 3.857476 0.043321
0.222203 3.923852 0.041788
0.222709 3.916675 0.042500
0.223216 3.896073 0.041738
0.223722 3.910957 0.042640
0.224229 3.927101 0.041889
0.224736 3.914728 0.041028
0.225242 3.916807 0.042006
0.225749 3.821495 0.040507
0.226256 3.910041 0.041192
0.226762 3.912659 0.041599
0.227269 3.891313 0.040617
0.227776 3.895731 0.040701
0.228282 3.838858 0.040008
0.228789 3.930665 0.041538
0.229296 3.850567 0.039668
0.229802 3.919215 0.039494
0.230309 3.853031 0.040883
0.230816 3.870877 0.040745
0.231322 3.812242 0.039233
0.231829 3.917537 0.041560
0.232335 3.814666 0.039445
0.232842 3.864162 0.039223
0.233349 3.855694 0.039087
0.233855 3.864520 0.039023
0.234362 3.890944 0.039816
0.234869 3.832551 0.039073
0.235375 3.902186 0.039173
0.235882 3.775950 0.039121
0.236389 3.947586 0.040237
0.236895 3.856989 0.038074
0.237402 3.833219 0.038469
0.237908 3.844038 0.038278
0.238415 3.923580 0.038824
0.238922 3.821218 0.039061
0.239428 3.894395 0.038978
0.239935 3.835663 0.038983
0.240442 3.818878 0.038833
0.240948 3.819992 0.037649
0.241455 3.882626 0.038011
0.241962 3.832015 0.037568
0.242468 3.818075 0.037839
0.242975 3.826604 0.037819
0.243481 3.844582 0.037412
0.243988 3.773362 0.038009
0.244495 3.815087 0.037579
0.245001 3.802149 0.037101
0.245508 3.822125 0.037161
0.246015 3.827246 0.037482
0.246521 3.817795 0.036818
0.247028 3.807917 0.037567
0.247534 3.775515 0.037292
0.248041 3.870678 0.037693
0.248548 3.808478 0.037525
0.249054 3.818004 0.037952
0.249561 3.777104 0.037045
0.250068 3.725892 0.037079
0.250574 3.782178 0.035498
0.251081 3.827553 0.036864
0.251587 3.777239 0.037123
0.252094 3.813862 0.036182
0.252601 3.806503 0.036879
0.253107 3.830782 0.036059
0.253614 3.867567 0.037438
0.254120 3.736163 0.036522
0.254627 3.775727 0.036230
0.255134 3.825022 0.037570
0.255640 3.825471 0.036797
0.256147 3.737336 0.035794
0.256654 3.823662 0.035978
0.257160 3.801959 0.035767
0.257667 3.743883 0.035129
0.258173 3.786855 0.036126
0.258680 3.756826 0.034925
0.259187 3.775909 0.035271
0.259693 3.832828 0.035602
0.260200 3.856320 0.036028
0.260706 3.765825 0.035047
0.261213 3.726514 0.035479
0.261720 3.740890 0.035425
0.262226 3.719114 0.034974
0.262733 3.800741 0.035270
0.263239 3.755837 0.035346
0.263746 3.755892 0.035023
0.264253 3.739969 0.034303
0.264759 3.774924 0.034938
0.265266 3.738775 0.034727
0.265772 3.817208 0.035266
0.266279 3.755369 0.035029
0.266786 3.787532 0.034614
0.267292 3.759447 0.035377
0.267799 3.707286 0.033793
0.268305 3.751240 0.033920
0.268812 3.721815 0.033844
0.269319 3.816209 0.034889
0.269825 3.785553 0.033527
0.270332 3.710852 0.034223
0.270838 3.751925 0.034965
0.271345 3.776684 0.034807
0.271852 3.723984 0.033749
0.272358 3.765100 0.034207
0.272865 3.658832 0.033647
0.273371 3.728049 0.034443
0.273878 3.703551 0.033898
0.274385 3.715921 0.034242
0.274891 3.640632 0.033364
0.275398 3.721415 0.033560
0.275904 3.756600 0.034149
0.276411 3.742612 0.034145
0.276917 3.730365 0.033623
0.277424 3.741415 0.034080
0.277931 3.753709 0.033814
0.278437 3.710961 0.032860
0.278944 3.674860 0.032617
0.279450 3.744406 0.034551
0.279957 3.687152 0.032977
0.280464 3.699461 0.032935
0.280970 3.731139 0.032719
0.281477 3.647946 0.033627
0.281983 3.716509 0.033704
0.282490 3.676152 0.033402
0.282996 3.725309 0.033017
0.283503 3.717469 0.033594
0.284010 3.676380 0.033078
0.284516 3.689037 0.033081
0.285023 3.738631 0.032930
0.285529 3.692703 0.032816
0.286036 3.703298 0.032749
0.286542 3.667075 0.032875
0.287049 3.715749 0.032935
0.287556 3.702941 0.033219
0.288062 3.681731 0.033250
0.288569 3.709420 0.032715
0.289075 3.706880 0.032757
0.289582 3.729967 0.033160
0.290088 3.658309 0.033275
0.290595 3.660783 0.032588
0.291102 3.670130 0.033479
0.291608 3.695189 0.033191
0.292115 3.624576 0.031929
0.292621 3.677503 0.033533
0.293128 3.653945 0.033116
0.293634 3.713129 0.032639
0.294141 3.633612 0.032822
0.294647 3.640822 0.033033
0.295154 3.678109 0.033697
0.295661 3.647632 0.032114
0.296167 3.666787 0.033308
0.296674 3.644336 0.032692
0.297180 3.645014 0.032744
0.297687 3.629647 0.033645
0.298193 3.618145 0.032152
0.298700 3.662857 0.033464
0.299206 3.658866 0.033303
0.299713 3.589926 0.032430
0.300220 3.613774 0.032231
0.300726 3.683061 0.032372
0.301233 3.622168 0.032563
0.301739 3.623301 0.032458
0.302246 3.619089 0.032430
0.302752 3.597344 0.032643
0.303259 3.657892 0.032940
0.303765 3.622860 0.032335
0.304272 3.588071 0.032883
0.304779 3.592015 0.032622
0.305285 3.603795 0.032666
0.305792 3.579373 0.033346
0.306298 3.615530 0.032680
0.306805 3.579283 0.032001
0.307311 3.582613 0.032031
0.307818 3.632164 0.032605
0.308324 3.654360 0.033241
0.308831 3.656359 0.032740
0.309337 3.582662 0.032572
0.309844 3.586836 0.032337
0.310350 3.609352 0.033927
0.310857 3.605368 0.032436
0.311364 3.567219 0.033610
0.311870 3.622619 0.033917
0.312377 3.587689 0.034288
0.312883 3.612761 0.034530
0.313390 3.574190 0.034149
0.313896 3.657162 0.035207
0.314403 3.594909 0.033955
0.314909 3.655761 0.035487
0.315416 3.619546 0.034701
0.315922 3.624747 0.034986
0.316429 3.647289 0.035043
0.316935 3.626164 0.035965
0.317442 3.680031 0.035576
0.317948 3.545940 0.034544
0.318455 3.606720 0.035008
0.318961 3.610447 0.035577
0.319468 3.593690 0.035346
0.319975 3.647242 0.035089
0.320481 3.610206 0.035755
0.320988 3.609114 0.036311
0.321494 3.596197 0.036278
0.322001 3.600940 0.035616
0.322507 3.607163 0.035509
0.323014 3.652781 0.036017
0.323520 3.557819 0.035446
0.324027 3.608743 0.035877
0.324533 3.666405 0.035737
0.325040 3.599124 0.034973
0.325546 3.601453 0.034897
0.326053 3.583492 0.035309
0.326559 3.580213 0.034936
0.327066 3.529494 0.035630
0.327572 3.589138 0.034435
0.328079 3.583404 0.034904
0.328585 3.548520 0.035279
0.329092 3.619868 0.035467
0.329598 3.594608 0.036060
0.330105 3.628513 0.035503
0.330611 3.582147 0.035089
0.331118 3.582358 0.036429
0.331624 3.532165 0.035199
0.332131 3.606981 0.034556
0.332637 3.589296 0.036309
0.333144 3.616468 0.036229
0.333650 3.615193 0.037306
0.334157 3.546378 0.035800
0.334663 3.620261 0.035834
0.335170 3.557494 0.035444
0.335676 3.584748 0.036125
0.336183 3.578367 0.036309
0.336689 3.587114 0.036199
0.337196 3.604303 0.036146
0.337702 3.567218 0.036881
0.338209 3.578870 0.036879
0.338715 3.546925 0.036067
0.339222 3.548722 0.036153
0.339728 3.646626 0.037339
0.340235 3.540339 0.035698
0.340741 3.604688 0.036826
0.341248 3.516463 0.035590
0.341754 3.566693 0.036108
0.342261 3.622876 0.036633
0.342767 3.603488 0.036019
0.343274 3.633933 0.036159
0.343780 3.559138 0.036150
0.344287 3.534255 0.036018
0.344793 3.544840 0.036303
0.345300 3.591970 0.037255
0.345806 3.586061 0.037135
0.346313 3.556550 0.037459
0.346819 3.551679 0.035950
0.347325 3.534792 0.036442
0.347832 3.552405 0.036457
0.348338 3.549112 0.036346
0.348845 3.584296 0.036922
0.349351 3.537988 0.036448
0.349858 3.566648 0.036828
0.350364 3.501364 0.036145
0.350871 3.502516 0.036658
0.351377 3.514126 0.037033
0.351884 3.496099 0.035833
0.352390 3.461267 0.036617
0.352897 3.550426 0.036928
0.353403 3.492563 0.037264
0.353910 3.498685 0.037149
0.354416 3.479830 0.037272
0.354923 3.516836 0.035150
0.355429 3.478993 0.035664
0.355935 3.551095 0.036014
0.356442 3.519315 0.035458
0.356948 3.548332 0.035343
0.357455 3.550861 0.034692
0.357961 3.529239 0.034936
0.358468 3.457520 0.034839
0.358974 3.510903 0.035265
0.359481 3.556143 0.035385
0.359987 3.549361 0.035802
0.360494 3.494079 0.034982
0.361000 3.506267 0.035885
0.361506 3.552644 0.035452
0.362013 3.496321 0.036162
0.362519 3.559076 0.035593
0.363026 3.492208 0.035647
0.363532 3.526137 0.035429
0.364039 3.482008 0.035871
0.364545 3.463941 0.035115
0.365052 3.547969 0.036320
0.365558 3.514332 0.036151
0.366064 3.498977 0.035034
0.366571 3.458501 0.034979
0.367077 3.518977 0.036216
0.367584 3.587824 0.038290
0.368090 3.525356 0.036284
0.368597 3.520286 0.037072
0.369103 3.487308 0.036262
0.369610 3.509211 0.037299
0.370116 3.500876 0.037950
0.370622 3.514064 0.036889
0.371129 3.487390 0.036683
0.371635 3.463940 0.037352
0.372142 3.409851 0.036939
0.372648 3.450425 0.038448
0.373155 3.516370 0.038430
0.373661 3.442386 0.038399
0.374167 3.481292 0.037149
0.374674 3.499193 0.037957
0.375180 3.501512 0.038086
0.375687 3.430038 0.038603
0.376193 3.570536 0.039952
0.376700 3.505188 0.039016
0.377206 3.478277 0.039280
0.377712 3.538218 0.038833
0.378219 3.516182 0.039163
0.378725 3.419854 0.038583
0.379232 3.521919 0.039020
0.379738 3.420991 0.039553
0.380245 3.504932 0.039400
0.380751 3.532374 0.040004
0.381257 3.474412 0.038779
0.381764 3.497497 0.040437
0.382270 3.397413 0.038517
0.382777 3.444769 0.039974
0.383283 3.519838 0.040853
0.383789 3.406233 0.039518
0.384296 3.390122 0.040703
0.384802 3.473197 0.040954
0.385309 3.497193 0.041448
0.385815 3.437035 0.040186
0.386321 3.479569 0.041347
0.386828 3.491851 0.042691
0.387334 3.468011 0.041932
0.387841 3.443208 0.041463
0.388347 3.415073 0.043087
0.388853 3.448363 0.042796
0.389360 3.477880 0.041386
0.389866 3.415279 0.042426
0.390373 3.441827 0.043721
0.390879 3.422854 0.042852
0.391385 3.393092 0.043715
0.391892 3.470553 0.043685
0.392398 3.400089 0.042915
0.392905 3.472018 0.044970
0.393411 3.379448 0.044664
0.393917 3.358689 0.043340
0.394424 3.416708 0.047804
0.394930 3.458821 0.046547
0.395437 3.418804 0.044558
0.395943 3.454504 0.045266
0.396449 3.427126 0.045261
0.396956 3.434874 0.047287
0.397462 3.428153 0.046162
0.397969 3.417985 0.045165
0.398475 3.461315 0.046484
0.398981 3.477297 0.046603
0.399488 3.444143 0.048538
0.399994 3.346820 0.045938
0.400500 3.453674 0.048303
0.401007 3.465162 0.047776
0.401513 3.450656 0.046046
0.402020 3.432424 0.048386
0.402526 3.358206 0.048932
0.403032 3.449931 0.049130
0.403539 3.369550 0.048343
0.404045 3.473930 0.048524
0.404551 3.460929 0.048633
0.405058 3.368047 0.050060
0.405564 3.382973 0.048588
0.406071 3.336390 0.049921
0.406577 3.374114 0.049135
0.407083 3.431762 0.050576
0.407590 3.320098 0.049735
0.408096 3.356052 0.047770
0.408602 3.299994 0.049459
0.409109 3.319411 0.049413
0.409615 3.434536 0.049152
0.410121 3.364501 0.049556
0.410628 3.419637 0.051005
0.411134 3.396358 0.050139
0.411641 3.408844 0.051215
0.412147 3.381653 0.051035
0.412653 3.268759 0.049532
0.413160 3.279029 0.050196
0.413666 3.300358 0.050779
0.414172 3.429234 0.052238
0.414679 3.335541 0.052333
0.415185 3.369555 0.052590
0.415691 3.220163 0.052885
0.416198 3.349830 0.051346
0.416704 3.336030 0.051450
0.417210 3.278161 0.053136
0.417717 3.357985 0.052314
0.418223 3.315829 0.052737
0.418729 3.305631 0.050778
0.419236 3.341135 0.052143
0.419742 3.399298 0.050837
0.420248 3.475740 0.052438
0.420755 3.365419 0.054923
0.421261 3.358215 0.054031
0.421767 3.373466 0.053797
0.422274 3.260964 0.050414
0.422780 3.339150 0.052761
0.423286 3.242305 0.054398
0.423793 3.259285 0.052099
0.424299 3.437271 0.055686
0.424805 3.185039 0.054315
0.425312 3.336216 0.056550
0.425818 3.344029 0.055156
0.426324 3.345283 0.057835
0.426831 3.233708 0.055378
0.427337 3.221297 0.054965
0.427843 3.317695 0.056971
0.428350 3.387958 0.057959
0.428856 3.412117 0.054931
0.429362 3.302154 0.056750
0.429869 3.373824 0.059754
0.430375 3.253571 0.058687
0.430881 3.282444 0.057708
0.431388 3.388317 0.061453
0.431894 3.336225 0.061995
0.432400 3.221322 0.057911
0.432907 3.345853 0.060864
0.433413 3.336681 0.061092
0.433919 3.336435 0.062786
0.434425 3.423173 0.061023
0.434932 3.282088 0.066942
0.435438 3.229426 0.065479
0.435944 3.372261 0.064171
0.436451 3.274213 0.062188
0.436957 3.273253 0.064138
0.437463 3.368820 0.068190
0.437970 3.342890 0.069440
0.438476 3.255496 0.064482
0.438982 3.336743 0.064922
0.439488 3.224761 0.069223
0.439995 3.334549 0.069529
