0.009882 109.083728 24.511877
0.010389 73.291958 13.690010
0.010896 70.346463 12.987786
0.011402 57.091186 10.443896
0.011909 34.087899 5.976267
0.012416 40.409322 6.275507
0.012923 27.479624 3.698368
0.013430 24.500166 3.703834
0.013936 19.884760 2.470050
0.014443 18.521513 1.751698
0.014950 16.703266 1.016327
0.015457 15.246712 0.828976
0.015963 14.745483 0.679251
0.016470 13.300750 0.558044
0.016977 12.348706 0.419089
0.017484 11.756893 0.376948
0.017990 10.895656 0.292915
0.018497 10.198152 0.237837
0.019004 10.162818 0.238781
0.019511 9.206273 0.213853
0.020018 9.342999 0.206083
0.020524 8.591231 0.181680
0.021031 8.315929 0.175235
0.021538 8.000141 0.170359
0.022045 7.800144 0.159318
0.022551 7.470935 0.165113
0.023058 7.441709 0.159919
0.023565 7.226861 0.144486
0.024072 6.941330 0.145609
0.024579 6.988465 0.147945
0.025085 6.858890 0.134053
0.025592 6.787636 0.125504
0.026099 6.566928 0.131702
0.026606 6.566411 0.126413
0.027112 6.397648 0.134934
0.027619 6.273791 0.117033
0.028126 6.392628 0.125741
0.028633 6.144379 0.118473
0.029139 6.096089 0.117711
0.029646 6.118774 0.114354
0.030153 5.987165 0.115976
0.030660 5.838223 0.113818
0.031167 5.732822 0.105391
0.031673 5.726928 0.104306
0.032180 5.790552 0.102216
0.032687 5.697203 0.104676
0.033194 5.857390 0.105581
0.033700 5.607666 0.106088
0.034207 5.570061 0.095691
0.034714 5.700818 0.105016
0.035221 5.433592 0.102421
0.035727 5.335976 0.093867
0.036234 5.136375 0.093198
0.036741 5.342336 0.095609
0.037248 5.269963 0.091254
0.037755 5.254069 0.094791
0.038261 5.200973 0.091120
0.038768 5.207538 0.081943
0.039275 5.133531 0.084727
0.039782 5.277121 0.092268
0.040288 5.165122 0.087114
0.040795 5.239772 0.085641
0.041302 5.198160 0.087897
0.041809 5.183555 0.088897
0.042315 5.166019 0.085223
0.042822 5.034379 0.082981
0.043329 4.907021 0.087841
0.043836 5.167295 0.086315
0.044343 5.014346 0.082844
0.044849 5.007381 0.084746
0.045356 5.006054 0.082179
0.045863 4.960346 0.081928
0.046370 4.970842 0.081491
0.046876 4.955086 0.080324
0.047383 4.923401 0.078456
0.047890 4.837484 0.082461
0.048397 4.839815 0.080423
0.048903 4.817703 0.080345
0.049410 4.926343 0.078649
0.049917 4.762186 0.074502
0.050424 4.840874 0.076866
0.050931 4.766694 0.072174
0.051437 4.694162 0.072353
0.051944 4.870072 0.075237
0.052451 4.737973 0.072734
0.052958 4.849429 0.073584
0.053464 4.745374 0.071058
0.053971 4.731789 0.072226
0.054478 4.648247 0.071676
0.054985 4.871392 0.071008
0.055491 4.813709 0.071672
0.055998 4.800145 0.073027
0.056505 4.708648 0.069074
0.057012 4.799317 0.070836
0.057519 4.702982 0.070340
0.058025 4.671884 0.069894
0.058532 4.519907 0.067387
0.059039 4.585933 0.064447
0.059546 4.762016 0.067561
0.060052 4.683383 0.068340
0.060559 4.741562 0.066563
0.061066 4.600463 0.064845
0.061573 4.706969 0.067079
0.062079 4.661547 0.067460
0.062586 4.633475 0.067870
0.063093 4.568556 0.065053
0.063600 4.555538 0.064450
0.064106 4.668350 0.066711
0.064613 4.630897 0.064358
0.065120 4.646944 0.065952
0.065627 4.707147 0.065289
0.066134 4.514893 0.064495
0.066640 4.616316 0.066531
0.067147 4.506123 0.062965
0.067654 4.608960 0.062338
0.068161 4.691108 0.064738
0.068667 4.546050 0.059203
0.069174 4.512584 0.062971
0.069681 4.611832 0.063558
0.070188 4.562676 0.062512
0.070694 4.515541 0.058854
0.071201 4.516139 0.061689
0.071708 4.587869 0.062682
0.072215 4.630868 0.062075
0.072721 4.572005 0.061744
0.073228 4.494459 0.061655
0.073735 4.556070 0.061005
0.074242 4.502161 0.060557
0.074748 4.618502 0.062404
0.075255 4.564796 0.061424
0.075762 4.532496 0.059507
0.076269 4.605724 0.059737
0.076776 4.491590 0.058443
0.077282 4.579445 0.058916
0.077789 4.434524 0.054884
0.078296 4.481246 0.058873
0.078803 4.568705 0.057227
0.079309 4.475860 0.057278
0.079816 4.554848 0.058144
0.080323 4.554959 0.057625
0.080830 4.598212 0.056877
0.081336 4.472948 0.058608
0.081843 4.473626 0.058924
0.082350 4.522269 0.060612
0.082857 4.462664 0.058139
0.083363 4.500811 0.058321
0.083870 4.478926 0.056993
0.084377 4.472379 0.057941
0.084884 4.434623 0.057432
0.085390 4.506386 0.058882
0.085897 4.473478 0.059357
0.086404 4.447231 0.057706
0.086911 4.527428 0.057414
0.087417 4.513035 0.057158
0.087924 4.450517 0.057242
0.088431 4.448424 0.057938
0.088938 4.506502 0.059005
0.089444 4.457126 0.057835
0.089951 4.414696 0.057415
0.090458 4.379808 0.057754
0.090965 4.438922 0.058309
0.091471 4.347592 0.057061
0.091978 4.443976 0.058506
0.092485 4.255212 0.055085
0.092992 4.368309 0.056073
0.093498 4.449163 0.059119
0.094005 4.347216 0.056595
0.094512 4.365911 0.059171
0.095019 4.428359 0.057278
0.095525 4.388973 0.060369
0.096032 4.400504 0.056817
0.096539 4.462798 0.056237
0.097046 4.301952 0.057835
0.097552 4.380034 0.057830
0.098059 4.461707 0.055056
0.098566 4.372491 0.058188
0.099073 4.282236 0.058481
0.099579 4.406508 0.056931
0.100086 4.309479 0.055960
0.100593 4.358744 0.057099
0.101100 4.403983 0.056838
0.101606 4.267979 0.055580
0.102113 4.442928 0.056767
0.102620 4.382231 0.055757
0.103127 4.318927 0.057734
0.103633 4.268390 0.056766
0.104140 4.364737 0.057913
0.104647 4.321300 0.056391
0.105154 4.333636 0.057833
0.105660 4.278398 0.056099
0.106167 4.293510 0.055010
0.106674 4.350842 0.056885
0.107181 4.342435 0.056503
0.107687 4.330357 0.054350
0.108194 4.350288 0.055424
0.108701 4.253820 0.054547
0.109208 4.269463 0.053486
0.109714 4.250982 0.053028
0.110221 4.378540 0.052114
0.110728 4.373395 0.050947
0.111235 4.276265 0.051390
0.111741 4.290575 0.051484
0.112248 4.234098 0.050845
0.112755 4.273069 0.049851
0.113262 4.270385 0.051160
0.113768 4.273447 0.051935
0.114275 4.243379 0.049553
0.114782 4.253386 0.051393
0.115289 4.195475 0.050090
0.115795 4.279803 0.050580
0.116302 4.224705 0.049384
0.116809 4.299036 0.049077
0.117316 4.254748 0.048051
0.117822 4.225660 0.049451
0.118329 4.242187 0.049148
0.118836 4.212306 0.050010
0.119342 4.258747 0.048830
0.119849 4.266304 0.049540
0.120356 4.230718 0.048821
0.120863 4.197008 0.048965
0.121369 4.250892 0.047982
0.121876 4.272310 0.047496
0.122383 4.237371 0.047627
0.122890 4.154065 0.047435
0.123396 4.304880 0.048342
0.123903 4.239812 0.048313
0.124410 4.294244 0.046875
0.124917 4.248463 0.046903
0.125423 4.198306 0.045231
0.125930 4.275795 0.047729
0.126437 4.211840 0.045488
0.126944 4.149591 0.045419
0.127450 4.252417 0.047648
0.127957 4.235368 0.047878
0.128464 4.218791 0.045806
0.128970 4.280453 0.044971
0.129477 4.284695 0.046416
0.129984 4.214974 0.045407
0.130491 4.166545 0.044787
0.130997 4.235887 0.046260
0.131504 4.226628 0.042974
0.132011 4.185493 0.045968
0.132518 4.202278 0.045031
0.133024 4.150781 0.043333
0.133531 4.227551 0.043544
0.134038 4.200130 0.044616
0.134545 4.082449 0.042771
0.135051 4.187483 0.044409
0.135558 4.260670 0.045049
0.136065 4.242708 0.042171
0.136571 4.159434 0.043012
0.137078 4.167542 0.043409
0.137585 4.129733 0.042134
0.138092 4.226877 0.042928
0.138598 4.171375 0.042799
0.139105 4.183708 0.043566
0.139612 4.232649 0.042689
0.140119 4.196306 0.042763
0.140625 4.146103 0.043062
0.141132 4.151736 0.041711
0.141639 4.199895 0.042550
0.142145 4.110935 0.041332
0.142652 4.126293 0.043078
0.143159 4.148058 0.041960
0.143666 4.107247 0.041873
0.144172 4.218773 0.042019
0.144679 4.047682 0.041081
0.145186 4.090974 0.040341
0.145692 4.196838 0.042304
0.146199 4.091527 0.042226
0.146706 4.162058 0.041044
0.147213 4.099169 0.041526
0.147719 4.180695 0.043149
0.148226 4.177456 0.041962
0.148733 4.153417 0.041480
0.149240 4.076592 0.041554
0.149746 4.090534 0.040097
0.150253 4.142400 0.041445
0.150760 4.154326 0.039413
0.151266 4.166317 0.040194
0.151773 4.088681 0.039774
0.152280 4.161061 0.041421
0.152787 4.149849 0.041842
0.153293 4.131017 0.041643
0.153800 4.096709 0.041605
0.154307 4.104195 0.040424
0.154813 4.077231 0.040856
0.155320 4.118761 0.039157
0.155827 4.109819 0.040635
0.156334 4.111555 0.039252
0.156840 4.120488 0.039521
0.157347 4.114713 0.039660
0.157854 4.047632 0.039103
0.158360 4.114679 0.040214
0.158867 4.064752 0.038733
0.159374 4.007402 0.037818
0.159881 4.079496 0.039908
0.160387 4.195186 0.040193
0.160894 4.114235 0.039416
0.161401 4.105904 0.039272
0.161907 4.105833 0.039810
0.162414 4.050189 0.039216
0.162921 4.115982 0.038404
0.163427 4.069780 0.038911
0.163934 4.074820 0.037945
0.164441 4.067755 0.038990
0.164948 4.070392 0.037984
0.165454 4.083216 0.038117
0.165961 3.999497 0.036968
0.166468 4.059758 0.038385
0.166974 4.016189 0.038065
0.167481 4.066904 0.038244
0.167988 3.976155 0.037322
0.168495 4.016018 0.037048
0.169001 3.991492 0.038863
0.169508 4.081474 0.038267
0.170015 4.084062 0.039414
0.170521 4.005669 0.039198
0.171028 4.116594 0.038271
0.171535 4.055511 0.038430
0.172041 4.019306 0.038922
0.172548 4.025550 0.039201
0.173055 4.061021 0.038718
0.173562 4.011584 0.039242
0.174068 4.053059 0.039868
0.174575 3.987979 0.039121
0.175082 4.034268 0.038626
0.175588 4.064304 0.039299
0.176095 4.056473 0.038516
0.176602 3.991613 0.038680
0.177108 3.971928 0.039336
0.177615 4.115288 0.038721
0.178122 4.021981 0.039839
0.178629 4.000312 0.038802
0.179135 3.994859 0.038606
0.179642 3.991750 0.038750
0.180149 4.040447 0.039447
0.180655 4.019334 0.040227
0.181162 4.005901 0.039751
0.181669 3.983050 0.039023
0.182175 4.085523 0.039596
0.182682 4.015086 0.039646
0.183189 3.991167 0.039662
0.183695 3.963819 0.039610
0.184202 3.988019 0.041026
0.184709 4.015863 0.039162
0.185216 4.076131 0.039617
0.185722 4.056021 0.040392
0.186229 4.063938 0.042160
0.186736 4.034646 0.041836
0.187242 4.014434 0.040238
0.187749 3.979015 0.041573
0.188256 3.969967 0.041879
0.188762 4.055045 0.040816
0.189269 3.979310 0.041573
0.189776 3.986121 0.041291
0.190282 3.996838 0.041602
0.190789 4.012254 0.041100
0.191296 3.931925 0.041374
0.191802 3.933618 0.041781
0.192309 3.963562 0.041828
0.192816 4.010704 0.041214
0.193323 4.059945 0.041847
0.193829 3.862842 0.040963
0.194336 3.948672 0.041584
0.194843 4.011800 0.042710
0.195349 4.010487 0.043320
0.195856 4.073396 0.042397
0.196363 4.022098 0.042589
0.196869 3.930892 0.042079
0.197376 4.030519 0.042639
0.197883 3.958225 0.040928
0.198389 3.979028 0.042065
0.198896 4.006610 0.042511
0.199403 3.874737 0.042471
0.199909 3.952947 0.041339
0.200416 3.965724 0.042581
0.200923 3.984114 0.043192
0.201429 4.010914 0.042645
0.201936 3.958604 0.042907
0.202443 4.002655 0.042076
0.202949 3.997661 0.042229
0.203456 3.957218 0.042159
0.203963 3.946610 0.042847
0.204469 3.921872 0.043325
0.204976 3.970713 0.043349
0.205483 3.992447 0.042633
0.205989 3.932790 0.042141
0.206496 3.953056 0.042630
0.207003 4.001049 0.042658
0.207509 3.945372 0.042577
0.208016 4.019555 0.042441
0.208523 4.023140 0.042753
0.209029 3.995013 0.043262
0.209536 3.954059 0.041388
0.210043 3.961079 0.042175
0.210549 3.990892 0.044017
0.211056 4.023554 0.042802
0.211563 3.914287 0.041174
0.212069 3.909785 0.042076
0.212576 4.006090 0.042510
0.213083 3.883081 0.042967
0.213589 3.972983 0.042392
0.214096 3.947986 0.042184
0.214603 3.874189 0.041704
0.215109 3.904617 0.042142
0.215616 3.864184 0.042480
0.216123 3.939483 0.042863
0.216629 3.947220 0.043704
0.217136 3.962458 0.041771
0.217643 3.968626 0.041098
0.218149 3.874691 0.042235
0.218656 3.876703 0.040588
0.219163 3.841554 0.041951
0.219669 3.933176 0.042443
0.220176 3.917836 0.042278
0.220683 3.925101 0.041459
0.221189 3.928802 0.041081
0.221696 3.913163 0.040120
0.222203 3.850838 0.040857
0.222709 3.886478 0.040173
0.223216 3.866899 0.041663
0.223722 3.844233 0.041549
0.224229 3.850812 0.041181
0.224736 3.835992 0.041104
0.225242 3.894712 0.041532
0.225749 3.897484 0.042252
0.226256 3.815529 0.041116
0.226762 3.876126 0.042457
0.227269 3.888637 0.041287
0.227776 3.953199 0.041228
0.228282 3.873666 0.041147
0.228789 3.807914 0.041419
0.229296 3.881020 0.040668
0.229802 3.841708 0.040036
0.230309 3.877608 0.040736
0.230816 3.832401 0.039720
0.231322 3.911743 0.040496
0.231829 3.840432 0.041145
0.232335 3.911534 0.040087
0.232842 3.822939 0.040010
0.233349 3.826123 0.037903
0.233855 3.869514 0.038995
0.234362 3.876036 0.039990
0.234869 3.891501 0.039047
0.235375 3.836686 0.039775
0.235882 3.909627 0.041243
0.236389 3.878085 0.038184
0.236895 3.860640 0.039391
0.237402 3.852143 0.038406
0.237908 3.788271 0.038759
0.238415 3.873608 0.039103
0.238922 3.884700 0.038798
0.239428 3.907473 0.038845
0.239935 3.873218 0.038265
0.240442 3.850565 0.038523
0.240948 3.857489 0.037508
0.241455 3.835547 0.038886
0.241962 3.819641 0.038059
0.242468 3.842557 0.037851
0.242975 3.844012 0.037447
0.243481 3.803988 0.037809
0.243988 3.844326 0.037590
0.244495 3.816992 0.037557
0.245001 3.750727 0.037471
0.245508 3.799155 0.037079
0.246015 3.816330 0.037414
0.246521 3.837151 0.037500
0.247028 3.776847 0.037965
0.247534 3.858035 0.037281
0.248041 3.780801 0.036716
0.248548 3.848853 0.036796
0.249054 3.778813 0.036518
0.249561 3.813675 0.036981
0.250068 3.796501 0.036953
0.250574 3.824965 0.036740
0.251081 3.803227 0.037278
0.251587 3.768556 0.036986
0.252094 3.807315 0.036829
0.252601 3.788595 0.036559
0.253107 3.799075 0.036705
0.253614 3.770458 0.036452
0.254120 3.707963 0.035981
0.254627 3.732247 0.036047
0.255134 3.773600 0.035969
0.255640 3.735024 0.035887
0.256147 3.753800 0.035749
0.256654 3.770248 0.036261
0.257160 3.776480 0.036367
0.257667 3.772222 0.035523
0.258173 3.737166 0.035717
0.258680 3.773109 0.035888
0.259187 3.830819 0.035744
0.259693 3.874434 0.035482
0.260200 3.779723 0.034720
0.260706 3.700420 0.034456
0.261213 3.792908 0.035428
0.261720 3.741909 0.034801
0.262226 3.774353 0.035258
0.262733 3.815316 0.034992
0.263239 3.745087 0.035374
0.263746 3.695335 0.034375
0.264253 3.802210 0.034912
0.264759 3.740737 0.034873
0.265266 3.747672 0.034493
0.265772 3.763758 0.034175
0.266279 3.700114 0.034041
0.266786 3.783332 0.034856
0.267292 3.744401 0.033626
0.267799 3.737129 0.034681
0.268305 3.700278 0.034055
0.268812 3.742930 0.034282
0.269319 3.773562 0.034615
0.269825 3.700842 0.033572
0.270332 3.756989 0.034011
0.270838 3.699833 0.034002
0.271345 3.728973 0.034204
0.271852 3.724616 0.033385
0.272358 3.738243 0.033939
0.272865 3.728008 0.033043
0.273371 3.734536 0.034364
0.273878 3.726295 0.033927
0.274385 3.839879 0.034664
0.274891 3.772040 0.033459
0.275398 3.766259 0.033754
0.275904 3.746627 0.034156
0.276411 3.763755 0.033274
0.276917 3.735041 0.033366
0.277424 3.713655 0.033907
0.277931 3.714225 0.033768
0.278437 3.752893 0.032868
0.278944 3.736729 0.033633
0.279450 3.697746 0.032996
0.279957 3.751983 0.034411
0.280464 3.697648 0.034204
0.280970 3.741095 0.032884
0.281477 3.732902 0.033210
0.281983 3.703211 0.032699
0.282490 3.718150 0.034149
0.282996 3.628773 0.033340
0.283503 3.740881 0.033551
0.284010 3.669144 0.033280
0.284516 3.676029 0.032497
0.285023 3.722032 0.032616
0.285529 3.721987 0.032595
0.286036 3.756142 0.033609
0.286542 3.670714 0.033333
0.287049 3.728053 0.033712
0.287556 3.679971 0.032514
0.288062 3.734675 0.032775
0.288569 3.661332 0.032618
0.289075 3.730774 0.033314
0.289582 3.700876 0.032249
0.290088 3.717042 0.033633
0.290595 3.679031 0.033085
0.291102 3.665257 0.032659
0.291608 3.590964 0.032388
0.292115 3.677652 0.032885
0.292621 3.654327 0.032674
0.293128 3.640499 0.032802
0.293634 3.626460 0.033503
0.294141 3.645643 0.032880
0.294647 3.684864 0.032512
0.295154 3.674085 0.032348
0.295661 3.656339 0.032626
0.296167 3.695619 0.033071
0.296674 3.634734 0.032673
0.297180 3.624210 0.033123
0.297687 3.620650 0.033118
0.298193 3.675436 0.033579
0.298700 3.618564 0.032334
0.299206 3.628391 0.032552
0.299713 3.663135 0.032764
0.300220 3.662436 0.033288
0.300726 3.620898 0.032232
0.301233 3.654511 0.032648
0.301739 3.663913 0.033000
0.302246 3.677060 0.032657
0.302752 3.673153 0.033034
0.303259 3.599698 0.032368
0.303765 3.653068 0.033147
0.304272 3.609211 0.032776
0.304779 3.660789 0.033384
0.305285 3.667917 0.032586
0.305792 3.617524 0.032050
0.306298 3.586981 0.032751
0.306805 3.623675 0.033143
0.307311 3.602201 0.032073
0.307818 3.638902 0.032731
0.308324 3.595509 0.031831
0.308831 3.645999 0.032028
0.309337 3.630918 0.031950
0.309844 3.562540 0.032830
0.310350 3.695770 0.033411
0.310857 3.577744 0.033013
0.311364 3.637503 0.033815
0.311870 3.587199 0.033591
0.312377 3.591560 0.033409
0.312883 3.605119 0.033867
0.313390 3.600236 0.034151
0.313896 3.652802 0.033967
0.314403 3.608982 0.034633
0.314909 3.668246 0.035703
0.315416 3.589366 0.034564
0.315922 3.663150 0.035319
0.316429 3.650716 0.035495
0.316935 3.595827 0.035783
0.317442 3.595240 0.034776
0.317948 3.617874 0.035029
0.318455 3.671240 0.035077
0.318961 3.603701 0.035530
0.319468 3.562349 0.035513
0.319975 3.552426 0.034988
0.320481 3.643757 0.036213
0.320988 3.595410 0.035459
0.321494 3.537260 0.034542
0.322001 3.609851 0.034514
0.322507 3.585913 0.035639
0.323014 3.475057 0.035004
0.323520 3.629790 0.035702
0.324027 3.575033 0.035119
0.324533 3.610190 0.034865
0.325040 3.632583 0.034729
0.325546 3.648198 0.035676
0.326053 3.564807 0.034673
0.326559 3.580564 0.035627
0.327066 3.574880 0.035369
0.327572 3.586988 0.035684
0.328079 3.586267 0.035183
0.328585 3.618573 0.036618
0.329092 3.608750 0.034978
0.329598 3.573528 0.035290
0.330105 3.558858 0.034513
0.330611 3.602942 0.035704
0.331118 3.632535 0.036376
0.331624 3.572307 0.036286
0.332131 3.587876 0.035896
0.332637 3.581986 0.036505
0.333144 3.606889 0.036652
0.333650 3.621774 0.036740
0.334157 3.618170 0.036243
0.334663 3.538885 0.035745
0.335170 3.607417 0.035382
0.335676 3.589187 0.035580
0.336183 3.525212 0.034466
0.336689 3.582977 0.035769
0.337196 3.651479 0.035677
0.337702 3.589433 0.036040
0.338209 3.554076 0.036211
0.338715 3.577415 0.036275
0.339222 3.584157 0.036414
0.339728 3.580911 0.037200
0.340235 3.574951 0.036106
0.340741 3.645804 0.036919
0.341248 3.531269 0.036561
0.341754 3.541799 0.036734
0.342261 3.477946 0.036045
0.342767 3.632824 0.036542
0.343274 3.604017 0.036580
0.343780 3.570494 0.036506
0.344287 3.572506 0.036996
0.344793 3.655968 0.037457
0.345300 3.550932 0.036547
0.345806 3.564335 0.036567
0.346313 3.536655 0.036294
0.346819 3.602258 0.036433
0.347325 3.571815 0.037048
0.347832 3.580740 0.037192
0.348338 3.578766 0.037575
0.348845 3.532509 0.036631
0.349351 3.596746 0.037015
0.349858 3.549364 0.035996
0.350364 3.601343 0.037303
0.350871 3.542679 0.037417
0.351377 3.624773 0.037333
0.351884 3.571569 0.035675
0.352390 3.512021 0.036591
0.352897 3.520506 0.036754
0.353403 3.505679 0.035766
0.353910 3.589662 0.036537
0.354416 3.444262 0.036918
0.354923 3.491306 0.036686
0.355429 3.493793 0.035567
0.355935 3.505255 0.035347
0.356442 3.559985 0.035639
0.356948 3.547637 0.034433
0.357455 3.475696 0.035088
0.357961 3.576178 0.035169
0.358468 3.480474 0.034237
0.358974 3.535235 0.034820
0.359481 3.518013 0.035644
0.359987 3.530980 0.034864
0.360494 3.542332 0.035124
0.361000 3.448020 0.035117
0.361506 3.525321 0.035997
0.362013 3.489621 0.034777
0.362519 3.543428 0.035363
0.363026 3.552217 0.036126
0.363532 3.541200 0.035442
0.364039 3.513848 0.035540
0.364545 3.492706 0.035334
0.365052 3.503698 0.035529
0.365558 3.531902 0.035742
0.366064 3.480761 0.035088
0.366571 3.494045 0.035825
0.367077 3.563382 0.036504
0.367584 3.488447 0.036029
0.368090 3.531439 0.036561
0.368597 3.505351 0.036322
0.369103 3.467085 0.036365
0.369610 3.506124 0.038613
0.370116 3.498735 0.037181
0.370622 3.434466 0.036609
0.371129 3.471972 0.036991
0.371635 3.443222 0.037602
0.372142 3.457521 0.037774
0.372648 3.497350 0.038145
0.373155 3.569708 0.037492
0.373661 3.483509 0.037284
0.374167 3.448205 0.038201
0.374674 3.494515 0.038108
0.375180 3.470839 0.037325
0.375687 3.519931 0.037915
0.376193 3.562222 0.039123
0.376700 3.423832 0.037538
0.377206 3.535650 0.037881
0.377712 3.495724 0.038743
0.378219 3.488997 0.039732
0.378725 3.481550 0.040372
0.379232 3.491811 0.039879
0.379738 3.435291 0.039488
0.380245 3.482223 0.038877
0.380751 3.466787 0.039257
0.381257 3.465462 0.039985
0.381764 3.453606 0.039508
0.382270 3.436918 0.040324
0.382777 3.450144 0.040062
0.383283 3.483556 0.040158
0.383789 3.516213 0.041998
0.384296 3.438276 0.040094
0.384802 3.412820 0.040173
0.385309 3.509886 0.042494
0.385815 3.498636 0.041573
0.386321 3.429949 0.041597
0.386828 3.491851 0.042482
0.387334 3.405014 0.041648
0.387841 3.478872 0.042329
0.388347 3.507155 0.044145
0.388853 3.457135 0.042204
0.389360 3.480609 0.042016
0.389866 3.419095 0.043318
0.390373 3.447947 0.043500
0.390879 3.393332 0.042845
0.391385 3.485615 0.043718
0.391892 3.417515 0.042637
0.392398 3.404093 0.042384
0.392905 3.400186 0.045155
0.393411 3.424190 0.043756
0.393917 3.445449 0.044269
0.394424 3.389144 0.044974
0.394930 3.425765 0.043958
0.395437 3.421261 0.045433
0.395943 3.426744 0.044240
0.396449 3.379945 0.045633
0.396956 3.421056 0.046104
0.397462 3.415992 0.046074
0.397969 3.498760 0.045246
0.398475 3.409912 0.046574
0.398981 3.429509 0.046840
0.399488 3.334220 0.047606
0.399994 3.479117 0.047481
0.400500 3.417712 0.046615
0.401007 3.390314 0.047955
0.401513 3.443141 0.048477
0.402020 3.392034 0.047719
0.402526 3.474810 0.050650
0.403032 3.405719 0.049371
0.403539 3.465130 0.048108
0.404045 3.407740 0.049100
0.404551 3.353927 0.048987
0.405058 3.384486 0.048529
0.405564 3.459012 0.048595
0.406071 3.312392 0.047772
0.406577 3.430362 0.051032
0.407083 3.276864 0.049811
0.407590 3.389359 0.048694
0.408096 3.402152 0.049750
0.408602 3.385242 0.050824
0.409109 3.347141 0.049640
0.409615 3.382667 0.048597
0.410121 3.378384 0.049565
0.410628 3.358119 0.052132
0.411134 3.387357 0.050657
0.411641 3.323191 0.051431
0.412147 3.403435 0.050242
0.412653 3.357559 0.049393
0.413160 3.364851 0.049260
0.413666 3.364313 0.051491
0.414172 3.345997 0.051136
0.414679 3.355737 0.051503
0.415185 3.401013 0.053339
0.415691 3.354773 0.051050
0.416198 3.196161 0.049564
0.416704 3.304941 0.052321
0.417210 3.253971 0.052312
0.417717 3.359351 0.052733
0.418223 3.358017 0.051686
0.418729 3.411702 0.054129
0.419236 3.281304 0.051184
0.419742 3.324245 0.050481
0.420248 3.413955 0.051920
0.420755 3.434864 0.054844
0.421261 3.306374 0.052959
0.421767 3.404827 0.053729
0.422274 3.363337 0.055775
0.422780 3.355421 0.053226
0.423286 3.327416 0.053903
0.423793 3.392833 0.053581
0.424299 3.302937 0.054744
0.424805 3.390832 0.057368
0.425312 3.288966 0.053753
0.425818 3.366746 0.054404
0.426324 3.410680 0.060478
0.426831 3.323307 0.056800
0.427337 3.274661 0.057887
0.427843 3.325867 0.055347
0.428350 3.246619 0.055508
0.428856 3.423423 0.057434
0.429362 3.188287 0.054327
0.429869 3.360701 0.060572
0.430375 3.338987 0.061282
0.430881 3.268499 0.057122
0.431388 3.313909 0.059586
0.431894 3.381381 0.060605
0.432400 3.301999 0.060147
0.432907 3.356226 0.061764
0.433413 3.283021 0.063867
0.433919 3.301238 0.063696
0.434425 3.387152 0.062457
0.434932 3.282088 0.062957
0.435438 3.287696 0.060887
0.435944 3.407000 0.067211
0.436451 3.306868 0.062161
0.436957 3.298644 0.067218
0.437463 3.385313 0.067795
0.437970 3.246093 0.063386
0.438476 3.303206 0.064584
0.438982 3.315029 0.067704
0.439488 3.324345 0.067466
0.439995 3.259533 0.068031
