0.009882 109.667064 24.927981
0.010389 77.437808 14.518512
0.010896 70.942619 13.753768
0.011402 59.200288 11.452304
0.011909 33.070350 6.552893
0.012416 40.606293 6.481163
0.012923 26.616605 3.646509
0.013430 21.712476 3.401330
0.013936 20.000146 2.473815
0.014443 18.940320 1.684560
0.014950 16.968893 0.951920
0.015457 15.779452 0.892272
0.015963 14.381388 0.718757
0.016470 13.337560 0.542864
0.016977 12.897283 0.385617
0.017484 11.930245 0.354587
0.017990 11.145137 0.296729
0.018497 10.252608 0.242230
0.019004 9.923581 0.233267
0.019511 9.456277 0.208443
0.020018 9.053199 0.184279
0.020524 8.534550 0.179125
0.021031 8.461681 0.182566
0.021538 8.212041 0.173292
0.022045 7.849268 0.167563
0.022551 7.745854 0.160348
0.023058 7.399501 0.143150
0.023565 7.587117 0.149526
0.024072 7.393352 0.150312
0.024579 6.953376 0.133973
0.025085 6.645589 0.134762
0.025592 6.888456 0.133280
0.026099 6.656849 0.135663
0.026606 6.563814 0.130565
0.027112 6.412838 0.120828
0.027619 6.347273 0.126824
0.028126 5.945806 0.119237
0.028633 6.197869 0.114978
0.029139 6.173717 0.110889
0.029646 6.116537 0.120560
0.030153 5.830638 0.110954
0.030660 5.842543 0.111093
0.031167 5.915437 0.113083
0.031673 5.695240 0.110480
0.032180 5.863136 0.107536
0.032687 5.687102 0.103735
0.033194 5.726269 0.110631
0.033700 5.361562 0.101156
0.034207 5.737993 0.101971
0.034714 5.484542 0.103304
0.035221 5.520633 0.098776
0.035727 5.371692 0.098959
0.036234 5.334207 0.099187
0.036741 5.349317 0.096168
0.037248 5.420724 0.094870
0.037755 5.316258 0.089706
0.038261 5.180563 0.093231
0.038768 5.209182 0.093603
0.039275 5.226634 0.085772
0.039782 5.193916 0.089771
0.040288 5.230726 0.089303
0.040795 5.261683 0.088052
0.041302 5.132736 0.088500
0.041809 4.954532 0.089089
0.042315 4.965704 0.086392
0.042822 5.198592 0.088978
0.043329 5.231489 0.087626
0.043836 5.019574 0.083756
0.044343 5.018536 0.085724
0.044849 4.987799 0.083980
0.045356 4.939657 0.082925
0.045863 4.845696 0.080030
0.046370 4.978907 0.081273
0.046876 4.848613 0.080063
0.047383 4.849025 0.079453
0.047890 5.014879 0.083512
0.048397 4.907179 0.079068
0.048903 4.860854 0.076767
0.049410 4.861010 0.074621
0.049917 4.915287 0.079569
0.050424 4.862073 0.075293
0.050931 4.946639 0.074396
0.051437 4.819324 0.074159
0.051944 4.887700 0.072074
0.052451 4.748714 0.073626
0.052958 4.840201 0.073071
0.053464 4.761395 0.071781
0.053971 4.792926 0.072007
0.054478 4.802110 0.071206
0.054985 4.673151 0.069870
0.055491 4.887330 0.070848
0.055998 4.671589 0.068840
0.056505 4.806325 0.068523
0.057012 4.625848 0.071181
0.057519 4.583919 0.069430
0.058025 4.808072 0.072179
0.058532 4.639841 0.066889
0.059039 4.686256 0.070044
0.059546 4.609102 0.069744
0.060052 4.612088 0.069661
0.060559 4.589719 0.067095
0.061066 4.628411 0.065256
0.061573 4.706969 0.067010
0.062079 4.676739 0.067686
0.062586 4.573249 0.067050
0.063093 4.626313 0.063920
0.063600 4.582722 0.067108
0.064106 4.625970 0.064749
0.064613 4.540058 0.068005
0.065120 4.594794 0.066328
0.065627 4.598038 0.064464
0.066134 4.651333 0.062346
0.066640 4.599165 0.064441
0.067147 4.578200 0.065318
0.067654 4.626158 0.063714
0.068161 4.559226 0.061160
0.068667 4.512768 0.059889
0.069174 4.637063 0.063264
0.069681 4.449051 0.060448
0.070188 4.531980 0.064059
0.070694 4.553269 0.061145
0.071201 4.578864 0.062826
0.071708 4.541873 0.060242
0.072215 4.448265 0.057921
0.072721 4.586222 0.059900
0.073228 4.528064 0.061679
0.073735 4.449018 0.060260
0.074242 4.650311 0.061200
0.074748 4.550416 0.061128
0.075255 4.587927 0.059891
0.075762 4.514827 0.056281
0.076269 4.497494 0.061031
0.076776 4.491590 0.058114
0.077282 4.600758 0.059333
0.077789 4.494936 0.056552
0.078296 4.478196 0.056102
0.078803 4.481017 0.057906
0.079309 4.586743 0.057994
0.079816 4.463061 0.056577
0.080323 4.459771 0.059268
0.080830 4.575691 0.057409
0.081336 4.617544 0.059186
0.081843 4.468038 0.059127
0.082350 4.429961 0.057833
0.082857 4.454800 0.057804
0.083363 4.531945 0.061475
0.083870 4.410436 0.057072
0.084377 4.376700 0.055681
0.084884 4.447468 0.058410
0.085390 4.474906 0.058455
0.085897 4.430396 0.056858
0.086404 4.509252 0.061026
0.086911 4.472794 0.059435
0.087417 4.375709 0.056698
0.087924 4.315489 0.057099
0.088431 4.464227 0.059290
0.088938 4.326778 0.055798
0.089444 4.363152 0.057751
0.089951 4.496765 0.057141
0.090458 4.339921 0.055239
0.090965 4.457447 0.057375
0.091471 4.332938 0.056987
0.091978 4.350244 0.056308
0.092485 4.186334 0.059301
0.092992 4.363702 0.057343
0.093498 4.476516 0.059113
0.094005 4.454847 0.060724
0.094512 4.369732 0.057384
0.095019 4.370558 0.056729
0.095525 4.171637 0.057949
0.096032 4.278416 0.057601
0.096539 4.348602 0.059205
0.097046 4.351779 0.057359
0.097552 4.354949 0.057283
0.098059 4.363089 0.055723
0.098566 4.452923 0.058803
0.099073 4.388741 0.057465
0.099579 4.387690 0.057745
0.100086 4.465673 0.056803
0.100593 4.271884 0.054510
0.101100 4.297224 0.055643
0.101606 4.337534 0.057399
0.102113 4.404164 0.056156
0.102620 4.272943 0.058077
0.103127 4.249095 0.058122
0.103633 4.410531 0.058478
0.104140 4.305842 0.058782
0.104647 4.398256 0.058124
0.105154 4.277668 0.057212
0.105660 4.419788 0.057764
0.106167 4.350327 0.057793
0.106674 4.269886 0.054408
0.107181 4.338132 0.054312
0.107687 4.265630 0.053793
0.108194 4.317970 0.054880
0.108701 4.299450 0.052758
0.109208 4.248360 0.055092
0.109714 4.423292 0.052914
0.110221 4.341729 0.052749
0.110728 4.279702 0.050616
0.111235 4.314896 0.052961
0.111741 4.218416 0.053714
0.112248 4.234098 0.050057
0.112755 4.381383 0.052808
0.113262 4.232583 0.051369
0.113768 4.203236 0.050791
0.114275 4.309258 0.050072
0.114782 4.210888 0.049561
0.115289 4.253255 0.050322
0.115795 4.219220 0.050112
0.116302 4.322170 0.049422
0.116809 4.240852 0.049671
0.117316 4.304921 0.051346
0.117822 4.292013 0.049559
0.118329 4.277466 0.051330
0.118836 4.221134 0.049280
0.119342 4.244527 0.048928
0.119849 4.228579 0.048309
0.120356 4.197423 0.050089
0.120863 4.304451 0.048246
0.121369 4.255920 0.047104
0.121876 4.216198 0.047561
0.122383 4.233562 0.048049
0.122890 4.239339 0.047918
0.123396 4.256999 0.046158
0.123903 4.267310 0.050006
0.124410 4.244000 0.047221
0.124917 4.219829 0.047443
0.125423 4.185000 0.046802
0.125930 4.208801 0.047369
0.126437 4.224958 0.046024
0.126944 4.276482 0.046940
0.127450 4.126683 0.046628
0.127957 4.182594 0.046287
0.128464 4.246142 0.047160
0.128970 4.173738 0.045218
0.129477 4.165101 0.046190
0.129984 4.258045 0.045363
0.130491 4.192931 0.045181
0.130997 4.167614 0.043679
0.131504 4.240777 0.043638
0.132011 4.161971 0.043818
0.132518 4.178515 0.043840
0.133024 4.198015 0.045359
0.133531 4.173160 0.043660
0.134038 4.182760 0.044184
0.134545 4.237461 0.043345
0.135051 4.178510 0.042896
0.135558 4.182370 0.043754
0.136065 4.273275 0.043452
0.136571 4.233617 0.044146
0.137078 4.332166 0.043021
0.137585 4.154153 0.043821
0.138092 4.209900 0.042763
0.138598 4.141632 0.043596
0.139105 4.183250 0.043492
0.139612 4.158971 0.043424
0.140119 4.194037 0.042881
0.140625 4.172692 0.043364
0.141132 4.243243 0.041847
0.141639 4.122160 0.041660
0.142145 4.177477 0.042365
0.142652 4.148248 0.042143
0.143159 4.240494 0.043920
0.143666 4.140331 0.041348
0.144172 4.188788 0.042746
0.144679 4.219250 0.043024
0.145186 4.089218 0.041358
0.145692 4.151248 0.041166
0.146199 4.061837 0.040752
0.146706 4.094520 0.041100
0.147213 4.204721 0.042079
0.147719 4.119867 0.041622
0.148226 4.089802 0.040899
0.148733 4.146235 0.041347
0.149240 4.097865 0.040874
0.149746 4.138895 0.040821
0.150253 4.155869 0.042011
0.150760 4.158468 0.040612
0.151266 4.137061 0.041100
0.151773 4.150537 0.040296
0.152280 4.115491 0.039682
0.152787 4.192275 0.041090
0.153293 4.094978 0.040733
0.153800 4.038963 0.041575
0.154307 4.127200 0.039930
0.154813 4.169524 0.041780
0.155320 4.163399 0.040566
0.155827 4.180386 0.038817
0.156334 4.066032 0.039413
0.156840 4.123652 0.040212
0.157347 4.184796 0.040310
0.157854 4.062613 0.038936
0.158360 4.107215 0.039508
0.158867 4.046425 0.041035
0.159374 4.045414 0.039216
0.159881 4.044293 0.039097
0.160387 4.010657 0.038794
0.160894 4.019172 0.038043
0.161401 4.118111 0.040493
0.161907 4.000604 0.038923
0.162414 4.037618 0.037606
0.162921 4.163380 0.039254
0.163427 4.048658 0.039137
0.163934 4.008687 0.038567
0.164441 4.070387 0.038608
0.164948 4.044973 0.037902
0.165454 4.097063 0.039040
0.165961 4.067560 0.038190
0.166468 4.013918 0.038446
0.166974 4.041382 0.037543
0.167481 4.050990 0.038893
0.167988 4.020310 0.037868
0.168495 4.027258 0.038504
0.169001 4.037949 0.038824
0.169508 4.078832 0.038531
0.170015 4.072968 0.038878
0.170521 3.989188 0.039232
0.171028 4.052895 0.038338
0.171535 3.997296 0.039833
0.172041 4.037495 0.039881
0.172548 4.039110 0.038686
0.173055 4.018837 0.038784
0.173562 4.024622 0.039401
0.174068 4.091581 0.039687
0.174575 4.063562 0.038754
0.175082 4.003615 0.038967
0.175588 4.012572 0.039728
0.176095 3.991233 0.039656
0.176602 3.949182 0.038777
0.177108 4.081237 0.040152
0.177615 4.020840 0.039477
0.178122 4.049492 0.038436
0.178629 4.005348 0.039543
0.179135 3.974601 0.039215
0.179642 4.010867 0.038476
0.180149 4.035060 0.039011
0.180655 4.018177 0.039253
0.181162 4.031073 0.041078
0.181669 4.094259 0.039793
0.182175 3.996234 0.040457
0.182682 4.009311 0.039839
0.183189 4.041598 0.040515
0.183695 4.060760 0.040744
0.184202 3.982977 0.041058
0.184709 4.021775 0.040319
0.185216 3.992186 0.040589
0.185722 4.034479 0.041135
0.186229 4.016668 0.040824
0.186736 4.066878 0.041849
0.187242 4.003740 0.039732
0.187749 3.977267 0.041689
0.188256 3.928718 0.040054
0.188762 4.023779 0.041650
0.189269 4.042773 0.042153
0.189776 3.981694 0.042307
0.190282 4.022775 0.040777
0.190789 4.028520 0.039795
0.191296 4.019550 0.040430
0.191802 4.041772 0.041242
0.192309 4.044388 0.041923
0.192816 3.997727 0.041957
0.193323 3.956620 0.042266
0.193829 4.021278 0.042653
0.194336 4.006767 0.041186
0.194843 4.003183 0.041382
0.195349 3.960413 0.042987
0.195856 3.956638 0.041805
0.196363 4.063501 0.043642
0.196869 4.020230 0.043213
0.197376 4.015571 0.042272
0.197883 3.935920 0.041968
0.198389 4.020816 0.043529
0.198896 4.107314 0.043224
0.199403 4.007094 0.041746
0.199909 3.963968 0.042819
0.200416 3.948226 0.041040
0.200923 4.014129 0.041903
0.201429 3.919317 0.042021
0.201936 3.968337 0.043278
0.202443 4.079379 0.043753
0.202949 4.041389 0.042205
0.203456 3.967898 0.041771
0.203963 3.964050 0.042953
0.204469 4.063234 0.043713
0.204976 3.979087 0.042769
0.205483 3.985387 0.042021
0.205989 3.974900 0.043701
0.206496 3.971226 0.042986
0.207003 3.957519 0.042771
0.207509 3.976273 0.042601
0.208016 3.917914 0.041423
0.208523 3.862663 0.041599
0.209029 3.993598 0.042607
0.209536 3.989397 0.043097
0.210043 4.017501 0.042479
0.210549 3.971121 0.041960
0.211056 3.896260 0.043015
0.211563 3.897522 0.042360
0.212069 3.939874 0.042253
0.212576 3.938366 0.042370
0.213083 3.952405 0.042213
0.213589 3.901939 0.041614
0.214096 3.928579 0.041310
0.214603 3.935744 0.043355
0.215109 3.887519 0.043274
0.215616 3.990324 0.041984
0.216123 3.904002 0.041527
0.216629 3.963035 0.043035
0.217136 3.887207 0.041272
0.217643 3.905434 0.041355
0.218149 3.938728 0.042625
0.218656 3.884420 0.041470
0.219163 3.813447 0.040687
0.219669 3.948874 0.041985
0.220176 3.891237 0.042791
0.220683 3.933698 0.040848
0.221189 3.953714 0.042059
0.221696 3.877560 0.042457
0.222203 3.834161 0.040913
0.222709 3.927943 0.041521
0.223216 3.886044 0.042077
0.223722 3.801216 0.040373
0.224229 3.901375 0.041062
0.224736 3.926875 0.041674
0.225242 3.926691 0.042154
0.225749 3.873627 0.041454
0.226256 3.847089 0.040529
0.226762 3.880135 0.041490
0.227269 3.947271 0.041938
0.227776 3.860732 0.040346
0.228282 3.936320 0.041206
0.228789 3.831419 0.040095
0.229296 3.805232 0.039072
0.229802 3.836597 0.040221
0.230309 3.857042 0.041200
0.230816 3.937259 0.041172
0.231322 3.870527 0.039983
0.231829 3.859091 0.039645
0.232335 3.848083 0.040153
0.232842 3.864986 0.039246
0.233349 3.815445 0.038832
0.233855 3.824151 0.039233
0.234362 3.826268 0.039489
0.234869 3.883726 0.038913
0.235375 3.821872 0.039882
0.235882 3.815075 0.038927
0.236389 3.856116 0.038524
0.236895 3.843532 0.038899
0.237402 3.890798 0.039391
0.237908 3.857264 0.038253
0.238415 3.837517 0.039113
0.238922 3.887478 0.037077
0.239428 3.842084 0.038964
0.239935 3.787546 0.037817
0.240442 3.836091 0.038540
0.240948 3.823117 0.039253
0.241455 3.856557 0.038206
0.241962 3.904324 0.039253
0.242468 3.766233 0.037689
0.242975 3.874572 0.039407
0.243481 3.853307 0.038324
0.243988 3.775280 0.037130
0.244495 3.831082 0.038421
0.245001 3.881123 0.038014
0.245508 3.816872 0.037498
0.246015 3.862628 0.037668
0.246521 3.811342 0.037181
0.247028 3.837877 0.037386
0.247534 3.861423 0.037713
0.248041 3.806056 0.036734
0.248548 3.819052 0.038007
0.249054 3.772932 0.036674
0.249561 3.811481 0.037512
0.250068 3.770208 0.036581
0.250574 3.831797 0.037017
0.251081 3.832999 0.037372
0.251587 3.790986 0.037146
0.252094 3.804150 0.036542
0.252601 3.761375 0.035773
0.253107 3.780906 0.036896
0.253614 3.780016 0.036557
0.254120 3.767888 0.036074
0.254627 3.758759 0.036745
0.255134 3.790977 0.036420
0.255640 3.759628 0.035971
0.256147 3.699854 0.035541
0.256654 3.787389 0.036775
0.257160 3.807451 0.035300
0.257667 3.769457 0.036190
0.258173 3.805454 0.035759
0.258680 3.795628 0.035654
0.259187 3.809466 0.034340
0.259693 3.764281 0.035615
0.260200 3.753274 0.035707
0.260706 3.844715 0.036019
0.261213 3.783808 0.034431
0.261720 3.769349 0.036474
0.262226 3.767658 0.035632
0.262733 3.741116 0.034588
0.263239 3.748446 0.035404
0.263746 3.726785 0.035017
0.264253 3.769779 0.033985
0.264759 3.793844 0.035156
0.265266 3.763818 0.035102
0.265772 3.726705 0.033855
0.266279 3.744252 0.034501
0.266786 3.762253 0.035654
0.267292 3.781490 0.035261
0.267799 3.709211 0.034816
0.268305 3.775109 0.035256
0.268812 3.741306 0.034723
0.269319 3.725506 0.033306
0.269825 3.721769 0.034335
0.270332 3.789670 0.034593
0.270838 3.713255 0.033411
0.271345 3.741842 0.034984
0.271852 3.742310 0.034447
0.272358 3.709489 0.033778
0.272865 3.756806 0.033540
0.273371 3.743074 0.033835
0.273878 3.711870 0.034490
0.274385 3.778140 0.034539
0.274891 3.767423 0.034220
0.275398 3.739043 0.034118
0.275904 3.714744 0.033621
0.276411 3.697521 0.033379
0.276917 3.716070 0.033313
0.277424 3.713960 0.033202
0.277931 3.728611 0.032792
0.278437 3.740739 0.032553
0.278944 3.650985 0.032843
0.279450 3.721229 0.033298
0.279957 3.740773 0.033614
0.280464 3.682537 0.033524
0.280970 3.678346 0.033210
0.281477 3.756491 0.033479
0.281983 3.746128 0.034232
0.282490 3.729027 0.033415
0.282996 3.727745 0.033345
0.283503 3.743363 0.033517
0.284010 3.733367 0.032717
0.284516 3.743286 0.032125
0.285023 3.667106 0.032984
0.285529 3.714741 0.033562
0.286036 3.685806 0.032481
0.286542 3.676779 0.033490
0.287049 3.735556 0.032199
0.287556 3.680568 0.032426
0.288062 3.686446 0.032277
0.288569 3.756306 0.033699
0.289075 3.696128 0.032320
0.289582 3.655529 0.032704
0.290088 3.723066 0.032849
0.290595 3.653006 0.032312
0.291102 3.644496 0.032983
0.291608 3.697585 0.033002
0.292115 3.645987 0.032388
0.292621 3.685592 0.032501
0.293128 3.721472 0.032923
0.293634 3.617369 0.032651
0.294141 3.649554 0.032668
0.294647 3.705837 0.033698
0.295154 3.649148 0.033435
0.295661 3.659042 0.032642
0.296167 3.683906 0.033575
0.296674 3.687846 0.032837
0.297180 3.661296 0.033195
0.297687 3.639843 0.033242
0.298193 3.681933 0.032120
0.298700 3.680813 0.032638
0.299206 3.701546 0.032979
0.299713 3.667302 0.031953
0.300220 3.679646 0.032237
0.300726 3.671461 0.033030
0.301233 3.647578 0.032257
0.301739 3.614844 0.032849
0.302246 3.626483 0.032913
0.302752 3.629030 0.032592
0.303259 3.602970 0.032913
0.303765 3.635472 0.032346
0.304272 3.684032 0.032886
0.304779 3.601840 0.032712
0.305285 3.626565 0.031662
0.305792 3.591406 0.031835
0.306298 3.659979 0.032269
0.306805 3.547533 0.031964
0.307311 3.610213 0.033132
0.307818 3.596593 0.032608
0.308324 3.628465 0.031961
0.308831 3.601696 0.031305
0.309337 3.575515 0.032358
0.309844 3.615723 0.032276
0.310350 3.627070 0.033439
0.310857 3.561294 0.032834
0.311364 3.637822 0.032884
0.311870 3.607671 0.033741
0.312377 3.619632 0.033481
0.312883 3.585852 0.033523
0.313390 3.582494 0.034419
0.313896 3.537266 0.034394
0.314403 3.688727 0.035358
0.314909 3.529735 0.034403
0.315416 3.641041 0.035246
0.315922 3.635962 0.034273
0.316429 3.623648 0.034971
0.316935 3.643600 0.035737
0.317442 3.560490 0.035030
0.317948 3.639071 0.034888
0.318455 3.591122 0.035484
0.318961 3.610802 0.035697
0.319468 3.633483 0.035913
0.319975 3.636355 0.034633
0.320481 3.577013 0.035430
0.320988 3.582923 0.035633
0.321494 3.608475 0.036222
0.322001 3.574208 0.035937
0.322507 3.556031 0.035109
0.323014 3.650332 0.034895
0.323520 3.561681 0.035084
0.324027 3.602675 0.036520
0.324533 3.646606 0.035775
0.325040 3.623426 0.034510
0.325546 3.675260 0.036496
0.326053 3.609449 0.035383
0.326559 3.575297 0.035349
0.327066 3.598844 0.035192
0.327572 3.602029 0.035994
0.328079 3.571952 0.035917
0.328585 3.552787 0.035022
0.329092 3.545986 0.034508
0.329598 3.668391 0.036186
0.330105 3.562448 0.034831
0.330611 3.600493 0.035317
0.331118 3.606165 0.035349
0.331624 3.569792 0.035512
0.332131 3.590039 0.035567
0.332637 3.582352 0.035881
0.333144 3.564520 0.036489
0.333650 3.587041 0.036232
0.334157 3.568925 0.036016
0.334663 3.579016 0.036556
0.335170 3.642780 0.036699
0.335676 3.599545 0.036431
0.336183 3.605683 0.035556
0.336689 3.577712 0.036679
0.337196 3.577558 0.035298
0.337702 3.593505 0.035762
0.338209 3.557865 0.036552
0.338715 3.576127 0.037312
0.339222 3.498174 0.035937
0.339728 3.531342 0.035215
0.340235 3.598913 0.036312
0.340741 3.569607 0.035655
0.341248 3.562550 0.035594
0.341754 3.625289 0.037600
0.342261 3.565134 0.035857
0.342767 3.615148 0.036820
0.343274 3.542847 0.036291
0.343780 3.544483 0.036989
0.344287 3.490509 0.036471
0.344793 3.558745 0.036669
0.345300 3.530026 0.036145
0.345806 3.580465 0.036791
0.346313 3.617764 0.037168
0.346819 3.560109 0.036754
0.347325 3.601824 0.037255
0.347832 3.554513 0.036056
0.348338 3.587237 0.035931
0.348845 3.560756 0.036927
0.349351 3.584117 0.036215
0.349858 3.550516 0.036569
0.350364 3.526120 0.036935
0.350871 3.570678 0.036547
0.351377 3.538163 0.036749
0.351884 3.635368 0.036385
0.352390 3.532569 0.037257
0.352897 3.524978 0.036868
0.353403 3.509150 0.036618
0.353910 3.539021 0.036933
0.354416 3.578718 0.037704
0.354923 3.498336 0.036399
0.355429 3.542523 0.035909
0.355935 3.592165 0.035814
0.356442 3.599170 0.035114
0.356948 3.544692 0.035230
0.357455 3.587748 0.034885
0.357961 3.539047 0.034970
0.358468 3.547922 0.034838
0.358974 3.500141 0.034974
0.359481 3.557582 0.034768
0.359987 3.505153 0.036176
0.360494 3.484203 0.034810
0.361000 3.495091 0.035044
0.361506 3.563937 0.035373
0.362013 3.458801 0.033917
0.362519 3.520138 0.035272
0.363026 3.546556 0.035112
0.363532 3.525035 0.036164
0.364039 3.478676 0.035785
0.364545 3.491415 0.035678
0.365052 3.575870 0.036066
0.365558 3.559939 0.035910
0.366064 3.513104 0.034985
0.366571 3.478089 0.035771
0.367077 3.467807 0.036029
0.367584 3.535558 0.036466
0.368090 3.486574 0.036426
0.368597 3.492350 0.036523
0.369103 3.422750 0.036405
0.369610 3.481039 0.037024
0.370116 3.429121 0.036750
0.370622 3.493675 0.036601
0.371129 3.475135 0.037960
0.371635 3.428605 0.036788
0.372142 3.503228 0.037855
0.372648 3.524689 0.038456
0.373155 3.521480 0.036182
0.373661 3.486799 0.038367
0.374167 3.495014 0.038398
0.374674 3.431316 0.037450
0.375180 3.490669 0.037638
0.375687 3.374543 0.038060
0.376193 3.427193 0.039737
0.376700 3.486678 0.039078
0.377206 3.447182 0.038734
0.377712 3.526102 0.039040
0.378219 3.519326 0.039716
0.378725 3.454275 0.038917
0.379232 3.511057 0.039701
0.379738 3.479576 0.039119
0.380245 3.483614 0.038767
0.380751 3.457949 0.041496
0.381257 3.505501 0.039560
0.381764 3.485093 0.040853
0.382270 3.422640 0.040656
0.382777 3.474090 0.040447
0.383283 3.473397 0.039613
0.383789 3.395455 0.039853
0.384296 3.438276 0.040113
0.384802 3.459833 0.040639
0.385309 3.435250 0.040609
0.385815 3.454202 0.041488
0.386321 3.497659 0.041296
0.386828 3.458565 0.042195
0.387334 3.445661 0.042816
0.387841 3.497594 0.042691
0.388347 3.496385 0.041912
0.388853 3.456901 0.042315
0.389360 3.511720 0.043461
0.389866 3.534963 0.043044
0.390373 3.440714 0.043214
0.390879 3.378849 0.043616
0.391385 3.438747 0.044608
0.391892 3.419244 0.042849
0.392398 3.413816 0.043728
0.392905 3.434241 0.043403
0.393411 3.374763 0.043583
0.393917 3.453768 0.044989
0.394424 3.458989 0.045235
0.394930 3.434780 0.045376
0.395437 3.446091 0.046866
0.395943 3.439082 0.046388
0.396449 3.419774 0.044985
0.396956 3.450575 0.045941
0.397462 3.389749 0.046772
0.397969 3.421165 0.045188
0.398475 3.467097 0.045619
0.398981 3.350525 0.046891
0.399488 3.412022 0.046332
0.399994 3.336341 0.047617
0.400500 3.349118 0.047162
0.401007 3.428432 0.047057
0.401513 3.320171 0.047237
0.402020 3.396826 0.048997
0.402526 3.439475 0.049802
0.403032 3.397298 0.048835
0.403539 3.327301 0.048939
0.404045 3.414857 0.047910
0.404551 3.355374 0.049023
0.405058 3.341600 0.047792
0.405564 3.382973 0.048077
0.406071 3.345117 0.050502
0.406577 3.410113 0.051167
0.407083 3.381846 0.049364
0.407590 3.404832 0.049716
0.408096 3.416750 0.050855
0.408602 3.355331 0.049497
0.409109 3.463310 0.050549
0.409615 3.370304 0.051310
0.410121 3.416951 0.050847
0.410628 3.371961 0.049786
0.411134 3.304099 0.049619
0.411641 3.460708 0.051847
0.412147 3.352869 0.049644
0.412653 3.300910 0.049402
0.413160 3.313822 0.049514
0.413666 3.326414 0.052551
0.414172 3.386831 0.052834
0.414679 3.340201 0.050539
0.415185 3.346272 0.052118
0.415691 3.345906 0.052432
0.416198 3.341908 0.052293
0.416704 3.398207 0.053415
0.417210 3.320702 0.053532
0.417717 3.184573 0.051711
0.418223 3.229999 0.049714
0.418729 3.355352 0.051974
0.419236 3.394129 0.052417
0.419742 3.333522 0.052621
0.420248 3.372210 0.051684
0.420755 3.300607 0.052073
0.421261 3.301102 0.051386
0.421767 3.431950 0.053788
0.422274 3.299795 0.051811
0.422780 3.317456 0.054861
0.423286 3.308858 0.054319
0.423793 3.301696 0.054053
0.424299 3.367755 0.053240
0.424805 3.425131 0.056862
0.425312 3.486305 0.057263
0.425818 3.319420 0.056250
0.426324 3.312082 0.055212
0.426831 3.354761 0.058892
0.427337 3.267869 0.055770
0.427843 3.359575 0.055760
0.428350 3.230915 0.058895
0.428856 3.282621 0.057150
0.429362 3.240045 0.055564
0.429869 3.333360 0.060366
0.430375 3.244696 0.057923
0.430881 3.211646 0.058199
0.431388 3.349447 0.059236
0.431894 3.254156 0.062651
0.432400 3.190203 0.057921
0.432907 3.298598 0.058611
0.433413 3.328144 0.062408
0.433919 3.317016 0.062642
0.434425 3.376768 0.066290
0.434932 3.413273 0.065619
0.435438 3.353735 0.064819
0.435944 3.361968 0.064293
0.436451 3.372374 0.065819
0.436957 3.350100 0.063127
0.437463 3.328960 0.065358
0.437970 3.330619 0.065877
0.438476 3.269528 0.068556
0.438982 3.271601 0.067115
0.439488 3.246727 0.070523
0.439995 3.290422 0.068703
