0.009882 107.694834 24.059293
0.010389 74.229462 14.353792
0.010896 70.923388 13.717378
0.011402 59.309379 11.213650
0.011909 35.228256 6.182254
0.012416 40.636596 6.161456
0.012923 27.233047 3.748307
0.013430 23.459619 3.593324
0.013936 20.025787 2.291895
0.014443 19.256561 1.808121
0.014950 17.679836 1.012653
0.015457 15.643976 0.893062
0.015963 14.300137 0.776952
0.016470 13.683067 0.573132
0.016977 12.560137 0.380366
0.017484 11.924869 0.380284
0.017990 11.358348 0.326079
0.018497 10.529840 0.249516
0.019004 9.971428 0.242556
0.019511 9.337854 0.209751
0.020018 9.020545 0.188506
0.020524 8.943463 0.227201
0.021031 8.672211 0.187922
0.021538 7.870027 0.165439
0.022045 7.782600 0.168297
0.022551 7.436570 0.163064
0.023058 7.646259 0.153819
0.023565 7.419412 0.146671
0.024072 7.102324 0.144078
0.024579 7.076186 0.142050
0.025085 6.842269 0.139721
0.025592 6.798535 0.145801
0.026099 6.512431 0.133148
0.026606 6.340431 0.125445
0.027112 6.691327 0.128902
0.027619 6.385174 0.129578
0.028126 6.085290 0.117232
0.028633 6.074609 0.117707
0.029139 6.164584 0.115795
0.029646 6.159044 0.113454
0.030153 5.811072 0.113226
0.030660 5.948378 0.110994
0.031167 6.019789 0.113107
0.031673 5.801465 0.108318
0.032180 5.814747 0.105171
0.032687 5.668919 0.100115
0.033194 5.520781 0.102880
0.033700 5.517819 0.105072
0.034207 5.415337 0.099069
0.034714 5.358843 0.090453
0.035221 5.409517 0.099946
0.035727 5.396693 0.098721
0.036234 5.415881 0.102153
0.036741 5.274270 0.093564
0.037248 5.251536 0.090957
0.037755 5.279281 0.092818
0.038261 5.519018 0.093199
0.038768 5.281555 0.088560
0.039275 5.282817 0.089868
0.039782 5.088310 0.084913
0.040288 5.245127 0.088767
0.040795 5.247597 0.085763
0.041302 5.140524 0.087613
0.041809 5.154545 0.089569
0.042315 5.159994 0.088196
0.042822 5.009229 0.080840
0.043329 5.077404 0.087827
0.043836 4.966394 0.088117
0.044343 5.116309 0.083565
0.044849 5.103892 0.082776
0.045356 4.905756 0.083837
0.045863 4.982448 0.084349
0.046370 4.966809 0.082426
0.046876 4.900548 0.080844
0.047383 4.941995 0.080781
0.047890 5.041128 0.081770
0.048397 4.927906 0.078799
0.048903 5.014421 0.078798
0.049410 4.906240 0.077916
0.049917 4.862195 0.074210
0.050424 4.859579 0.077826
0.050931 4.892778 0.075484
0.051437 4.794291 0.076227
0.051944 4.808961 0.071638
0.052451 4.888347 0.074525
0.052958 4.822898 0.071580
0.053464 4.744230 0.073685
0.053971 4.750245 0.071302
0.054478 4.861203 0.072922
0.054985 4.674265 0.073584
0.055491 4.808046 0.071161
0.055998 4.604043 0.069021
0.056505 4.680704 0.070123
0.057012 4.800388 0.070083
0.057519 4.735453 0.068542
0.058025 4.798496 0.069212
0.058532 4.604267 0.070619
0.059039 4.625235 0.066537
0.059546 4.748584 0.070670
0.060052 4.769740 0.067323
0.060559 4.707144 0.066940
0.061066 4.726229 0.066626
0.061573 4.559122 0.065448
0.062079 4.549127 0.067085
0.062586 4.740105 0.066504
0.063093 4.608986 0.065836
0.063600 4.644587 0.064417
0.064106 4.588299 0.063939
0.064613 4.598680 0.065100
0.065120 4.640425 0.065344
0.065627 4.549848 0.063428
0.066134 4.743737 0.066659
0.066640 4.636175 0.065795
0.067147 4.652946 0.062826
0.067654 4.605339 0.063991
0.068161 4.714121 0.064383
0.068667 4.571652 0.061119
0.069174 4.582223 0.064178
0.069681 4.509985 0.060417
0.070188 4.656471 0.062976
0.070694 4.549915 0.063923
0.071201 4.359329 0.059402
0.071708 4.557762 0.061335
0.072215 4.516536 0.058253
0.072721 4.484194 0.061686
0.073228 4.604515 0.059717
0.073735 4.552874 0.059557
0.074242 4.474933 0.060159
0.074748 4.626607 0.061671
0.075255 4.474664 0.057852
0.075762 4.452601 0.056715
0.076269 4.429903 0.057431
0.076776 4.497095 0.059127
0.077282 4.542557 0.058624
0.077789 4.545407 0.058899
0.078296 4.490394 0.057527
0.078803 4.436430 0.053890
0.079309 4.488860 0.058223
0.079816 4.545434 0.057533
0.080323 4.437925 0.057183
0.080830 4.435904 0.058128
0.081336 4.470565 0.057957
0.081843 4.448080 0.060078
0.082350 4.484072 0.061019
0.082857 4.489400 0.056999
0.083363 4.433754 0.058541
0.083870 4.468573 0.057971
0.084377 4.430470 0.057555
0.084884 4.439440 0.060037
0.085390 4.532775 0.060017
0.085897 4.498934 0.056795
0.086404 4.483013 0.060064
0.086911 4.418159 0.057460
0.087417 4.412382 0.057899
0.087924 4.453621 0.059097
0.088431 4.517956 0.058673
0.088938 4.461145 0.057344
0.089444 4.395771 0.059043
0.089951 4.385275 0.055430
0.090458 4.434556 0.059389
0.090965 4.465165 0.058336
0.091471 4.364560 0.057530
0.091978 4.406955 0.057387
0.092485 4.288049 0.058764
0.092992 4.422816 0.058254
0.093498 4.412432 0.057789
0.094005 4.412903 0.058038
0.094512 4.380431 0.055541
0.095019 4.426374 0.057242
0.095525 4.344703 0.060162
0.096032 4.384480 0.057930
0.096539 4.305207 0.058526
0.097046 4.316517 0.055994
0.097552 4.428684 0.055549
0.098059 4.313033 0.054427
0.098566 4.431751 0.056551
0.099073 4.317991 0.055957
0.099579 4.371882 0.057118
0.100086 4.357081 0.054930
0.100593 4.322294 0.056853
0.101100 4.356949 0.055672
0.101606 4.323475 0.055169
0.102113 4.338563 0.057857
0.102620 4.335867 0.058587
0.103127 4.315891 0.056933
0.103633 4.388387 0.057422
0.104140 4.337577 0.058301
0.104647 4.356637 0.057681
0.105154 4.427693 0.058195
0.105660 4.409089 0.056927
0.106167 4.272780 0.055053
0.106674 4.365967 0.056402
0.107181 4.285779 0.055790
0.107687 4.210753 0.054962
0.108194 4.247713 0.053506
0.108701 4.278337 0.052638
0.109208 4.366215 0.054722
0.109714 4.329790 0.053296
0.110221 4.323323 0.053378
0.110728 4.321188 0.053852
0.111235 4.178706 0.052709
0.111741 4.191762 0.053262
0.112248 4.312320 0.051199
0.112755 4.253661 0.050829
0.113262 4.311968 0.049791
0.113768 4.214520 0.049349
0.114275 4.286477 0.051449
0.114782 4.204817 0.051041
0.115289 4.211416 0.050414
0.115795 4.268406 0.050113
0.116302 4.231323 0.048542
0.116809 4.251049 0.049412
0.117316 4.295003 0.049767
0.117822 4.211813 0.048324
0.118329 4.129483 0.049629
0.118836 4.245854 0.050352
0.119342 4.273536 0.050158
0.119849 4.325425 0.048621
0.120356 4.250236 0.047791
0.120863 4.184137 0.048372
0.121369 4.124634 0.047635
0.121876 4.215087 0.050387
0.122383 4.169904 0.047071
0.122890 4.238785 0.047660
0.123396 4.280940 0.047928
0.123903 4.168145 0.047089
0.124410 4.216740 0.047948
0.124917 4.174757 0.045821
0.125423 4.277609 0.048058
0.125930 4.183076 0.048242
0.126437 4.205019 0.046067
0.126944 4.170308 0.046254
0.127450 4.229890 0.044906
0.127957 4.194593 0.047557
0.128464 4.180602 0.046439
0.128970 4.160334 0.045319
0.129477 4.206252 0.044183
0.129984 4.246526 0.044780
0.130491 4.185827 0.045610
0.130997 4.203494 0.043502
0.131504 4.148565 0.044469
0.132011 4.209015 0.045382
0.132518 4.186703 0.044075
0.133024 4.169285 0.043295
0.133531 4.238140 0.044377
0.134038 4.166838 0.044364
0.134545 4.209019 0.044153
0.135051 4.179927 0.044025
0.135558 4.176163 0.043007
0.136065 4.181104 0.045075
0.136571 4.230714 0.041908
0.137078 4.231536 0.043945
0.137585 4.141943 0.043850
0.138092 4.117672 0.042456
0.138598 4.160393 0.043579
0.139105 4.176908 0.043480
0.139612 4.189708 0.043417
0.140119 4.178613 0.041497
0.140625 4.152521 0.042547
0.141132 4.135666 0.041797
0.141639 4.141261 0.042234
0.142145 4.114484 0.040945
0.142652 4.100185 0.042909
0.143159 4.223162 0.043320
0.143666 4.194746 0.040669
0.144172 4.193568 0.041457
0.144679 4.146664 0.041083
0.145186 4.112469 0.042810
0.145692 4.018350 0.041696
0.146199 4.079049 0.041590
0.146706 4.162902 0.040645
0.147213 4.179287 0.041716
0.147719 4.198382 0.043235
0.148226 4.056089 0.041256
0.148733 4.156862 0.041530
0.149240 4.063612 0.040563
0.149746 4.129223 0.040697
0.150253 4.025393 0.040717
0.150760 4.032541 0.040155
0.151266 4.141594 0.040597
0.151773 4.119816 0.041608
0.152280 4.124036 0.040353
0.152787 4.131726 0.040886
0.153293 4.047061 0.040442
0.153800 4.087485 0.040578
0.154307 4.084823 0.040910
0.154813 4.076823 0.040386
0.155320 4.101469 0.040832
0.155827 4.044788 0.039310
0.156334 4.185316 0.040395
0.156840 4.133538 0.039380
0.157347 4.104854 0.040555
0.157854 4.154864 0.039102
0.158360 4.119001 0.039374
0.158867 4.081520 0.038857
0.159374 4.013930 0.038740
0.159881 4.035668 0.039900
0.160387 4.108994 0.039881
0.160894 4.050607 0.038775
0.161401 4.020833 0.039022
0.161907 4.077695 0.039087
0.162414 4.120275 0.039353
0.162921 4.097782 0.039197
0.163427 4.029044 0.038801
0.163934 4.020334 0.037768
0.164441 4.085429 0.039431
0.164948 4.019928 0.037547
0.165454 4.065628 0.038747
0.165961 4.073814 0.038635
0.166468 4.110403 0.038294
0.166974 4.053979 0.039578
0.167481 4.067274 0.038916
0.167988 3.984479 0.037818
0.168495 3.972215 0.038569
0.169001 4.042518 0.038609
0.169508 4.087515 0.039556
0.170015 4.036256 0.039021
0.170521 3.999536 0.037972
0.171028 4.058651 0.039052
0.171535 4.029851 0.038900
0.172041 4.006922 0.039390
0.172548 3.994550 0.039525
0.173055 4.063682 0.039539
0.173562 4.057214 0.039940
0.174068 4.025543 0.038929
0.174575 4.045252 0.039232
0.175082 3.976400 0.038597
0.175588 4.004015 0.038873
0.176095 4.001326 0.039512
0.176602 4.014580 0.039416
0.177108 4.052941 0.039331
0.177615 4.002961 0.039448
0.178122 3.982459 0.038861
0.178629 4.032460 0.040202
0.179135 4.054077 0.039677
0.179642 3.952360 0.037981
0.180149 4.023131 0.037794
0.180655 4.037833 0.039372
0.181162 3.993919 0.039730
0.181669 4.009547 0.040073
0.182175 3.986903 0.039184
0.182682 4.071969 0.040308
0.183189 4.042410 0.039892
0.183695 4.035074 0.040050
0.184202 4.150004 0.041124
0.184709 4.006994 0.042080
0.185216 3.971843 0.039819
0.185722 4.058110 0.039890
0.186229 4.049627 0.041159
0.186736 3.972759 0.041542
0.187242 3.987058 0.040733
0.187749 4.019365 0.041017
0.188256 3.965140 0.040808
0.188762 4.033767 0.041487
0.189269 3.979310 0.041458
0.189776 4.000288 0.042926
0.190282 3.947603 0.040252
0.190789 4.021046 0.040976
0.191296 4.061127 0.042103
0.191802 3.964328 0.041081
0.192309 4.021294 0.042267
0.192816 3.980723 0.041033
0.193323 4.004459 0.041401
0.193829 3.937293 0.041370
0.194336 3.940628 0.041105
0.194843 3.938776 0.040987
0.195349 3.938562 0.042704
0.195856 3.953018 0.041182
0.196363 4.028539 0.041597
0.196869 4.028019 0.043034
0.197376 3.937660 0.041309
0.197883 3.930873 0.042066
0.198389 3.989590 0.042055
0.198896 3.951224 0.042413
0.199403 3.983442 0.043619
0.199909 3.984173 0.041905
0.200416 4.035258 0.042930
0.200923 3.957771 0.042645
0.201429 3.940460 0.042680
0.201936 3.959509 0.042601
0.202443 3.945461 0.041826
0.202949 3.921712 0.042148
0.203456 3.973470 0.042808
0.203963 3.980547 0.041824
0.204469 3.949308 0.042547
0.204976 4.013514 0.043396
0.205483 4.019748 0.044219
0.205989 3.940833 0.042881
0.206496 3.884571 0.042260
0.207003 3.946285 0.043802
0.207509 3.942044 0.042985
0.208016 4.030004 0.043659
0.208523 3.987582 0.043434
0.209029 3.904035 0.041218
0.209536 3.901238 0.041017
0.210043 4.007326 0.042625
0.210549 3.955116 0.041623
0.211056 3.908134 0.042237
0.211563 3.971104 0.042033
0.212069 3.910248 0.041064
0.212576 3.995273 0.044131
0.213083 3.955704 0.042657
0.213589 3.908442 0.042480
0.214096 3.875440 0.042374
0.214603 3.954069 0.043931
0.215109 3.899534 0.042956
0.215616 3.888406 0.042613
0.216123 3.914750 0.042048
0.216629 3.826507 0.042231
0.217136 3.908513 0.041628
0.217643 3.938644 0.041852
0.218149 3.896965 0.042847
0.218656 3.928453 0.042984
0.219163 3.805649 0.041115
0.219669 3.923019 0.042000
0.220176 3.933398 0.042103
0.220683 3.808010 0.041452
0.221189 3.885773 0.041508
0.221696 3.811831 0.041246
0.222203 3.872472 0.040897
0.222709 3.894140 0.042019
0.223216 3.914763 0.042157
0.223722 3.837512 0.041462
0.224229 3.967906 0.042585
0.224736 3.891332 0.042841
0.225242 3.966410 0.041721
0.225749 3.864728 0.041269
0.226256 3.893866 0.042469
0.226762 3.896175 0.041141
0.227269 3.920603 0.041189
0.227776 3.890114 0.041465
0.228282 3.817974 0.040237
0.228789 3.824455 0.041315
0.229296 3.892514 0.040359
0.229802 3.828429 0.039735
0.230309 3.803102 0.040932
0.230816 3.831133 0.040742
0.231322 3.904665 0.040065
0.231829 3.819228 0.039682
0.232335 3.914495 0.040373
0.232842 3.872818 0.038855
0.233349 3.840909 0.038365
0.233855 3.785864 0.039538
0.234362 3.827999 0.038841
0.234869 3.820278 0.039524
0.235375 3.822767 0.038655
0.235882 3.907589 0.039465
0.236389 3.883277 0.038554
0.236895 3.874436 0.038948
0.237402 3.839661 0.038924
0.237908 3.862449 0.039390
0.238415 3.886299 0.038573
0.238922 3.826701 0.039232
0.239428 3.863823 0.038581
0.239935 3.848182 0.038307
0.240442 3.831397 0.038655
0.240948 3.880143 0.038189
0.241455 3.819595 0.038695
0.241962 3.878417 0.039400
0.242468 3.770882 0.038053
0.242975 3.782030 0.038390
0.243481 3.860515 0.038397
0.243988 3.843175 0.037137
0.244495 3.861929 0.038777
0.245001 3.766985 0.036297
0.245508 3.816871 0.037075
0.246015 3.867144 0.038290
0.246521 3.772629 0.037837
0.247028 3.861440 0.037569
0.247534 3.898453 0.038064
0.248041 3.806427 0.037155
0.248548 3.783151 0.037167
0.249054 3.833216 0.037120
0.249561 3.829767 0.037213
0.250068 3.842726 0.037343
0.250574 3.806268 0.036891
0.251081 3.740777 0.036622
0.251587 3.813054 0.037199
0.252094 3.810122 0.037195
0.252601 3.810084 0.037119
0.253107 3.827932 0.036886
0.253614 3.783668 0.035906
0.254120 3.802786 0.036965
0.254627 3.791988 0.036451
0.255134 3.833115 0.036957
0.255640 3.779381 0.035935
0.256147 3.836821 0.036112
0.256654 3.808200 0.036396
0.257160 3.766606 0.035823
0.257667 3.754597 0.035107
0.258173 3.688931 0.034928
0.258680 3.783502 0.036108
0.259187 3.729812 0.035003
0.259693 3.784325 0.035141
0.260200 3.747435 0.035199
0.260706 3.752676 0.034799
0.261213 3.761228 0.034344
0.261720 3.761616 0.036254
0.262226 3.762301 0.035113
0.262733 3.745754 0.035269
0.263239 3.784389 0.034886
0.263746 3.777305 0.035051
0.264253 3.750125 0.034635
0.264759 3.795835 0.035003
0.265266 3.780624 0.034986
0.265772 3.804747 0.034989
0.266279 3.724309 0.034388
0.266786 3.788178 0.035233
0.267292 3.729272 0.034548
0.267799 3.805800 0.034242
0.268305 3.760191 0.034582
0.268812 3.747478 0.034343
0.269319 3.710866 0.033475
0.269825 3.766764 0.033965
0.270332 3.780378 0.034042
0.270838 3.788358 0.034761
0.271345 3.756281 0.033888
0.271852 3.800448 0.034302
0.272358 3.695903 0.034193
0.272865 3.784038 0.034255
0.273371 3.787209 0.034376
0.273878 3.728476 0.033082
0.274385 3.757554 0.033766
0.274891 3.726801 0.033192
0.275398 3.731003 0.034025
0.275904 3.731978 0.034439
0.276411 3.711561 0.033407
0.276917 3.752787 0.033901
0.277424 3.739584 0.033871
0.277931 3.695248 0.033521
0.278437 3.745520 0.033723
0.278944 3.675464 0.033061
0.279450 3.643462 0.032799
0.279957 3.755921 0.033189
0.280464 3.672261 0.032812
0.280970 3.690919 0.032776
0.281477 3.800563 0.033260
0.281983 3.651832 0.032806
0.282490 3.766795 0.032693
0.282996 3.762766 0.033312
0.283503 3.682050 0.032509
0.284010 3.690455 0.033210
0.284516 3.682334 0.032737
0.285023 3.723843 0.032710
0.285529 3.693609 0.032833
0.286036 3.664645 0.032633
0.286542 3.642702 0.033881
0.287049 3.676137 0.032625
0.287556 3.762604 0.033253
0.288062 3.674511 0.033865
0.288569 3.661933 0.032785
0.289075 3.642665 0.033235
0.289582 3.721895 0.032709
0.290088 3.594757 0.032096
0.290595 3.707149 0.032663
0.291102 3.667344 0.032900
0.291608 3.747821 0.034177
0.292115 3.716857 0.033031
0.292621 3.727834 0.032472
0.293128 3.674759 0.032945
0.293634 3.659188 0.032627
0.294141 3.664592 0.033132
0.294647 3.636328 0.032432
0.295154 3.689271 0.033258
0.295661 3.665647 0.032721
0.296167 3.670486 0.033130
0.296674 3.649328 0.032375
0.297180 3.631748 0.033611
0.297687 3.630547 0.032497
0.298193 3.643542 0.032577
0.298700 3.640411 0.032742
0.299206 3.611002 0.032486
0.299713 3.627721 0.032229
0.300220 3.626533 0.032739
0.300726 3.674733 0.033004
0.301233 3.588934 0.033007
0.301739 3.686083 0.032859
0.302246 3.592640 0.032526
0.302752 3.608893 0.032879
0.303259 3.598508 0.032930
0.303765 3.605850 0.032507
0.304272 3.617007 0.031915
0.304779 3.628635 0.033155
0.305285 3.631708 0.032081
0.305792 3.664185 0.032109
0.306298 3.605008 0.032948
0.306805 3.644842 0.032499
0.307311 3.683283 0.032737
0.307818 3.620152 0.032358
0.308324 3.594037 0.032489
0.308831 3.607920 0.032236
0.309337 3.628578 0.032201
0.309844 3.595350 0.032296
0.310350 3.573603 0.033361
0.310857 3.692274 0.033595
0.311364 3.637822 0.034040
0.311870 3.629118 0.033157
0.312377 3.600272 0.034127
0.312883 3.616745 0.033732
0.313390 3.634107 0.034368
0.313896 3.590947 0.034464
0.314403 3.646509 0.034947
0.314909 3.638552 0.033995
0.315416 3.593156 0.035126
0.315922 3.624275 0.034060
0.316429 3.619744 0.035295
0.316935 3.603498 0.035477
0.317442 3.582383 0.034973
0.317948 3.619611 0.034931
0.318455 3.572333 0.035401
0.318961 3.609381 0.035386
0.319468 3.564656 0.034894
0.319975 3.604048 0.034457
0.320481 3.567019 0.035256
0.320988 3.545983 0.035857
0.321494 3.633032 0.036395
0.322001 3.609851 0.035249
0.322507 3.542443 0.035394
0.323014 3.597854 0.035753
0.323520 3.615396 0.034889
0.324027 3.575190 0.035568
0.324533 3.615352 0.035259
0.325040 3.583980 0.034918
0.325546 3.626622 0.036430
0.326053 3.634475 0.035577
0.326559 3.539484 0.034993
0.327066 3.650276 0.035782
0.327572 3.580184 0.035538
0.328079 3.575732 0.035752
0.328585 3.640264 0.035868
0.329092 3.578982 0.034316
0.329598 3.605876 0.035922
0.330105 3.551318 0.035200
0.330611 3.590035 0.036005
0.331118 3.570638 0.035697
0.331624 3.547856 0.035270
0.332131 3.559759 0.034915
0.332637 3.672989 0.036344
0.333144 3.558994 0.036099
0.333650 3.563275 0.035365
0.334157 3.586304 0.035576
0.334663 3.638839 0.036272
0.335170 3.616293 0.037002
0.335676 3.552563 0.035984
0.336183 3.616019 0.036101
0.336689 3.549710 0.036753
0.337196 3.550812 0.036253
0.337702 3.585730 0.036270
0.338209 3.550463 0.035667
0.338715 3.583403 0.035945
0.339222 3.567745 0.035695
0.339728 3.553123 0.036157
0.340235 3.562780 0.037030
0.340741 3.571493 0.036125
0.341248 3.570418 0.036305
0.341754 3.584693 0.036569
0.342261 3.587313 0.037208
0.342767 3.618532 0.036793
0.343274 3.557649 0.036051
0.343780 3.565097 0.037454
0.344287 3.554035 0.037046
0.344793 3.556077 0.035641
0.345300 3.538156 0.036596
0.345806 3.544365 0.036255
0.346313 3.553872 0.036046
0.346819 3.571604 0.036488
0.347325 3.598706 0.036946
0.347832 3.565312 0.036343
0.348338 3.567982 0.036403
0.348845 3.563895 0.036515
0.349351 3.523645 0.035527
0.349858 3.576250 0.036151
0.350364 3.510529 0.037206
0.350871 3.543648 0.037858
0.351377 3.548324 0.036404
0.351884 3.523720 0.036546
0.352390 3.541450 0.037469
0.352897 3.581124 0.037035
0.353403 3.538283 0.035743
0.353910 3.528549 0.037368
0.354416 3.531815 0.036650
0.354923 3.524236 0.036427
0.355429 3.556240 0.035488
0.355935 3.525890 0.036083
0.356442 3.561025 0.035276
0.356948 3.574394 0.034481
0.357455 3.489083 0.034315
0.357961 3.504888 0.034926
0.358468 3.573701 0.034129
0.358974 3.530651 0.034667
0.359481 3.572690 0.035911
0.359987 3.533890 0.036120
0.360494 3.590210 0.035941
0.361000 3.558540 0.035079
0.361506 3.509656 0.035510
0.362013 3.503400 0.035498
0.362519 3.542163 0.035118
0.363026 3.512699 0.034895
0.363532 3.507033 0.035444
0.364039 3.479957 0.035348
0.364545 3.476960 0.035755
0.365052 3.558385 0.035600
0.365558 3.542743 0.036025
0.366064 3.480761 0.036904
0.366571 3.539833 0.035533
0.367077 3.515011 0.035860
0.367584 3.482748 0.035233
0.368090 3.485814 0.035112
0.368597 3.516842 0.036144
0.369103 3.483808 0.036799
0.369610 3.408099 0.036620
0.370116 3.524536 0.038046
0.370622 3.456032 0.036630
0.371129 3.469600 0.037589
0.371635 3.471665 0.037257
0.372142 3.478274 0.037916
0.372648 3.420637 0.037652
0.373155 3.464260 0.037601
0.373661 3.471172 0.037752
0.374167 3.485450 0.037048
0.374674 3.511528 0.038484
0.375180 3.532373 0.038328
0.375687 3.490823 0.038907
0.376193 3.485648 0.039526
0.376700 3.505188 0.038964
0.377206 3.410393 0.038776
0.377712 3.491761 0.039135
0.378219 3.545376 0.038709
0.378725 3.490557 0.039307
0.379232 3.487071 0.039176
0.379738 3.471481 0.039594
0.380245 3.532737 0.040033
0.380751 3.532839 0.039841
0.381257 3.468759 0.040488
0.381764 3.425935 0.039204
0.382270 3.447866 0.039420
0.382777 3.470181 0.041269
0.383283 3.467108 0.040699
0.383789 3.469919 0.041105
0.384296 3.454659 0.040561
0.384802 3.517976 0.041288
0.385309 3.514455 0.040830
0.385815 3.519338 0.041465
0.386321 3.436669 0.040957
0.386828 3.437762 0.042368
0.387334 3.449111 0.043200
0.387841 3.469372 0.042079
0.388347 3.449537 0.043679
0.388853 3.423816 0.042058
0.389360 3.412597 0.042753
0.389866 3.452354 0.043216
0.390373 3.457962 0.043969
0.390879 3.417283 0.043513
0.391385 3.440755 0.043425
0.391892 3.358135 0.042788
0.392398 3.485878 0.045191
0.392905 3.415193 0.043109
0.393411 3.499494 0.046312
0.393917 3.389590 0.044999
0.394424 3.526963 0.052366
0.394930 3.354244 0.045201
0.395437 3.439688 0.047159
0.395943 3.499536 0.045695
0.396449 3.486564 0.044863
0.396956 3.443039 0.045084
0.397462 3.465276 0.047399
0.397969 3.447242 0.046629
0.398475 3.381641 0.044854
0.398981 3.420880 0.045637
0.399488 3.425133 0.046858
0.399994 3.391588 0.048039
0.400500 3.453674 0.048027
0.401007 3.312694 0.048454
0.401513 3.391904 0.046764
0.402020 3.463914 0.049623
0.402526 3.305910 0.046984
0.403032 3.499055 0.048680
0.403539 3.305137 0.046922
0.404045 3.465389 0.047940
0.404551 3.365495 0.047443
0.405058 3.393064 0.048345
0.405564 3.335629 0.046877
0.406071 3.326210 0.050378
0.406577 3.460361 0.049874
0.407083 3.362676 0.048013
0.407590 3.438725 0.049405
0.408096 3.376797 0.051369
0.408602 3.392720 0.048150
0.409109 3.354636 0.049182
0.409615 3.345367 0.051716
0.410121 3.308194 0.050218
0.410628 3.384264 0.050015
0.411134 3.346103 0.050629
0.411641 3.363267 0.051192
0.412147 3.436108 0.051047
0.412653 3.365214 0.051217
0.413160 3.399936 0.052566
0.413666 3.266407 0.050332
0.414172 3.279249 0.051893
0.414679 3.232227 0.050327
0.415185 3.266340 0.050358
0.415691 3.333009 0.053135
0.416198 3.334779 0.052369
0.416704 3.376684 0.052556
0.417210 3.371584 0.054737
0.417717 3.260884 0.051825
0.418223 3.365319 0.051475
0.418729 3.401758 0.051297
0.419236 3.250534 0.051281
0.419742 3.284611 0.052872
0.420248 3.449857 0.053035
0.420755 3.344198 0.054484
0.421261 3.363786 0.053160
0.421767 3.249908 0.052401
0.422274 3.322740 0.053007
0.422780 3.381636 0.054493
0.423286 3.442092 0.055035
0.423793 3.377493 0.054510
0.424299 3.272876 0.054736
0.424805 3.337478 0.054579
0.425312 3.313055 0.054289
0.425818 3.326046 0.056685
0.426324 3.200405 0.055966
0.426831 3.324300 0.059485
0.427337 3.239731 0.053534
0.427843 3.261514 0.059988
0.428350 3.368066 0.057641
0.428856 3.307287 0.055699
0.429362 3.302154 0.057332
0.429869 3.220716 0.057037
0.430375 3.321238 0.060247
0.430881 3.311407 0.056947
0.431388 3.360553 0.060323
0.431894 3.303178 0.060037
0.432400 3.320439 0.059489
0.432907 3.371209 0.058610
0.433413 3.337901 0.060362
0.433919 3.353426 0.063033
0.434425 3.300702 0.062757
0.434932 3.331592 0.061398
0.435438 3.327836 0.065573
0.435944 3.432733 0.066992
0.436451 3.354292 0.067366
0.436957 3.239062 0.066801
0.437463 3.352326 0.064840
0.437970 3.364703 0.066814
0.438476 3.349512 0.066906
0.438982 3.315029 0.069204
0.439488 3.358028 0.069044
0.439995 3.297777 0.067469
