0.009882 112.750408 24.793072
0.010389 63.553444 13.701843
0.010896 71.115697 13.224890
0.011402 59.545743 10.369007
0.011909 33.982635 5.809426
0.012416 42.015392 6.194522
0.012923 29.822104 3.733335
0.013430 24.500166 3.498695
0.013936 21.769389 2.380869
0.014443 19.641180 1.732685
0.014950 16.328262 1.127042
0.015457 16.233023 0.890427
0.015963 14.843893 0.747997
0.016470 14.079899 0.540589
0.016977 12.948417 0.372298
0.017484 12.005544 0.437579
0.017990 11.646909 0.300400
0.018497 10.524889 0.254671
0.019004 10.283794 0.219298
0.019511 9.697508 0.210535
0.020018 9.134833 0.208069
0.020524 9.077069 0.197992
0.021031 8.384756 0.185376
0.021538 8.550337 0.172398
0.022045 7.708914 0.175120
0.022551 8.003591 0.167121
0.023058 7.571582 0.155422
0.023565 7.313819 0.150659
0.024072 7.315951 0.133374
0.024579 7.289641 0.144625
0.025085 7.058341 0.142219
0.025592 6.877556 0.138553
0.026099 6.812166 0.142998
0.026606 6.462512 0.127401
0.027112 6.445751 0.130072
0.027619 6.394860 0.122816
0.028126 6.508471 0.121649
0.028633 6.116471 0.112984
0.029139 6.429433 0.120194
0.029646 6.172467 0.109686
0.030153 5.958903 0.116104
0.030660 6.039094 0.107025
0.031167 5.913264 0.114306
0.031673 5.801465 0.110783
0.032180 5.717969 0.109628
0.032687 5.616392 0.105153
0.033194 5.747797 0.105651
0.033700 5.500240 0.104675
0.034207 5.777618 0.105963
0.034714 5.539997 0.098205
0.035221 5.624342 0.100154
0.035727 5.341333 0.095634
0.036234 5.457625 0.094496
0.036741 5.366770 0.093288
0.037248 5.211333 0.094484
0.037755 5.304492 0.098263
0.038261 5.075243 0.091663
0.038768 5.298003 0.091744
0.039275 5.111058 0.083369
0.039782 5.185915 0.090663
0.040288 5.285130 0.091602
0.040795 5.316459 0.088617
0.041302 5.160775 0.086261
0.041809 5.194242 0.085453
0.042315 5.156982 0.084769
0.042822 5.038817 0.084636
0.043329 4.941098 0.084899
0.043836 5.193885 0.083245
0.044343 4.891432 0.078411
0.044849 4.843732 0.078233
0.045356 4.863380 0.079627
0.045863 5.000405 0.085509
0.046370 4.930516 0.080229
0.046876 4.690144 0.078723
0.047383 4.871603 0.079072
0.047890 4.916445 0.079190
0.048397 4.955110 0.077742
0.048903 4.844355 0.076674
0.049410 4.898702 0.077172
0.049917 4.921460 0.077628
0.050424 4.888260 0.079573
0.050931 4.811987 0.076651
0.051437 4.851330 0.074140
0.051944 4.765478 0.074540
0.052451 4.819127 0.071889
0.052958 4.803288 0.072730
0.053464 4.816321 0.070903
0.053971 4.919815 0.073522
0.054478 4.685040 0.070107
0.054985 4.827765 0.073917
0.055491 4.806913 0.069727
0.055998 4.806682 0.069959
0.056505 4.758548 0.072015
0.057012 4.741494 0.067836
0.057519 4.701899 0.069959
0.058025 4.698483 0.070561
0.058532 4.710694 0.069232
0.059039 4.593786 0.069233
0.059546 4.598770 0.067060
0.060052 4.447406 0.062936
0.060559 4.613001 0.067502
0.061066 4.654363 0.067290
0.061573 4.608404 0.064699
0.062079 4.616966 0.064751
0.062586 4.553502 0.066205
0.063093 4.633051 0.063500
0.063600 4.553664 0.065827
0.064106 4.713554 0.065893
0.064613 4.705815 0.065875
0.065120 4.542644 0.065972
0.065627 4.698964 0.064021
0.066134 4.593301 0.065307
0.066640 4.605483 0.062675
0.067147 4.658285 0.063354
0.067654 4.490387 0.062880
0.068161 4.584894 0.062565
0.068667 4.561412 0.062774
0.069174 4.563943 0.061569
0.069681 4.583976 0.063476
0.070188 4.567792 0.061179
0.070694 4.606087 0.062227
0.071201 4.555978 0.060291
0.071708 4.493368 0.062732
0.072215 4.435927 0.060314
0.072721 4.499665 0.061232
0.073228 4.437004 0.061427
0.073735 4.503343 0.060721
0.074242 4.560620 0.059926
0.074748 4.579596 0.060898
0.075255 4.500188 0.061771
0.075762 4.494853 0.059968
0.076269 4.508046 0.057529
0.076776 4.495522 0.058189
0.077282 4.521593 0.057641
0.077789 4.423054 0.058274
0.078296 4.478958 0.057383
0.078803 4.473586 0.056161
0.079309 4.552331 0.058377
0.079816 4.568969 0.057899
0.080323 4.570563 0.059473
0.080830 4.451786 0.059489
0.081336 4.461825 0.057581
0.081843 4.554253 0.058704
0.082350 4.453038 0.057654
0.082857 4.631734 0.060168
0.083363 4.496820 0.057140
0.083870 4.466184 0.059759
0.084377 4.455773 0.060083
0.084884 4.295740 0.058845
0.085390 4.400927 0.056931
0.085897 4.475045 0.059749
0.086404 4.447231 0.059571
0.086911 4.370756 0.058304
0.087417 4.349961 0.056885
0.087924 4.548297 0.060048
0.088431 4.520326 0.057425
0.088938 4.407969 0.058979
0.089444 4.405868 0.059999
0.089951 4.510701 0.058191
0.090458 4.405618 0.056863
0.090965 4.437378 0.058359
0.091471 4.339108 0.058980
0.091978 4.396716 0.056654
0.092485 4.429009 0.058842
0.092992 4.289234 0.055738
0.093498 4.350692 0.057984
0.094005 4.415277 0.057040
0.094512 4.280319 0.057225
0.095019 4.416028 0.057368
0.095525 4.225872 0.056682
0.096032 4.420343 0.055630
0.096539 4.446049 0.058875
0.097046 4.406205 0.055872
0.097552 4.309339 0.055028
0.098059 4.333952 0.057099
0.098566 4.266711 0.055994
0.099073 4.352225 0.057904
0.099579 4.309405 0.056796
0.100086 4.305760 0.055513
0.100593 4.418648 0.058496
0.101100 4.329326 0.055824
0.101606 4.359732 0.055287
0.102113 4.384036 0.055430
0.102620 4.289756 0.055767
0.103127 4.343216 0.056874
0.103633 4.439792 0.058047
0.104140 4.273570 0.060318
0.104647 4.341717 0.057907
0.105154 4.346073 0.055895
0.105660 4.331133 0.056116
0.106167 4.342649 0.057788
0.106674 4.393177 0.056626
0.107181 4.294385 0.053054
0.107687 4.302215 0.051589
0.108194 4.268790 0.054068
0.108701 4.309666 0.052325
0.109208 4.311320 0.053265
0.109714 4.310422 0.052280
0.110221 4.253645 0.051494
0.110728 4.254805 0.051517
0.111235 4.271027 0.051807
0.111741 4.154707 0.051283
0.112248 4.191202 0.051640
0.112755 4.235504 0.050956
0.113262 4.238884 0.051528
0.113768 4.292880 0.051278
0.114275 4.288325 0.050095
0.114782 4.240029 0.049867
0.115289 4.180878 0.049938
0.115795 4.213821 0.050101
0.116302 4.275844 0.050231
0.116809 4.230055 0.049932
0.117316 4.166654 0.049872
0.117822 4.198886 0.047556
0.118329 4.234224 0.049332
0.118836 4.239519 0.049635
0.119342 4.204709 0.048753
0.119849 4.191417 0.049461
0.120356 4.211774 0.050544
0.120863 4.110270 0.046397
0.121369 4.172120 0.048112
0.121876 4.201753 0.048060
0.122383 4.155213 0.046653
0.122890 4.258720 0.048070
0.123396 4.237956 0.047555
0.123903 4.233247 0.048269
0.124410 4.181462 0.047337
0.124917 4.152486 0.046803
0.125423 4.180209 0.046875
0.125930 4.162710 0.047216
0.126437 4.130510 0.046580
0.126944 4.146484 0.046121
0.127450 4.247702 0.045441
0.127957 4.203289 0.045342
0.128464 4.176990 0.046045
0.128970 4.164974 0.045161
0.129477 4.173150 0.047577
0.129984 4.195538 0.043784
0.130491 4.148277 0.044744
0.130997 4.268279 0.044677
0.131504 4.160274 0.044052
0.132011 4.232537 0.045098
0.132518 4.220287 0.044909
0.133024 4.258884 0.044935
0.133531 4.213111 0.044702
0.134038 4.131616 0.044876
0.134545 4.188635 0.044244
0.135051 4.100116 0.044507
0.135558 4.167092 0.043762
0.136065 4.164174 0.043223
0.136571 4.138935 0.043511
0.137078 4.198148 0.043642
0.137585 4.133490 0.044446
0.138092 4.196134 0.043529
0.138598 4.145750 0.043298
0.139105 4.067214 0.042708
0.139612 4.138178 0.042620
0.140119 4.191769 0.042517
0.140625 4.184612 0.042991
0.141132 4.112008 0.040861
0.141639 4.166136 0.042171
0.142145 4.034634 0.042333
0.142652 4.108270 0.041833
0.143159 4.141836 0.043262
0.143666 4.101588 0.042536
0.144172 4.119692 0.041607
0.144679 4.115870 0.041954
0.145186 4.177740 0.041688
0.145692 4.047615 0.040784
0.146199 4.094109 0.041947
0.146706 4.207646 0.041141
0.147213 4.104298 0.041618
0.147719 4.122024 0.040566
0.148226 4.091909 0.042375
0.148733 4.142010 0.041041
0.149240 4.125017 0.041314
0.149746 4.082964 0.041821
0.150253 4.086001 0.042462
0.150760 4.112070 0.041256
0.151266 4.007675 0.040829
0.151773 4.119816 0.041116
0.152280 4.143566 0.041043
0.152787 4.094693 0.041694
0.153293 4.107673 0.040715
0.153800 3.966782 0.038806
0.154307 4.133658 0.040284
0.154813 4.032310 0.039285
0.155320 4.047581 0.040531
0.155827 4.062141 0.040383
0.156334 4.082788 0.038914
0.156840 4.053652 0.039516
0.157347 4.054944 0.039528
0.157854 4.111104 0.040280
0.158360 4.056145 0.039304
0.158867 4.061633 0.038715
0.159374 4.095329 0.040153
0.159881 4.082236 0.039054
0.160387 4.069816 0.038568
0.160894 4.071438 0.038986
0.161401 4.071952 0.039557
0.161907 4.123949 0.039100
0.162414 4.062759 0.038720
0.162921 4.001091 0.038359
0.163427 4.117682 0.037953
0.163934 4.087221 0.038403
0.164441 4.032406 0.039172
0.164948 4.028152 0.037772
0.165454 4.026350 0.038330
0.165961 3.932171 0.038010
0.166468 4.046080 0.037917
0.166974 4.041382 0.038493
0.167481 4.099472 0.037521
0.167988 3.984117 0.037778
0.168495 4.014895 0.038863
0.169001 3.990350 0.038584
0.169508 3.969736 0.038324
0.170015 4.017882 0.038355
0.170521 4.012568 0.039973
0.171028 4.019128 0.039120
0.171535 3.989637 0.038931
0.172041 3.933007 0.039835
0.172548 3.992617 0.039577
0.173055 4.074798 0.038938
0.173562 4.008900 0.039143
0.174068 3.993306 0.039314
0.174575 4.007465 0.039367
0.175082 3.936563 0.038166
0.175588 4.007515 0.038836
0.176095 3.972586 0.038582
0.176602 4.013805 0.039525
0.177108 4.088989 0.040142
0.177615 3.980806 0.040153
0.178122 3.946788 0.039115
0.178629 3.991016 0.038809
0.179135 4.033039 0.038920
0.179642 3.969912 0.040053
0.180149 3.916540 0.039015
0.180655 4.000835 0.038719
0.181162 4.090971 0.039668
0.181669 3.994692 0.039213
0.182175 4.054250 0.039799
0.182682 3.963554 0.039464
0.183189 3.953561 0.039544
0.183695 3.976235 0.039382
0.184202 3.975404 0.040640
0.184709 3.963054 0.040346
0.185216 4.022291 0.041466
0.185722 4.011273 0.039822
0.186229 4.027086 0.039510
0.186736 3.960296 0.040215
0.187242 3.989197 0.040262
0.187749 3.975965 0.041905
0.188256 4.089763 0.041740
0.188762 4.002066 0.040750
0.189269 4.029205 0.041031
0.189776 3.983898 0.041988
0.190282 3.920348 0.040361
0.190789 3.943676 0.041018
0.191296 3.920302 0.040761
0.191802 4.031535 0.043318
0.192309 4.035506 0.043187
0.192816 4.042475 0.042274
0.193323 3.992279 0.041176
0.193829 3.935931 0.042623
0.194336 4.015705 0.043561
0.194843 3.970510 0.042325
0.195349 3.998651 0.041716
0.195856 3.922697 0.041493
0.196363 3.935611 0.042284
0.196869 4.038098 0.042757
0.197376 3.947626 0.041839
0.197883 3.893089 0.041627
0.198389 3.956527 0.043162
0.198896 3.969534 0.042899
0.199403 3.983897 0.042002
0.199909 3.988766 0.043326
0.200416 3.934411 0.042000
0.200923 3.958256 0.042127
0.201429 3.943712 0.041542
0.201936 3.990585 0.042925
0.202443 3.920816 0.041948
0.202949 4.011930 0.043071
0.203456 3.888494 0.041268
0.203963 3.958394 0.041807
0.204469 3.965583 0.042630
0.204976 3.916747 0.044095
0.205483 3.948202 0.042270
0.205989 3.889260 0.042019
0.206496 3.904604 0.042747
0.207003 3.963604 0.041803
0.207509 4.058993 0.042543
0.208016 3.926464 0.041649
0.208523 4.012847 0.042436
0.209029 4.018111 0.042367
0.209536 3.957829 0.041530
0.210043 3.971716 0.042152
0.210549 3.928755 0.041763
0.211056 4.014055 0.042326
0.211563 3.985541 0.041922
0.212069 3.979685 0.043453
0.212576 3.915321 0.042404
0.213083 3.975023 0.043742
0.213589 3.978515 0.042554
0.214096 3.899930 0.040439
0.214603 3.836598 0.042240
0.215109 3.981785 0.042102
0.215616 3.869668 0.042898
0.216123 3.900732 0.041662
0.216629 3.841030 0.041569
0.217136 3.869074 0.041436
0.217643 3.916965 0.042210
0.218149 3.923840 0.043441
0.218656 3.841674 0.041071
0.219163 3.895954 0.042008
0.219669 3.897626 0.041598
0.220176 3.865201 0.041995
0.220683 3.873332 0.042533
0.221189 3.865843 0.041697
0.221696 3.785356 0.041832
0.222203 3.962162 0.041856
0.222709 3.950479 0.042543
0.223216 3.947583 0.043551
0.223722 3.864398 0.042122
0.224229 3.817990 0.040943
0.224736 3.887283 0.041009
0.225242 3.822027 0.041996
0.225749 3.788803 0.042651
0.226256 3.871133 0.040997
0.226762 3.891719 0.040699
0.227269 3.909237 0.041441
0.227776 3.864621 0.041840
0.228282 3.907560 0.040725
0.228789 3.863195 0.040924
0.229296 3.906072 0.040751
0.229802 3.914530 0.041585
0.230309 3.838013 0.039198
0.230816 3.862782 0.040372
0.231322 3.843883 0.039549
0.231829 3.876478 0.040146
0.232335 3.860773 0.039694
0.232842 3.892193 0.039166
0.233349 3.837212 0.039354
0.233855 3.916540 0.039241
0.234362 3.866097 0.039575
0.234869 3.822793 0.038484
0.235375 4.016812 0.039661
0.235882 3.854607 0.039150
0.236389 3.795003 0.039293
0.236895 3.915822 0.039919
0.237402 3.819528 0.038762
0.237908 3.829348 0.037971
0.238415 3.778027 0.038456
0.238922 3.846611 0.039523
0.239428 3.830988 0.038490
0.239935 3.884954 0.040066
0.240442 3.828196 0.038166
0.240948 3.769996 0.038623
0.241455 3.805120 0.037862
0.241962 3.842069 0.037985
0.242468 3.885175 0.037815
0.242975 3.852522 0.038114
0.243481 3.809679 0.037696
0.243988 3.785253 0.037879
0.244495 3.803282 0.038608
0.245001 3.753752 0.037714
0.245508 3.815746 0.037486
0.246015 3.796757 0.038162
0.246521 3.817036 0.037934
0.247028 3.849343 0.037422
0.247534 3.786624 0.036372
0.248041 3.814525 0.038002
0.248548 3.790125 0.038256
0.249054 3.813734 0.037232
0.249561 3.827140 0.036844
0.250068 3.770575 0.036712
0.250574 3.795841 0.036664
0.251081 3.799959 0.037075
0.251587 3.775430 0.036563
0.252094 3.739045 0.036012
0.252601 3.746955 0.036621
0.253107 3.790447 0.036400
0.253614 3.853286 0.037918
0.254120 3.764630 0.036015
0.254627 3.781737 0.035940
0.255134 3.797640 0.036311
0.255640 3.763440 0.035975
0.256147 3.825961 0.036176
0.256654 3.772356 0.036299
0.257160 3.729441 0.035431
0.257667 3.799798 0.035617
0.258173 3.727174 0.034749
0.258680 3.785234 0.035449
0.259187 3.827091 0.036177
0.259693 3.782697 0.035559
0.260200 3.788310 0.035206
0.260706 3.828532 0.034913
0.261213 3.853573 0.035695
0.261720 3.752782 0.034965
0.262226 3.756944 0.035275
0.262733 3.738467 0.034702
0.263239 3.737361 0.034951
0.263746 3.822075 0.035998
0.264253 3.802537 0.034587
0.264759 3.809444 0.035166
0.265266 3.799407 0.035101
0.265772 3.716539 0.034097
0.266279 3.751034 0.034620
0.266786 3.796900 0.034486
0.267292 3.746703 0.034359
0.267799 3.785584 0.034185
0.268305 3.721889 0.034508
0.268812 3.779639 0.034386
0.269319 3.750329 0.034963
0.269825 3.723772 0.034089
0.270332 3.717260 0.034932
0.270838 3.681936 0.034589
0.271345 3.695073 0.033313
0.271852 3.720193 0.034236
0.272358 3.727500 0.034396
0.272865 3.735748 0.034008
0.273371 3.735874 0.033810
0.273878 3.702305 0.034532
0.274385 3.707470 0.033573
0.274891 3.730494 0.033731
0.275398 3.730384 0.033713
0.275904 3.756289 0.035373
0.276411 3.711561 0.033017
0.276917 3.740854 0.033538
0.277424 3.744160 0.033596
0.277931 3.699227 0.033742
0.278437 3.720989 0.033537
0.278944 3.680299 0.033266
0.279450 3.696526 0.033654
0.279957 3.732897 0.033480
0.280464 3.761113 0.033445
0.280970 3.722692 0.033708
0.281477 3.674647 0.033538
0.281983 3.701398 0.032677
0.282490 3.655607 0.033061
0.282996 3.711605 0.033578
0.283503 3.662044 0.033239
0.284010 3.698692 0.033363
0.284516 3.704945 0.032549
0.285023 3.755531 0.032702
0.285529 3.687269 0.032694
0.286036 3.643783 0.032847
0.286542 3.684967 0.032220
0.287049 3.773668 0.032839
0.287556 3.707416 0.032977
0.288062 3.642212 0.032667
0.288569 3.707016 0.032706
0.289075 3.683882 0.032869
0.289582 3.660013 0.032288
0.290088 3.685115 0.032678
0.290595 3.655100 0.032877
0.291102 3.706196 0.032921
0.291608 3.632594 0.032875
0.292115 3.658352 0.033080
0.292621 3.686393 0.033050
0.293128 3.604046 0.032252
0.293634 3.646763 0.032497
0.294141 3.678327 0.033971
0.294647 3.617153 0.032711
0.295154 3.653974 0.033489
0.295661 3.660242 0.032756
0.296167 3.622337 0.032590
0.296674 3.728055 0.033332
0.297180 3.608531 0.032757
0.297687 3.665335 0.033036
0.298193 3.652000 0.031703
0.298700 3.596118 0.033246
0.299206 3.663770 0.033141
0.299713 3.704799 0.032955
0.300220 3.618224 0.032259
0.300726 3.706855 0.033305
0.301233 3.676469 0.033171
0.301739 3.638196 0.032692
0.302246 3.639793 0.031949
0.302752 3.580041 0.032834
0.303259 3.659485 0.032602
0.303765 3.579328 0.032115
0.304272 3.643876 0.032586
0.304779 3.646201 0.032329
0.305285 3.578689 0.032395
0.305792 3.601383 0.032777
0.306298 3.650817 0.033139
0.306805 3.618089 0.032631
0.307311 3.598814 0.032609
0.307818 3.666148 0.032532
0.308324 3.655831 0.032440
0.308831 3.576817 0.031908
0.309337 3.569793 0.031835
0.309844 3.522373 0.032553
0.310350 3.616812 0.032928
0.310857 3.622938 0.032718
0.311364 3.593416 0.033661
0.311870 3.594348 0.032336
0.312377 3.639637 0.033579
0.312883 3.579463 0.034171
0.313390 3.680596 0.034149
0.313896 3.631337 0.035140
0.314403 3.623725 0.034339
0.314909 3.631465 0.034581
0.315416 3.641386 0.034394
0.315922 3.585326 0.035004
0.316429 3.627284 0.034394
0.316935 3.582576 0.036373
0.317442 3.588142 0.034835
0.317948 3.643589 0.034782
0.318455 3.587222 0.035221
0.318961 3.626067 0.035762
0.319468 3.642287 0.036033
0.319975 3.605101 0.035676
0.320481 3.583438 0.035383
0.320988 3.650843 0.035794
0.321494 3.591636 0.035704
0.322001 3.541417 0.034791
0.322507 3.571764 0.036203
0.323014 3.616746 0.036008
0.323520 3.618907 0.035551
0.324027 3.601604 0.034681
0.324533 3.546737 0.035459
0.325040 3.587854 0.035166
0.325546 3.606725 0.034981
0.326053 3.558409 0.035720
0.326559 3.613567 0.034621
0.327066 3.589418 0.036740
0.327572 3.589853 0.035328
0.328079 3.641738 0.035469
0.328585 3.602424 0.034690
0.329092 3.589383 0.035277
0.329598 3.531730 0.036382
0.330105 3.601943 0.035439
0.330611 3.602225 0.034882
0.331118 3.536942 0.036180
0.331624 3.621572 0.035462
0.332131 3.583550 0.035670
0.332637 3.560424 0.036034
0.333144 3.538731 0.035014
0.333650 3.604956 0.036468
0.334157 3.595461 0.035960
0.334663 3.639211 0.036286
0.335170 3.647726 0.035899
0.335676 3.640980 0.035757
0.336183 3.530570 0.035985
0.336689 3.576208 0.037147
0.337196 3.620647 0.035981
0.337702 3.582028 0.036588
0.338209 3.584930 0.036699
0.338715 3.513792 0.036344
0.339222 3.556182 0.036192
0.339728 3.579784 0.036260
0.340235 3.520560 0.037232
0.340741 3.587928 0.036120
0.341248 3.649103 0.037788
0.341754 3.556735 0.036436
0.342261 3.499546 0.036367
0.342767 3.528835 0.036409
0.343274 3.544745 0.035928
0.343780 3.541581 0.037068
0.344287 3.600824 0.036624
0.344793 3.541589 0.035845
0.345300 3.482020 0.035621
0.345806 3.555502 0.035332
0.346313 3.576827 0.037060
0.346819 3.595361 0.036342
0.347325 3.566359 0.037194
0.347832 3.539086 0.036768
0.348338 3.502900 0.036599
0.348845 3.512108 0.037269
0.349351 3.504651 0.037614
0.349858 3.602752 0.036750
0.350364 3.449117 0.037392
0.350871 3.497423 0.036674
0.351377 3.488712 0.037113
0.351884 3.529365 0.036768
0.352390 3.548559 0.037350
0.352897 3.540712 0.035979
0.353403 3.543096 0.037676
0.353910 3.526610 0.035477
0.354416 3.602007 0.037723
0.354923 3.510546 0.035079
0.355429 3.580425 0.035365
0.355935 3.543963 0.036143
0.356442 3.574571 0.035477
0.356948 3.563969 0.035836
0.357455 3.560605 0.034362
0.357961 3.544652 0.034545
0.358468 3.513490 0.035039
0.358974 3.511430 0.034732
0.359481 3.574128 0.035306
0.359987 3.522250 0.035775
0.360494 3.567612 0.034950
0.361000 3.560178 0.035821
0.361506 3.562116 0.035064
0.362013 3.483457 0.035158
0.362519 3.451722 0.035182
0.363026 3.459642 0.035369
0.363532 3.501155 0.035690
0.364039 3.500519 0.036647
0.364545 3.500762 0.035694
0.365052 3.532344 0.036479
0.365558 3.474333 0.036014
0.366064 3.479646 0.035506
0.366571 3.419355 0.036451
0.367077 3.489888 0.035650
0.367584 3.543916 0.036964
0.368090 3.465833 0.036818
0.368597 3.528322 0.035969
0.369103 3.503642 0.035562
0.369610 3.389575 0.036478
0.370116 3.418804 0.037122
0.370622 3.457209 0.036711
0.371129 3.553414 0.038013
0.371635 3.417148 0.037152
0.372142 3.469017 0.038416
0.372648 3.461850 0.038711
0.373155 3.503088 0.037371
0.373661 3.483288 0.037381
0.374167 3.509984 0.037365
0.374674 3.473248 0.036727
0.375180 3.439372 0.036779
0.375687 3.475412 0.037797
0.376193 3.462651 0.038332
0.376700 3.490122 0.038434
0.377206 3.520759 0.038843
0.377712 3.518618 0.039337
0.378219 3.490133 0.039153
0.378725 3.469391 0.039344
0.379232 3.496575 0.038669
0.379738 3.488341 0.040931
0.380245 3.431246 0.038889
0.380751 3.399805 0.039469
0.381257 3.445207 0.039556
0.381764 3.430229 0.040499
0.382270 3.469284 0.040797
0.382777 3.569873 0.042410
0.383283 3.534351 0.042071
0.383789 3.467960 0.040646
0.384296 3.421397 0.040131
0.384802 3.449046 0.040639
0.385309 3.452005 0.040625
0.385815 3.493587 0.040842
0.386321 3.396870 0.041146
0.386828 3.483529 0.042707
0.387334 3.532596 0.042221
0.387841 3.564365 0.042590
0.388347 3.486154 0.041428
0.388853 3.495856 0.043504
0.389360 3.465023 0.043931
0.389866 3.447992 0.043130
0.390373 3.420127 0.043384
0.390879 3.408587 0.043580
0.391385 3.426176 0.044510
0.391892 3.403899 0.043130
0.392398 3.407524 0.043184
0.392905 3.356898 0.044211
0.393411 3.444112 0.045090
0.393917 3.379488 0.045465
0.394424 3.443073 0.044660
0.394930 3.454012 0.046410
0.395437 3.457769 0.047515
0.395943 3.389115 0.045430
0.396449 3.476760 0.044226
0.396956 3.326847 0.045596
0.397462 3.475517 0.046322
0.397969 3.381732 0.044571
0.398475 3.372645 0.045620
0.398981 3.443063 0.048508
0.399488 3.436933 0.046735
0.399994 3.350161 0.046774
0.400500 3.394403 0.047248
0.401007 3.412492 0.047662
0.401513 3.307191 0.047866
0.402020 3.379712 0.048725
0.402526 3.414034 0.047309
0.403032 3.485722 0.049705
0.403539 3.355698 0.046891
0.404045 3.330873 0.048084
0.404551 3.319947 0.048616
0.405058 3.315152 0.047758
0.405564 3.401624 0.050309
0.406071 3.432380 0.050039
0.406577 3.459611 0.048962
0.407083 3.342314 0.048302
0.407590 3.354728 0.049336
0.408096 3.412140 0.050905
0.408602 3.510123 0.050884
0.409109 3.377120 0.048372
0.409615 3.418667 0.050004
0.410121 3.212551 0.050119
0.410628 3.291987 0.050614
0.411134 3.336352 0.050324
0.411641 3.378983 0.051541
0.412147 3.400617 0.051240
0.412653 3.359090 0.049409
0.413160 3.294492 0.049242
0.413666 3.330362 0.050630
0.414172 3.368255 0.051963
0.414679 3.361175 0.052903
0.415185 3.348653 0.051517
0.415691 3.363639 0.052959
0.416198 3.286461 0.050616
0.416704 3.372698 0.053148
0.417210 3.349897 0.051228
0.417717 3.282218 0.052001
0.418223 3.280942 0.051873
0.418729 3.361153 0.052984
0.419236 3.394128 0.052208
0.419742 3.363037 0.051420
0.420248 3.288719 0.051410
0.420755 3.358147 0.052924
0.421261 3.341520 0.053538
0.421767 3.387028 0.052022
0.422274 3.310385 0.054243
0.422780 3.322879 0.053918
0.423286 3.380275 0.053620
0.423793 3.388322 0.051888
0.424299 3.318906 0.054947
0.424805 3.343195 0.056236
0.425312 3.426084 0.053634
0.425818 3.344976 0.055175
0.426324 3.271838 0.057313
0.426831 3.360715 0.057024
0.427337 3.291156 0.052820
0.427843 3.355489 0.056859
0.428350 3.292686 0.057661
0.428856 3.349425 0.056826
0.429362 3.260748 0.057170
0.429869 3.185721 0.059112
0.430375 3.294615 0.060325
0.430881 3.350024 0.058737
0.431388 3.444955 0.064249
0.431894 3.338194 0.060761
0.432400 3.318135 0.062295
0.432907 3.282463 0.060633
0.433413 3.289119 0.064405
0.433919 3.269682 0.062993
0.434425 3.174629 0.060080
0.434932 3.358818 0.063288
0.435438 3.303235 0.066184
0.435944 3.232019 0.060609
0.436451 3.511868 0.066475
0.436957 3.273252 0.064080
0.437463 3.273982 0.067661
0.437970 3.271997 0.062412
0.438476 3.284963 0.067970
0.438982 3.432285 0.070174
0.439488 3.299448 0.071220
0.439995 3.333079 0.068393
