0.009882 112.667075 25.895808
0.010389 75.312800 13.906462
0.010896 73.058013 13.784924
0.011402 61.473026 10.734683
0.011909 34.666849 6.136325
0.012416 36.230977 6.306018
0.012923 27.890585 3.667319
0.013430 22.520700 3.414199
0.013936 21.423233 2.437097
0.014443 19.145449 1.850226
0.014950 16.632952 1.147736
0.015457 15.623428 0.806103
0.015963 14.718891 0.671067
0.016470 13.883578 0.472765
0.016977 12.659097 0.450196
0.017484 11.767704 0.384551
0.017990 11.587207 0.338166
0.018497 10.435779 0.244823
0.019004 10.225020 0.241733
0.019511 9.842247 0.221671
0.020018 9.183813 0.194159
0.020524 8.692447 0.184052
0.021031 8.510264 0.174784
0.021538 8.290109 0.174818
0.022045 8.108922 0.179522
0.022551 7.632450 0.151816
0.023058 8.100813 0.157257
0.023565 7.543638 0.147899
0.024072 6.950618 0.141784
0.024579 7.011857 0.142108
0.025085 6.864431 0.137906
0.025592 6.585996 0.133575
0.026099 6.596902 0.126121
0.026606 6.587191 0.133292
0.027112 6.638161 0.131825
0.027619 6.310111 0.123427
0.028126 6.165671 0.122990
0.028633 6.056004 0.120859
0.029139 6.107504 0.118505
0.029646 6.038235 0.117029
0.030153 5.948033 0.112013
0.030660 6.060693 0.106742
0.031167 5.771954 0.107190
0.031673 5.884284 0.107615
0.032180 5.758293 0.101833
0.032687 5.755791 0.104771
0.033194 5.432715 0.102205
0.033700 5.511959 0.100736
0.034207 5.479491 0.103903
0.034714 5.331115 0.097144
0.035221 5.539153 0.095625
0.035727 5.175254 0.098022
0.036234 5.368692 0.095078
0.036741 5.204458 0.093583
0.037248 5.372146 0.094008
0.037755 5.334746 0.090737
0.038261 5.262201 0.094660
0.038768 5.212472 0.085272
0.039275 5.234660 0.089488
0.039782 5.373127 0.090630
0.040288 5.099518 0.094200
0.040795 5.022231 0.089710
0.041302 5.224642 0.091836
0.041809 5.064463 0.084229
0.042315 4.888891 0.080936
0.042822 5.004791 0.084169
0.043329 5.190005 0.087724
0.043836 4.929463 0.083153
0.044343 4.855116 0.083302
0.044849 4.980805 0.085421
0.045356 4.837954 0.082441
0.045863 4.881611 0.081437
0.046370 5.063591 0.079842
0.046876 4.905749 0.079660
0.047383 4.930041 0.077979
0.047890 4.904633 0.080371
0.048397 4.885156 0.079232
0.048903 4.952233 0.077243
0.049410 4.750447 0.076457
0.049917 4.910348 0.077150
0.050424 4.968068 0.076273
0.050931 4.805866 0.071567
0.051437 4.877732 0.074483
0.051944 4.733748 0.071605
0.052451 4.848963 0.071544
0.052958 4.875960 0.073885
0.053464 4.649254 0.073299
0.053971 4.792926 0.070852
0.054478 4.743018 0.069410
0.054985 4.766703 0.072253
0.055491 4.727628 0.069997
0.055998 4.789250 0.071116
0.056505 4.750054 0.069189
0.057012 4.707229 0.067990
0.057519 4.710558 0.070333
0.058025 4.805944 0.070651
0.058532 4.624595 0.067457
0.059039 4.682119 0.068433
0.059546 4.594637 0.070617
0.060052 4.747649 0.067033
0.060559 4.668677 0.067537
0.061066 4.662348 0.069687
0.061573 4.648024 0.067906
0.062079 4.561726 0.065788
0.062586 4.670006 0.067573
0.063093 4.668668 0.065602
0.063600 4.494610 0.066590
0.064106 4.488472 0.064601
0.064613 4.788225 0.064615
0.065120 4.628319 0.065619
0.065627 4.582581 0.064072
0.066134 4.641623 0.062162
0.066640 4.629856 0.061572
0.067147 4.588878 0.064181
0.067654 4.413450 0.061867
0.068161 4.575666 0.063657
0.068667 4.665526 0.060629
0.069174 4.621394 0.064195
0.069681 4.514337 0.062705
0.070188 4.637712 0.060060
0.070694 4.632606 0.062865
0.071201 4.635654 0.062389
0.071708 4.612957 0.060061
0.072215 4.765764 0.062506
0.072721 4.464124 0.062869
0.073228 4.655496 0.059782
0.073735 4.566455 0.059973
0.074242 4.483742 0.056444
0.074748 4.504215 0.059267
0.075255 4.498593 0.059579
0.075762 4.490244 0.056783
0.076269 4.581500 0.059397
0.076776 4.507317 0.057290
0.077282 4.512458 0.058293
0.077789 4.494171 0.055907
0.078296 4.511741 0.056744
0.078803 4.500338 0.053641
0.079309 4.452918 0.057358
0.079816 4.477182 0.059942
0.080323 4.480838 0.057271
0.080830 4.493755 0.060315
0.081336 4.440374 0.061181
0.081843 4.432114 0.057151
0.082350 4.462587 0.061063
0.082857 4.496478 0.058128
0.083363 4.523962 0.057614
0.083870 4.502022 0.057726
0.084377 4.484240 0.060147
0.084884 4.504466 0.057272
0.085390 4.332458 0.057184
0.085897 4.405330 0.057206
0.086404 4.484603 0.058377
0.086911 4.506538 0.060920
0.087417 4.427207 0.056629
0.087924 4.414820 0.055910
0.088431 4.418399 0.057900
0.088938 4.486007 0.060470
0.089444 4.442370 0.058333
0.089951 4.351208 0.057041
0.090458 4.436902 0.055317
0.090965 4.455903 0.057993
0.091471 4.431659 0.056969
0.091978 4.362846 0.056366
0.092485 4.426606 0.061390
0.092992 4.352954 0.055611
0.093498 4.333498 0.055017
0.094005 4.402614 0.056836
0.094512 4.375081 0.058332
0.095019 4.321234 0.055641
0.095525 4.399847 0.059285
0.096032 4.404319 0.058219
0.096539 4.305968 0.055915
0.097046 4.328015 0.056803
0.097552 4.427164 0.057630
0.098059 4.448259 0.057759
0.098566 4.328159 0.057498
0.099073 4.273108 0.058750
0.099579 4.371130 0.056075
0.100086 4.484268 0.057622
0.100593 4.369228 0.057772
0.101100 4.406222 0.056811
0.101606 4.332354 0.055713
0.102113 4.292562 0.054778
0.102620 4.306570 0.055372
0.103127 4.295397 0.056574
0.103633 4.317212 0.057013
0.104140 4.317137 0.058289
0.104647 4.348784 0.057676
0.105154 4.236469 0.055931
0.105660 4.297505 0.057775
0.106167 4.297349 0.059032
0.106674 4.360497 0.055787
0.107181 4.366818 0.055678
0.107687 4.387344 0.054845
0.108194 4.372770 0.053053
0.108701 4.325330 0.052522
0.109208 4.415621 0.053635
0.109714 4.192877 0.050948
0.110221 4.249701 0.053579
0.110728 4.271361 0.053088
0.111235 4.249420 0.051015
0.111741 4.256121 0.053889
0.112248 4.297367 0.053305
0.112755 4.302496 0.050894
0.113262 4.170840 0.052003
0.113768 4.260283 0.051685
0.114275 4.288324 0.051454
0.114782 4.250350 0.051219
0.115289 4.181486 0.049881
0.115795 4.207223 0.050285
0.116302 4.270429 0.051031
0.116809 4.237853 0.051160
0.117316 4.292669 0.050724
0.117822 4.260583 0.050418
0.118329 4.250862 0.047920
0.118836 4.269985 0.048901
0.119342 4.284913 0.048160
0.119849 4.189165 0.047804
0.120356 4.215219 0.048124
0.120863 4.338587 0.047401
0.121369 4.262624 0.047538
0.121876 4.236754 0.048507
0.122383 4.214519 0.047368
0.122890 4.231033 0.048249
0.123396 4.283660 0.047413
0.123903 4.202282 0.047658
0.124410 4.191083 0.047105
0.124917 4.178562 0.047904
0.125423 4.239288 0.046374
0.125930 4.185755 0.047489
0.126437 4.193475 0.046218
0.126944 4.226244 0.045681
0.127450 4.172262 0.046408
0.127957 4.032550 0.045248
0.128464 4.167185 0.046159
0.128970 4.177347 0.045489
0.129477 4.216309 0.046300
0.129984 4.252035 0.045528
0.130491 4.241137 0.044643
0.130997 4.106370 0.044181
0.131504 4.231019 0.045348
0.132011 4.194314 0.044769
0.132518 4.064539 0.044023
0.133024 4.171232 0.044459
0.133531 4.203484 0.043227
0.134038 4.162978 0.043190
0.134545 4.147393 0.044375
0.135051 4.199762 0.044334
0.135558 4.190964 0.044064
0.136065 4.160412 0.043234
0.136571 4.191114 0.044404
0.137078 4.198612 0.042302
0.137585 4.179512 0.044067
0.138092 4.160803 0.044096
0.138598 4.170460 0.043098
0.139105 4.196092 0.043655
0.139612 4.199200 0.042865
0.140119 4.174530 0.042906
0.140625 4.091131 0.042378
0.141132 4.171898 0.040742
0.141639 4.146147 0.042346
0.142145 4.105612 0.041867
0.142652 4.099736 0.042982
0.143159 4.145391 0.043639
0.143666 4.080726 0.042357
0.144172 4.028868 0.042100
0.144679 4.199014 0.043112
0.145186 4.092226 0.041237
0.145692 4.189096 0.042341
0.146199 4.146172 0.042392
0.146706 4.091987 0.040828
0.147213 4.164874 0.041212
0.147719 4.173866 0.041736
0.148226 4.187148 0.041078
0.148733 4.207495 0.042586
0.149240 4.120004 0.041117
0.149746 4.097683 0.040474
0.150253 4.135666 0.040860
0.150760 4.133198 0.040693
0.151266 4.119755 0.040468
0.151773 4.144725 0.040806
0.152280 4.124443 0.040904
0.152787 4.109484 0.040386
0.153293 4.065516 0.041526
0.153800 4.078262 0.040754
0.154307 4.052534 0.040439
0.154813 4.042111 0.039653
0.155320 4.054820 0.039210
0.155827 4.088925 0.039877
0.156334 4.135448 0.039454
0.156840 4.131561 0.039804
0.157347 4.014537 0.039668
0.157854 4.131654 0.040043
0.158360 4.100537 0.038743
0.158867 4.093218 0.039848
0.159374 4.044646 0.038910
0.159881 4.020016 0.038743
0.160387 4.001254 0.038921
0.160894 4.101358 0.038561
0.161401 4.125360 0.038888
0.161907 4.070756 0.039224
0.162414 4.059711 0.038998
0.162921 4.109915 0.038511
0.163427 4.030563 0.038003
0.163934 4.093984 0.038756
0.164441 4.030902 0.038628
0.164948 4.064411 0.038724
0.165454 4.023340 0.038303
0.165961 4.018996 0.037973
0.166468 4.055691 0.037927
0.166974 4.066206 0.038554
0.167481 4.054691 0.038477
0.167988 3.987375 0.038426
0.168495 4.105870 0.038468
0.169001 3.990730 0.038769
0.169508 3.978418 0.038306
0.170015 4.058049 0.038549
0.170521 4.045530 0.038600
0.171028 4.010302 0.038919
0.171535 4.040958 0.039057
0.172041 4.060327 0.039485
0.172548 4.029821 0.038703
0.173055 4.029186 0.039040
0.173562 3.977074 0.038589
0.174068 4.005496 0.038849
0.174575 4.027332 0.038786
0.175082 4.052276 0.038058
0.175588 4.018795 0.039398
0.176095 4.017631 0.038468
0.176602 4.002901 0.039297
0.177108 4.073484 0.038690
0.177615 4.048435 0.040263
0.178122 3.969672 0.039617
0.178629 3.980171 0.038757
0.179135 3.918110 0.038974
0.179642 4.031160 0.039922
0.180149 4.030442 0.039334
0.180655 4.021646 0.038494
0.181162 4.049834 0.039857
0.181669 4.094259 0.040472
0.182175 4.035588 0.040369
0.182682 4.011784 0.040474
0.183189 4.008937 0.041323
0.183695 3.953462 0.039616
0.184202 3.952685 0.040118
0.184709 4.022212 0.040990
0.185216 3.993464 0.039948
0.185722 4.035745 0.041185
0.186229 3.996281 0.040587
0.186736 4.009290 0.040814
0.187242 3.964387 0.040008
0.187749 3.962962 0.039925
0.188256 4.033156 0.040626
0.188762 4.104984 0.041616
0.189269 4.044961 0.042290
0.189776 4.060938 0.042018
0.190282 3.990684 0.041181
0.190789 3.937962 0.040946
0.191296 3.961431 0.041638
0.191802 4.027975 0.042000
0.192309 4.001310 0.040755
0.192816 3.943135 0.040848
0.193323 3.967468 0.041702
0.193829 4.022640 0.041816
0.194336 3.887002 0.041655
0.194843 3.997740 0.042320
0.195349 3.984995 0.041068
0.195856 4.068418 0.042059
0.196363 4.039580 0.042629
0.196869 4.078415 0.041589
0.197376 3.963933 0.041995
0.197883 4.050744 0.043120
0.198389 3.956527 0.041812
0.198896 4.042331 0.042770
0.199403 4.023923 0.042033
0.199909 3.912536 0.041693
0.200416 4.015918 0.042775
0.200923 4.004894 0.042117
0.201429 3.923000 0.041415
0.201936 3.907621 0.042241
0.202443 3.899892 0.042037
0.202949 3.972345 0.041359
0.203456 4.047766 0.043246
0.203963 4.018726 0.042598
0.204469 3.869326 0.042498
0.204976 3.999557 0.042197
0.205483 3.957616 0.042140
0.205989 3.931370 0.044008
0.206496 4.004770 0.042398
0.207003 3.994028 0.042788
0.207509 3.997666 0.044125
0.208016 3.960639 0.042267
0.208523 3.980096 0.042736
0.209029 3.951645 0.042993
0.209536 3.958300 0.041436
0.210043 3.895870 0.040885
0.210549 3.950880 0.041420
0.211056 3.933308 0.042594
0.211563 3.967378 0.042662
0.212069 3.959780 0.042837
0.212576 3.865872 0.043406
0.213083 3.984447 0.041777
0.213589 4.019090 0.042845
0.214096 3.946600 0.042514
0.214603 3.979912 0.042499
0.215109 3.910579 0.042209
0.215616 3.947390 0.042895
0.216123 3.936244 0.043118
0.216629 3.905303 0.041330
0.217136 3.854568 0.041229
0.217643 3.924345 0.042116
0.218149 3.851025 0.042093
0.218656 3.911203 0.041485
0.219163 3.941287 0.042129
0.219669 3.940532 0.041993
0.220176 3.977336 0.040490
0.220683 3.803055 0.040996
0.221189 3.938767 0.041969
0.221696 3.846065 0.041421
0.222203 3.866162 0.040917
0.222709 3.894089 0.041821
0.223216 3.882854 0.042771
0.223722 3.868879 0.040861
0.224229 3.881860 0.041123
0.224736 3.850840 0.041427
0.225242 3.933041 0.042569
0.225749 3.908970 0.041589
0.226256 3.927528 0.040718
0.226762 3.886818 0.040680
0.227269 3.941150 0.042171
0.227776 3.879312 0.040279
0.228282 3.897161 0.041535
0.228789 3.861890 0.040887
0.229296 3.867939 0.040473
0.229802 3.842985 0.040063
0.230309 3.820854 0.040261
0.230816 3.875951 0.040993
0.231322 3.823067 0.040103
0.231829 3.860787 0.039489
0.232335 3.873887 0.040284
0.232842 3.912804 0.039953
0.233349 3.845427 0.039279
0.233855 3.884496 0.040248
0.234362 3.862370 0.039057
0.234869 3.824826 0.038292
0.235375 3.835048 0.039250
0.235882 3.837898 0.039960
0.236389 3.875688 0.038683
0.236895 3.899186 0.038978
0.237402 3.875899 0.038818
0.237908 3.884383 0.038923
0.238415 3.867262 0.038029
0.238922 3.881923 0.038212
0.239428 3.849217 0.038729
0.239935 3.825492 0.039592
0.240442 3.832179 0.038458
0.240948 3.819601 0.038563
0.241455 3.852217 0.039427
0.241962 3.842455 0.038492
0.242468 3.806139 0.037298
0.242975 3.791788 0.037165
0.243481 3.830924 0.038760
0.243988 3.781034 0.038392
0.244495 3.832224 0.038681
0.245001 3.854326 0.037473
0.245508 3.820249 0.037288
0.246015 3.808802 0.036907
0.246521 3.830320 0.037256
0.247028 3.801999 0.037671
0.247534 3.734042 0.036668
0.248041 3.826854 0.037741
0.248548 3.731765 0.036486
0.249054 3.806382 0.037319
0.249561 3.784783 0.036857
0.250068 3.776801 0.036925
0.250574 3.792527 0.037379
0.251081 3.804679 0.037615
0.251587 3.784113 0.037323
0.252094 3.785725 0.036890
0.252601 3.772478 0.035589
0.253107 3.821519 0.036183
0.253614 3.754749 0.036942
0.254120 3.742861 0.036643
0.254627 3.887079 0.036497
0.255134 3.783530 0.035443
0.255640 3.670221 0.034996
0.256147 3.800740 0.037100
0.256654 3.724816 0.035765
0.257160 3.869232 0.035698
0.257667 3.777752 0.035907
0.258173 3.835073 0.035336
0.258680 3.774841 0.034914
0.259187 3.794213 0.034885
0.259693 3.760871 0.035283
0.260200 3.790027 0.035365
0.260706 3.822127 0.035984
0.261213 3.787516 0.035627
0.261720 3.769091 0.036191
0.262226 3.852640 0.034979
0.262733 3.756270 0.034641
0.263239 3.774312 0.035371
0.263746 3.772956 0.035610
0.264253 3.834640 0.034852
0.264759 3.825708 0.034984
0.265266 3.795452 0.034820
0.265772 3.819831 0.035375
0.266279 3.815528 0.035530
0.266786 3.735519 0.034150
0.267292 3.769067 0.035261
0.267799 3.797457 0.034698
0.268305 3.788334 0.034775
0.268812 3.716522 0.033916
0.269319 3.717549 0.033931
0.269825 3.712307 0.034304
0.270332 3.727833 0.033906
0.270838 3.778057 0.034471
0.271345 3.762245 0.034173
0.271852 3.749262 0.034289
0.272358 3.696535 0.033307
0.272865 3.742094 0.033476
0.273371 3.706764 0.033965
0.273878 3.768667 0.034474
0.274385 3.665416 0.034355
0.274891 3.703318 0.033725
0.275398 3.698529 0.034118
0.275904 3.789638 0.034472
0.276411 3.714523 0.033905
0.276917 3.741466 0.034446
0.277424 3.677863 0.033449
0.277931 3.686372 0.033591
0.278437 3.665687 0.033264
0.278944 3.782446 0.034303
0.279450 3.748676 0.033401
0.279957 3.743197 0.032768
0.280464 3.678305 0.033448
0.280970 3.718984 0.033482
0.281477 3.657959 0.033283
0.281983 3.720438 0.033202
0.282490 3.718452 0.033427
0.282996 3.697292 0.033479
0.283503 3.671346 0.033479
0.284010 3.713768 0.032819
0.284516 3.640410 0.032094
0.285023 3.783599 0.033153
0.285529 3.724100 0.032697
0.286036 3.702794 0.032280
0.286542 3.684664 0.033612
0.287049 3.743058 0.033053
0.287556 3.664459 0.032537
0.288062 3.641421 0.032264
0.288569 3.716634 0.032900
0.289075 3.650621 0.032189
0.289582 3.715318 0.032849
0.290088 3.708910 0.032529
0.290595 3.679330 0.033378
0.291102 3.630189 0.032669
0.291608 3.620015 0.032784
0.292115 3.648702 0.033331
0.292621 3.604880 0.032131
0.293128 3.654542 0.032492
0.293634 3.712523 0.033154
0.294141 3.664291 0.033671
0.294647 3.624044 0.032528
0.295154 3.662120 0.033495
0.295661 3.677657 0.032698
0.296167 3.599212 0.032311
0.296674 3.616129 0.032075
0.297180 3.623305 0.032785
0.297687 3.595459 0.032084
0.298193 3.549338 0.032248
0.298700 3.651567 0.032114
0.299206 3.626961 0.032214
0.299713 3.645875 0.033383
0.300220 3.651457 0.032675
0.300726 3.606919 0.032749
0.301233 3.645906 0.033082
0.301739 3.618392 0.032819
0.302246 3.598680 0.032052
0.302752 3.650055 0.032985
0.303259 3.679413 0.033053
0.303765 3.565247 0.032323
0.304272 3.702339 0.032742
0.304779 3.656621 0.032523
0.305285 3.670061 0.032361
0.305792 3.650979 0.031634
0.306298 3.670323 0.033404
0.306805 3.610915 0.032163
0.307311 3.638856 0.032239
0.307818 3.618687 0.032216
0.308324 3.583739 0.032142
0.308831 3.627283 0.031718
0.309337 3.640753 0.032038
0.309844 3.625150 0.033915
0.310350 3.639194 0.033298
0.310857 3.644786 0.034728
0.311364 3.618654 0.033380
0.311870 3.636917 0.033879
0.312377 3.616471 0.033039
0.312883 3.659442 0.034550
0.313390 3.581165 0.033826
0.313896 3.654144 0.034796
0.314403 3.724244 0.035019
0.314909 3.560267 0.034746
0.315416 3.621824 0.034516
0.315922 3.583287 0.034907
0.316429 3.633584 0.034558
0.316935 3.537594 0.035214
0.317442 3.579603 0.034635
0.317948 3.577910 0.034307
0.318455 3.620900 0.035375
0.318961 3.564650 0.034489
0.319468 3.696518 0.035996
0.319975 3.593513 0.034110
0.320481 3.598785 0.035234
0.320988 3.632653 0.035877
0.321494 3.573043 0.036207
0.322001 3.634444 0.034600
0.322507 3.621109 0.035300
0.323014 3.581411 0.035379
0.323520 3.571511 0.034394
0.324027 3.630517 0.035844
0.324533 3.598876 0.035595
0.325040 3.516005 0.034906
0.325546 3.602507 0.035632
0.326053 3.547745 0.034833
0.326559 3.632176 0.035754
0.327066 3.572753 0.034481
0.327572 3.601313 0.036151
0.328079 3.580183 0.036029
0.328585 3.611105 0.035617
0.329092 3.559974 0.035331
0.329598 3.661485 0.035789
0.330105 3.636053 0.035877
0.330611 3.648835 0.035595
0.331118 3.596642 0.035236
0.331624 3.575796 0.035761
0.332131 3.577062 0.036019
0.332637 3.596605 0.036096
0.333144 3.561205 0.035939
0.333650 3.625064 0.035315
0.334157 3.520557 0.036274
0.334663 3.581617 0.035555
0.335170 3.579682 0.036406
0.335676 3.569210 0.036097
0.336183 3.632261 0.036604
0.336689 3.601248 0.036819
0.337196 3.573100 0.036477
0.337702 3.640525 0.036449
0.338209 3.563719 0.036934
0.338715 3.605483 0.037138
0.339222 3.558420 0.036524
0.339728 3.568894 0.035989
0.340235 3.574571 0.036560
0.340741 3.517550 0.036267
0.341248 3.552808 0.036475
0.341754 3.591969 0.035940
0.342261 3.587149 0.036274
0.342767 3.534660 0.035563
0.343274 3.539052 0.035380
0.343780 3.545051 0.036741
0.344287 3.546629 0.035929
0.344793 3.545221 0.036590
0.345300 3.622167 0.037174
0.345806 3.571248 0.037112
0.346313 3.533212 0.036073
0.346819 3.600342 0.037271
0.347325 3.523100 0.036523
0.347832 3.537543 0.036435
0.348338 3.510987 0.037449
0.348845 3.593712 0.037796
0.349351 3.527522 0.036520
0.349858 3.512492 0.037108
0.350364 3.522612 0.037905
0.350871 3.525628 0.036675
0.351377 3.505724 0.036610
0.351884 3.564567 0.036889
0.352390 3.557644 0.036727
0.352897 3.586564 0.038467
0.353403 3.526895 0.036780
0.353910 3.546390 0.036476
0.354416 3.577545 0.037104
0.354923 3.483536 0.036482
0.355429 3.508954 0.035999
0.355935 3.544693 0.036279
0.356442 3.525913 0.034715
0.356948 3.594897 0.034882
0.357455 3.503187 0.034902
0.357961 3.534493 0.035348
0.358468 3.538388 0.034611
0.358974 3.517956 0.034545
0.359481 3.469811 0.035311
0.359987 3.541893 0.035240
0.360494 3.567253 0.035141
0.361000 3.508791 0.035759
0.361506 3.511842 0.035304
0.362013 3.470403 0.034640
0.362519 3.530691 0.035373
0.363026 3.513978 0.035421
0.363532 3.579408 0.035268
0.364039 3.483661 0.035846
0.364545 3.570338 0.036492
0.365052 3.513743 0.034862
0.365558 3.522183 0.036413
0.366064 3.509386 0.034866
0.366571 3.513421 0.035723
0.367077 3.508969 0.036216
0.367584 3.474010 0.035588
0.368090 3.484293 0.035982
0.368597 3.527174 0.036655
0.369103 3.474863 0.036327
0.369610 3.498976 0.037094
0.370116 3.432224 0.035983
0.370622 3.509751 0.037431
0.371129 3.450623 0.037685
0.371635 3.502478 0.036893
0.372142 3.509265 0.037256
0.372648 3.467746 0.037279
0.373155 3.465260 0.037940
0.373661 3.442797 0.036784
0.374167 3.559467 0.037862
0.374674 3.480479 0.037534
0.375180 3.464997 0.038672
0.375687 3.478177 0.038611
0.376193 3.459394 0.037463
0.376700 3.483665 0.037770
0.377206 3.558862 0.038522
0.377712 3.469506 0.038769
0.378219 3.526063 0.038998
0.378725 3.497762 0.038353
0.379232 3.463085 0.038542
0.379738 3.449591 0.039769
0.380245 3.491956 0.040099
0.380751 3.471438 0.039991
0.381257 3.456718 0.038742
0.381764 3.421164 0.041390
0.382270 3.490450 0.040395
0.382777 3.484353 0.040945
0.383283 3.458401 0.040520
0.383789 3.532136 0.042179
0.384296 3.504301 0.040665
0.384802 3.455303 0.040354
0.385309 3.381939 0.041347
0.385815 3.424411 0.040204
0.386321 3.446489 0.040954
0.386828 3.524616 0.042077
0.387334 3.407639 0.040674
0.387841 3.451956 0.042211
0.388347 3.459230 0.042250
0.388853 3.504929 0.040685
0.389360 3.437490 0.043095
0.389866 3.430000 0.043208
0.390373 3.434037 0.042229
0.390879 3.449590 0.042649
0.391385 3.394774 0.042699
0.391892 3.438845 0.043672
0.392398 3.365774 0.042453
0.392905 3.415770 0.043310
0.393411 3.387646 0.044185
0.393917 3.397909 0.043861
0.394424 3.399930 0.048977
0.394930 3.372876 0.044198
0.395437 3.483913 0.045649
0.395943 3.472394 0.045305
0.396449 3.472470 0.043770
0.396956 3.465649 0.045696
0.397462 3.467836 0.047685
0.397969 3.417985 0.046836
0.398475 3.337306 0.046435
0.398981 3.453403 0.047493
0.399488 3.411367 0.046266
0.399994 3.441699 0.048149
0.400500 3.409054 0.045873
0.401007 3.479715 0.048037
0.401513 3.417864 0.046808
0.402020 3.459807 0.048628
0.402526 3.324285 0.047737
0.403032 3.445721 0.049733
0.403539 3.403488 0.046990
0.404045 3.408727 0.049514
0.404551 3.400921 0.047912
0.405058 3.367332 0.046972
0.405564 3.454707 0.048527
0.406071 3.387294 0.048385
0.406577 3.344116 0.048611
0.407083 3.336496 0.047846
0.407590 3.308521 0.049537
0.408096 3.390627 0.050094
0.408602 3.342618 0.049112
0.409109 3.419841 0.050775
0.409615 3.420179 0.051069
0.410121 3.463230 0.050494
0.410628 3.398106 0.050712
0.411134 3.464616 0.051636
0.411641 3.383698 0.050167
0.412147 3.398768 0.050641
0.412653 3.348373 0.050611
0.413160 3.322327 0.050009
0.413666 3.325624 0.051349
0.414172 3.324795 0.051196
0.414679 3.461381 0.053666
0.415185 3.311366 0.051272
0.415691 3.272556 0.051540
0.416198 3.358543 0.051588
0.416704 3.300159 0.053137
0.417210 3.339052 0.054130
0.417717 3.228061 0.051315
0.418223 3.358017 0.052041
0.418729 3.386842 0.053546
0.419236 3.382162 0.054146
0.419742 3.275335 0.049972
0.420248 3.475739 0.051133
0.420755 3.259634 0.053819
0.421261 3.384574 0.053967
0.421767 3.325153 0.051812
0.422274 3.373928 0.054042
0.422780 3.302993 0.052945
0.423286 3.292475 0.054240
0.423793 3.338692 0.052515
0.424299 3.298240 0.056175
0.424805 3.337479 0.054961
0.425312 3.337143 0.056991
0.425818 3.258843 0.054454
0.426324 3.447906 0.057536
0.426831 3.337893 0.058236
0.427337 3.309591 0.052967
0.427843 3.373875 0.060104
0.428350 3.316765 0.057624
0.428856 3.381285 0.058111
0.429362 3.354947 0.056844
0.429869 3.384760 0.061363
0.430375 3.265773 0.059662
0.430881 3.337151 0.060223
0.431388 3.339452 0.059307
0.431894 3.356870 0.061293
0.432400 3.287319 0.061421
0.432907 3.342396 0.063939
0.433413 3.387902 0.066025
0.433919 3.364349 0.062786
0.434425 3.343927 0.062648
0.434932 3.407558 0.064999
0.435438 3.327837 0.063836
0.435944 3.223012 0.062991
0.436451 3.314252 0.064845
0.436957 3.293227 0.064662
0.437463 3.350952 0.069883
0.437970 3.364703 0.068354
0.438476 3.342496 0.067786
0.438982 3.299105 0.069131
0.439488 3.259908 0.068875
0.439995 3.384560 0.068229
