0.009882 106.889276 25.025102
0.010389 76.166970 14.570181
0.010896 69.365689 13.223810
0.011402 58.909377 10.519840
0.011909 34.824745 6.226215
0.012416 35.477127 6.491864
0.012923 27.712502 4.061458
0.013430 23.082348 3.605658
0.013936 20.038607 2.025948
0.014443 19.248014 1.721962
0.014950 16.465255 0.881268
0.015457 15.630278 0.794803
0.015963 14.012713 0.623395
0.016470 12.859027 0.452519
0.016977 12.502993 0.485023
0.017484 11.892611 0.358914
0.017990 11.139440 0.295813
0.018497 10.549642 0.239476
0.019004 9.574294 0.220779
0.019511 9.548383 0.215071
0.020018 9.257284 0.196973
0.020524 8.413090 0.178503
0.021031 8.550751 0.186111
0.021538 8.252934 0.164532
0.022045 8.140501 0.165265
0.022551 7.838640 0.175342
0.023058 7.470931 0.153418
0.023565 7.102635 0.149769
0.024072 7.284991 0.148410
0.024579 6.842263 0.138127
0.025085 6.961386 0.143178
0.025592 6.730414 0.147201
0.026099 6.509706 0.128437
0.026606 6.381991 0.133634
0.027112 6.311570 0.127913
0.027619 6.414231 0.122470
0.028126 6.243688 0.119241
0.028633 6.023445 0.108231
0.029139 6.344955 0.117422
0.029646 5.933086 0.110872
0.030153 5.776288 0.106635
0.030660 5.827424 0.111861
0.031167 5.691516 0.112422
0.031673 5.714505 0.104155
0.032180 5.661515 0.098508
0.032687 5.555783 0.103808
0.033194 5.659730 0.106091
0.033700 5.592040 0.099971
0.034207 5.537984 0.097055
0.034714 5.752577 0.103497
0.035221 5.392849 0.107009
0.035727 5.437766 0.097548
0.036234 5.421326 0.102225
0.036741 5.262053 0.096177
0.037248 5.285039 0.094249
0.037755 5.245666 0.092552
0.038261 5.364247 0.091243
0.038768 5.228920 0.087304
0.039275 5.180082 0.090548
0.039782 5.045107 0.085941
0.040288 5.089918 0.093205
0.040795 5.255422 0.090088
0.041302 5.121831 0.088264
0.041809 5.070570 0.089169
0.042315 5.033479 0.082291
0.042822 5.046214 0.087066
0.043329 5.099628 0.081774
0.043836 5.134796 0.091692
0.044343 5.017139 0.083289
0.044849 5.021368 0.079919
0.045356 4.974970 0.081507
0.045863 4.982448 0.080696
0.046370 4.970842 0.082461
0.046876 4.831301 0.077894
0.047383 5.007073 0.079099
0.047890 4.946631 0.080508
0.048397 4.883860 0.080271
0.048903 4.916697 0.076849
0.049410 4.863523 0.075886
0.049917 4.870838 0.075198
0.050424 4.923176 0.078266
0.050931 4.802194 0.077477
0.051437 4.884884 0.070478
0.051944 4.674987 0.072871
0.052451 4.794065 0.076783
0.052958 4.789445 0.072226
0.053464 4.854082 0.070865
0.053971 4.814843 0.073239
0.054478 4.769777 0.071228
0.054985 4.715472 0.071339
0.055491 4.774067 0.073427
0.055998 4.687931 0.071151
0.056505 4.695908 0.070053
0.057012 4.640839 0.071568
0.057519 4.688910 0.072239
0.058025 4.698483 0.068245
0.058532 4.595120 0.067184
0.059039 4.694530 0.066398
0.059546 4.650430 0.069711
0.060052 4.577947 0.066978
0.060559 4.749660 0.068834
0.061066 4.582496 0.069008
0.061573 4.653821 0.068592
0.062079 4.553003 0.066618
0.062586 4.681854 0.065566
0.063093 4.637864 0.064532
0.063600 4.565849 0.063451
0.064106 4.633504 0.066785
0.064613 4.615913 0.065906
0.065120 4.603175 0.063498
0.065627 4.433465 0.063007
0.066134 4.515804 0.063048
0.066640 4.606386 0.063961
0.067147 4.462521 0.061915
0.067654 4.682276 0.065583
0.068161 4.668095 0.062014
0.068667 4.489726 0.059204
0.069174 4.607467 0.061812
0.069681 4.615314 0.064016
0.070188 4.442449 0.060650
0.070694 4.560814 0.061437
0.071201 4.513183 0.060250
0.071708 4.640555 0.062837
0.072215 4.460603 0.059893
0.072721 4.430672 0.061176
0.073228 4.532493 0.060133
0.073735 4.453812 0.058599
0.074242 4.555815 0.056014
0.074748 4.609586 0.059684
0.075255 4.536879 0.059303
0.075762 4.506377 0.058129
0.076269 4.558057 0.059459
0.076776 4.497881 0.056943
0.077282 4.510174 0.057603
0.077789 4.579054 0.056345
0.078296 4.512503 0.055553
0.078803 4.419338 0.057646
0.079309 4.539331 0.058644
0.079816 4.578837 0.059732
0.080323 4.449629 0.057256
0.080830 4.371447 0.058179
0.081336 4.537301 0.059640
0.081843 4.509955 0.057957
0.082350 4.425982 0.055481
0.082857 4.395822 0.057528
0.083363 4.362706 0.058102
0.083870 4.449460 0.059844
0.084377 4.477123 0.057498
0.084884 4.352739 0.057979
0.085390 4.527635 0.057494
0.085897 4.394364 0.057019
0.086404 4.389186 0.059273
0.086911 4.481632 0.060182
0.087417 4.551268 0.057820
0.087924 4.395419 0.060390
0.088431 4.349658 0.058231
0.088938 4.445017 0.058794
0.089444 4.383345 0.055897
0.089951 4.456505 0.059643
0.090458 4.392322 0.058121
0.090965 4.412679 0.057955
0.091471 4.396181 0.059960
0.091978 4.354970 0.058649
0.092485 4.310475 0.058563
0.092992 4.439706 0.057813
0.093498 4.385079 0.057888
0.094005 4.416860 0.057892
0.094512 4.359033 0.056286
0.095019 4.439919 0.060121
0.095525 4.391303 0.055630
0.096032 4.344801 0.056163
0.096539 4.430062 0.057315
0.097046 4.290454 0.056237
0.097552 4.300977 0.058567
0.098059 4.437799 0.056471
0.098566 4.359647 0.056966
0.099073 4.282997 0.057856
0.099579 4.364355 0.057382
0.100086 4.321379 0.054801
0.100593 4.450847 0.056307
0.101100 4.347244 0.057505
0.101606 4.283518 0.056622
0.102113 4.346763 0.057003
0.102620 4.358812 0.058261
0.103127 4.311336 0.056321
0.103633 4.288741 0.057405
0.104140 4.403463 0.059034
0.104647 4.307950 0.059580
0.105154 4.309778 0.056303
0.105660 4.338011 0.056825
0.106167 4.278922 0.057666
0.106674 4.217153 0.053577
0.107181 4.335980 0.055377
0.107687 4.377495 0.055476
0.108194 4.282842 0.054618
0.108701 4.274932 0.053024
0.109208 4.312007 0.051742
0.109714 4.293057 0.053208
0.110221 4.290456 0.051493
0.110728 4.258736 0.051454
0.111235 4.210789 0.051450
0.111741 4.345183 0.051034
0.112248 4.280779 0.052729
0.112755 4.219852 0.050919
0.113262 4.295587 0.052066
0.113768 4.289746 0.053189
0.114275 4.246457 0.052280
0.114782 4.203603 0.051023
0.115289 4.337797 0.051020
0.115795 4.282802 0.049850
0.116302 4.141763 0.049911
0.116809 4.338026 0.050792
0.117316 4.270657 0.048656
0.117822 4.216347 0.048184
0.118329 4.271105 0.048794
0.118836 4.218192 0.049333
0.119342 4.212104 0.047766
0.119849 4.258421 0.047898
0.120356 4.261142 0.048758
0.120863 4.335789 0.047462
0.121369 4.222959 0.048220
0.121876 4.246754 0.048045
0.122383 4.254782 0.046908
0.122890 4.154065 0.047558
0.123396 4.113902 0.046976
0.123903 4.170881 0.047793
0.124410 4.204981 0.047515
0.124917 4.201270 0.046137
0.125423 4.106760 0.047431
0.125930 4.262396 0.047288
0.126437 4.183506 0.046586
0.126944 4.231941 0.046921
0.127450 4.176977 0.046212
0.127957 4.256581 0.046058
0.128464 4.165636 0.045327
0.128970 4.208279 0.045434
0.129477 4.312351 0.047045
0.129984 4.200951 0.045599
0.130491 4.153859 0.044881
0.130997 4.163129 0.044126
0.131504 4.149053 0.044294
0.132011 4.273701 0.045764
0.132518 4.118620 0.043689
0.133024 4.262779 0.044029
0.133531 4.186637 0.043914
0.134038 4.196270 0.043951
0.134545 4.145971 0.044602
0.135051 4.111450 0.044369
0.135558 4.124600 0.042773
0.136065 4.165115 0.042540
0.136571 4.170149 0.043697
0.137078 4.150384 0.042706
0.137585 4.164954 0.042750
0.138092 4.135108 0.043268
0.138598 4.237833 0.043643
0.139105 4.166280 0.042517
0.139612 4.217281 0.042840
0.140119 4.161374 0.042270
0.140625 4.078254 0.041156
0.141132 4.166466 0.042615
0.141639 4.184348 0.041991
0.142145 4.126516 0.041209
0.142652 4.107372 0.041988
0.143159 4.179610 0.043372
0.143666 4.125095 0.042318
0.144172 4.122299 0.040271
0.144679 4.149303 0.042139
0.145186 4.173872 0.041292
0.145692 4.180925 0.042385
0.146199 4.150475 0.041521
0.146706 4.118580 0.041085
0.147213 4.135201 0.042123
0.147719 4.155242 0.041294
0.148226 4.152171 0.042121
0.148733 4.169471 0.042197
0.149240 4.097030 0.041920
0.149746 4.142738 0.043131
0.150253 4.074637 0.041939
0.150760 4.109998 0.041119
0.151266 4.088026 0.040511
0.151773 4.145140 0.040778
0.152280 4.046324 0.040291
0.152787 4.136669 0.041120
0.153293 4.051566 0.040250
0.153800 4.036169 0.039239
0.154307 4.134061 0.040062
0.154813 4.093158 0.040049
0.155320 4.068091 0.040214
0.155827 4.092079 0.039170
0.156334 4.143427 0.039363
0.156840 3.996305 0.039280
0.157347 4.026020 0.039094
0.157854 4.073257 0.039408
0.158360 4.069895 0.038569
0.158867 4.057733 0.039449
0.159374 4.030056 0.038930
0.159881 4.063844 0.040094
0.160387 4.039257 0.039535
0.160894 3.979404 0.038626
0.161401 4.096367 0.037474
0.161907 4.054567 0.038834
0.162414 4.042570 0.039274
0.162921 4.030288 0.038686
0.163427 4.072043 0.039063
0.163934 4.067305 0.038836
0.164441 4.049704 0.037709
0.164948 4.080859 0.039136
0.165454 4.084339 0.038257
0.165961 4.026354 0.037585
0.166468 3.994325 0.037359
0.166974 3.999146 0.038656
0.167481 4.033226 0.038371
0.167988 4.124590 0.038963
0.168495 4.080412 0.037636
0.169001 4.047088 0.038821
0.169508 4.044117 0.038554
0.170015 3.975036 0.038264
0.170521 3.970407 0.037612
0.171028 4.043686 0.038674
0.171535 4.062788 0.039041
0.172041 4.025885 0.039076
0.172548 3.963930 0.038510
0.173055 4.041068 0.038903
0.173562 4.054147 0.039363
0.174068 4.029081 0.039486
0.174575 4.099791 0.039756
0.175082 4.049594 0.039048
0.175588 4.038633 0.039095
0.176095 4.004044 0.037747
0.176602 4.102167 0.038946
0.177108 4.048289 0.039288
0.177615 4.014232 0.038193
0.178122 3.964635 0.039117
0.178629 4.009608 0.039640
0.179135 4.075115 0.039295
0.179642 4.062744 0.039542
0.180149 3.934626 0.038214
0.180655 4.008157 0.038782
0.181162 4.030663 0.039259
0.181669 4.007540 0.039312
0.182175 4.083867 0.039383
0.182682 4.024563 0.038406
0.183189 4.003978 0.039837
0.183695 4.088102 0.040505
0.184202 3.975404 0.039942
0.184709 4.012484 0.038667
0.185216 4.061293 0.041308
0.185722 3.975403 0.040463
0.186229 4.032280 0.041060
0.186736 3.975338 0.040439
0.187242 4.028550 0.039835
0.187749 4.003312 0.040410
0.188256 4.053780 0.041241
0.188762 4.030304 0.041048
0.189269 3.995941 0.041525
0.189776 4.016225 0.041759
0.190282 3.985848 0.041509
0.190789 3.973569 0.041291
0.191296 3.926560 0.041093
0.191802 3.957652 0.041272
0.192309 4.023071 0.040606
0.192816 3.987435 0.041386
0.193323 3.989572 0.041642
0.193829 4.003119 0.040978
0.194336 3.926328 0.040393
0.194843 4.021779 0.042156
0.195349 4.026875 0.041450
0.195856 4.005061 0.041000
0.196363 4.021645 0.043643
0.196869 3.945094 0.042122
0.197376 4.013759 0.041473
0.197883 3.977371 0.041835
0.198389 4.047450 0.042023
0.198896 4.012103 0.043654
0.199403 3.991175 0.042230
0.199909 3.972234 0.042197
0.200416 3.991051 0.042581
0.200923 3.994735 0.044047
0.201429 3.976853 0.042366
0.201936 4.032774 0.042309
0.202443 3.959875 0.043534
0.202949 3.952092 0.043198
0.203456 3.961861 0.042028
0.203963 3.957922 0.042947
0.204469 3.918617 0.041872
0.204976 4.009327 0.042760
0.205483 3.939729 0.042510
0.205989 3.961179 0.043456
0.206496 4.024811 0.043079
0.207003 3.856346 0.042658
0.207509 3.947273 0.042595
0.208016 3.938338 0.041958
0.208523 3.898688 0.041537
0.209029 4.001612 0.040897
0.209536 3.966310 0.042480
0.210043 3.938418 0.041863
0.210549 3.869913 0.041822
0.211056 3.972257 0.043946
0.211563 3.944558 0.042779
0.212069 4.004683 0.043066
0.212576 4.073345 0.043247
0.213083 3.962772 0.042271
0.213589 3.951777 0.042536
0.214096 3.975249 0.042402
0.214603 3.931515 0.041607
0.215109 3.893527 0.041567
0.215616 3.897597 0.042111
0.216123 3.957738 0.042180
0.216629 3.950015 0.042620
0.217136 3.937072 0.040980
0.217643 3.900772 0.042261
0.218149 3.895573 0.042327
0.218656 3.939347 0.041669
0.219163 3.916808 0.042618
0.219669 3.807595 0.041333
0.220176 3.888544 0.041032
0.220683 3.884594 0.041228
0.221189 3.902985 0.041947
0.221696 3.844695 0.041742
0.222203 3.899063 0.041609
0.222709 3.982028 0.042332
0.223216 3.853224 0.042226
0.223722 3.889939 0.041969
0.224229 3.909316 0.041973
0.224736 3.878284 0.041725
0.225242 3.889751 0.041322
0.225749 3.836074 0.040610
0.226256 3.811678 0.039754
0.226762 3.898848 0.040434
0.227269 3.901805 0.042335
0.227776 3.866781 0.040277
0.228282 3.904558 0.040893
0.228789 3.890183 0.040327
0.229296 3.817519 0.040472
0.229802 3.936249 0.039874
0.230309 3.851805 0.041726
0.230816 3.823522 0.039106
0.231322 3.940885 0.039991
0.231829 3.837887 0.040737
0.232335 3.941567 0.040501
0.232842 3.849321 0.039403
0.233349 3.903336 0.038416
0.233855 3.855780 0.039889
0.234362 3.832969 0.039917
0.234869 3.815882 0.038485
0.235375 3.875577 0.040031
0.235882 3.769740 0.039511
0.236389 3.851722 0.038766
0.236895 3.910141 0.039707
0.237402 3.857720 0.038599
0.237908 3.800235 0.038666
0.238415 3.862106 0.039221
0.238922 3.912077 0.039098
0.239428 3.777396 0.039148
0.239935 3.829404 0.038688
0.240442 3.854086 0.038752
0.240948 3.850068 0.038319
0.241455 3.835158 0.038508
0.241962 3.884604 0.038680
0.242468 3.814662 0.038386
0.242975 3.826217 0.037737
0.243481 3.816129 0.037389
0.243988 3.815940 0.037800
0.244495 3.786441 0.038207
0.245001 3.801770 0.037448
0.245508 3.889299 0.038321
0.246015 3.814072 0.037277
0.246521 3.840947 0.038537
0.247028 3.800149 0.037469
0.247534 3.834022 0.037050
0.248041 3.708007 0.036908
0.248548 3.686132 0.036835
0.249054 3.820718 0.036845
0.249561 3.810677 0.037407
0.250068 3.821484 0.035637
0.250574 3.843303 0.037687
0.251081 3.856962 0.037421
0.251587 3.833675 0.036779
0.252094 3.789403 0.037054
0.252601 3.735946 0.036497
0.253107 3.822521 0.036207
0.253614 3.768316 0.036356
0.254120 3.737830 0.036877
0.254627 3.762648 0.036090
0.255134 3.798424 0.036743
0.255640 3.723241 0.035295
0.256147 3.831566 0.036349
0.256654 3.797658 0.036293
0.257160 3.789946 0.035242
0.257667 3.733861 0.034875
0.258173 3.738982 0.034755
0.258680 3.781770 0.035661
0.259187 3.767436 0.034896
0.259693 3.753027 0.034980
0.260200 3.776288 0.036449
0.260706 3.725368 0.034374
0.261213 3.844137 0.036492
0.261720 3.778866 0.035408
0.262226 3.733175 0.034200
0.262733 3.796435 0.035004
0.263239 3.799169 0.036037
0.263746 3.837862 0.035115
0.264253 3.721625 0.033657
0.264759 3.753018 0.034918
0.265266 3.686051 0.034837
0.265772 3.775235 0.035069
0.266279 3.793949 0.035444
0.266786 3.739396 0.033872
0.267292 3.694410 0.034910
0.267799 3.712420 0.034504
0.268305 3.738016 0.034845
0.268812 3.733510 0.034438
0.269319 3.778018 0.034800
0.269825 3.808099 0.034624
0.270332 3.760834 0.034443
0.270838 3.805296 0.034368
0.271345 3.744667 0.033358
0.271852 3.714189 0.033878
0.272358 3.789430 0.034626
0.272865 3.730826 0.034670
0.273371 3.744952 0.034051
0.273878 3.740004 0.033721
0.274385 3.787917 0.034289
0.274891 3.741573 0.034052
0.275398 3.768424 0.034441
0.275904 3.727926 0.033419
0.276411 3.756124 0.033260
0.276917 3.706891 0.034124
0.277424 3.695047 0.033542
0.277931 3.734732 0.033067
0.278437 3.676626 0.033278
0.278944 3.694503 0.032937
0.279450 3.710555 0.033290
0.279957 3.666855 0.032958
0.280464 3.725451 0.033829
0.280970 3.767944 0.033257
0.281477 3.700134 0.032742
0.281983 3.699886 0.033261
0.282490 3.704252 0.033316
0.282996 3.676280 0.033426
0.283503 3.666442 0.032171
0.284010 3.699597 0.033027
0.284516 3.718453 0.033008
0.285023 3.745572 0.033221
0.285529 3.680628 0.032860
0.286036 3.702794 0.032982
0.286542 3.652821 0.033264
0.287049 3.676738 0.032880
0.287556 3.706521 0.033204
0.288062 3.674210 0.032547
0.288569 3.595210 0.032794
0.289075 3.710166 0.033310
0.289582 3.647457 0.033267
0.290088 3.681501 0.032578
0.290595 3.697577 0.032903
0.291102 3.672413 0.032542
0.291608 3.626604 0.032813
0.292115 3.666494 0.032262
0.292621 3.686491 0.032802
0.293128 3.624663 0.032426
0.293634 3.625551 0.033214
0.294141 3.608047 0.032834
0.294647 3.714136 0.033015
0.295154 3.650052 0.033117
0.295661 3.692272 0.033037
0.296167 3.614709 0.032300
0.296674 3.639235 0.033215
0.297180 3.596772 0.032216
0.297687 3.632946 0.032819
0.298193 3.642952 0.031986
0.298700 3.620659 0.031843
0.299206 3.698249 0.032805
0.299713 3.621951 0.032111
0.300220 3.683999 0.033294
0.300726 3.611558 0.033153
0.301233 3.642345 0.032864
0.301739 3.612479 0.032344
0.302246 3.630328 0.032917
0.302752 3.637914 0.033214
0.303259 3.580661 0.032996
0.303765 3.598518 0.032044
0.304272 3.645352 0.032091
0.304779 3.571770 0.033015
0.305285 3.561466 0.032198
0.305792 3.643935 0.033012
0.306298 3.646975 0.032545
0.306805 3.627203 0.032775
0.307311 3.584201 0.031842
0.307818 3.562145 0.032338
0.308324 3.613635 0.033086
0.308831 3.602688 0.032151
0.309337 3.605181 0.032084
0.309844 3.607513 0.032460
0.310350 3.537233 0.032424
0.310857 3.675513 0.033978
0.311364 3.603639 0.033436
0.311870 3.494911 0.033641
0.312377 3.573349 0.033683
0.312883 3.563467 0.033376
0.313390 3.625880 0.033990
0.313896 3.605039 0.034124
0.314403 3.634447 0.034486
0.314909 3.667909 0.035457
0.315416 3.610381 0.035276
0.315922 3.577170 0.033876
0.316429 3.522404 0.034301
0.316935 3.660686 0.035186
0.317442 3.652926 0.035457
0.317948 3.673822 0.035498
0.318455 3.594014 0.035220
0.318961 3.549740 0.034916
0.319468 3.614115 0.035402
0.319975 3.583329 0.035266
0.320481 3.577727 0.035951
0.320988 3.604834 0.035629
0.321494 3.558149 0.035422
0.322001 3.609494 0.035697
0.322507 3.541013 0.035267
0.323014 3.632489 0.035598
0.323520 3.604512 0.035544
0.324027 3.637656 0.035700
0.324533 3.599583 0.035584
0.325040 3.691400 0.035319
0.325546 3.654173 0.034777
0.326053 3.531934 0.035667
0.326559 3.573387 0.034903
0.327066 3.574171 0.035748
0.327572 3.618145 0.035639
0.328079 3.544396 0.034662
0.328585 3.501398 0.034476
0.329092 3.550290 0.035564
0.329598 3.584068 0.035881
0.330105 3.593326 0.034915
0.330611 3.590393 0.034707
0.331118 3.563313 0.036311
0.331624 3.547491 0.034534
0.332131 3.533083 0.035105
0.332637 3.622920 0.035882
0.333144 3.622732 0.036688
0.333650 3.574610 0.035873
0.334157 3.557733 0.036578
0.334663 3.553749 0.036406
0.335170 3.512378 0.035825
0.335676 3.548493 0.035290
0.336183 3.613804 0.036258
0.336689 3.608172 0.037168
0.337196 3.566785 0.035913
0.337702 3.541672 0.036322
0.338209 3.547433 0.036476
0.338715 3.617085 0.036995
0.339222 3.530445 0.037772
0.339728 3.543557 0.035759
0.340235 3.560117 0.036170
0.340741 3.570361 0.036165
0.341248 3.567252 0.036872
0.341754 3.565544 0.035999
0.342261 3.540660 0.036629
0.342767 3.554218 0.036828
0.343274 3.564480 0.036188
0.343780 3.565868 0.036700
0.344287 3.513713 0.036368
0.344793 3.606785 0.036838
0.345300 3.614037 0.037894
0.345806 3.541879 0.037016
0.346313 3.576062 0.036282
0.346819 3.561258 0.036806
0.347325 3.506731 0.037818
0.347832 3.601953 0.036761
0.348338 3.568367 0.036852
0.348845 3.568210 0.036191
0.349351 3.552538 0.037035
0.349858 3.598143 0.035720
0.350364 3.552052 0.036977
0.350871 3.489588 0.036462
0.351377 3.563567 0.037297
0.351884 3.553104 0.037341
0.352390 3.574453 0.036481
0.352897 3.577627 0.038213
0.353403 3.558526 0.036414
0.353910 3.578022 0.036922
0.354416 3.538459 0.036777
0.354923 3.528676 0.035656
0.355429 3.518699 0.035131
0.355935 3.493569 0.036151
0.356442 3.565303 0.035842
0.356948 3.527134 0.035330
0.357455 3.556777 0.035141
0.357961 3.532391 0.034384
0.358468 3.511903 0.034707
0.358974 3.558510 0.033857
0.359481 3.494632 0.035195
0.359987 3.506245 0.036073
0.360494 3.513807 0.035651
0.361000 3.536015 0.035145
0.361506 3.542443 0.035440
0.362013 3.516091 0.035202
0.362519 3.485202 0.036796
0.363026 3.520749 0.036570
0.363532 3.504095 0.036133
0.364039 3.556424 0.035878
0.364545 3.561550 0.035293
0.365052 3.551317 0.036622
0.365558 3.499380 0.035742
0.366064 3.534678 0.036201
0.366571 3.490626 0.035864
0.367077 3.488199 0.035451
0.367584 3.525492 0.035768
0.368090 3.509388 0.036068
0.368597 3.542299 0.036431
0.369103 3.501309 0.037053
0.369610 3.496660 0.036735
0.370116 3.540050 0.036896
0.370622 3.456989 0.037050
0.371129 3.469600 0.036718
0.371635 3.491022 0.038044
0.372142 3.464589 0.038708
0.372648 3.436143 0.037173
0.373155 3.466304 0.036626
0.373661 3.468293 0.036765
0.374167 3.489608 0.037254
0.374674 3.458361 0.037661
0.375180 3.430614 0.036733
0.375687 3.433891 0.037392
0.376193 3.520653 0.039436
0.376700 3.499368 0.038787
0.377206 3.443678 0.038811
0.377712 3.433829 0.037930
0.378219 3.460491 0.038483
0.378725 3.472093 0.038910
0.379232 3.458106 0.039421
0.379738 3.427176 0.039988
0.380245 3.411782 0.039213
0.380751 3.476090 0.039907
0.381257 3.403937 0.039578
0.381764 3.465746 0.039526
0.382270 3.494510 0.040164
0.382777 3.421311 0.039158
0.383283 3.456677 0.040965
0.383789 3.514010 0.041358
0.384296 3.461113 0.040219
0.384802 3.466656 0.041588
0.385309 3.488561 0.042870
0.385815 3.460261 0.042272
0.386321 3.525571 0.041967
0.386828 3.476248 0.041560
0.387334 3.433362 0.043293
0.387841 3.433486 0.041942
0.388347 3.497180 0.043475
0.388853 3.434488 0.041956
0.389360 3.444039 0.043398
0.389866 3.457261 0.043269
0.390373 3.454067 0.044920
0.390879 3.530357 0.044475
0.391385 3.434027 0.044029
0.391892 3.464788 0.044800
0.392398 3.467004 0.044679
0.392905 3.441744 0.043010
0.393411 3.464945 0.044033
0.393917 3.454363 0.044357
0.394424 3.485617 0.050891
0.394930 3.333209 0.043787
0.395437 3.480227 0.045315
0.395943 3.410706 0.045423
0.396449 3.448573 0.046058
0.396956 3.472557 0.045692
0.397462 3.446075 0.046421
0.397969 3.365195 0.045346
0.398475 3.423405 0.045753
0.398981 3.502519 0.048304
0.399488 3.345371 0.046371
0.399994 3.478448 0.047555
0.400500 3.374425 0.045972
0.401007 3.364672 0.047842
0.401513 3.458170 0.046847
0.402020 3.451592 0.049848
0.402526 3.397074 0.049871
0.403032 3.359401 0.047384
0.403539 3.436040 0.049027
0.404045 3.392081 0.050215
0.404551 3.412772 0.049647
0.405058 3.367331 0.048576
0.405564 3.292589 0.048385
0.406071 3.438925 0.048849
0.406577 3.425863 0.051454
0.407083 3.385485 0.049005
0.407590 3.377570 0.048176
0.408096 3.335307 0.050745
0.408602 3.429362 0.051867
0.409109 3.346391 0.049456
0.409615 3.406576 0.050224
0.410121 3.381470 0.050085
0.410628 3.340433 0.047851
0.411134 3.411360 0.050634
0.411641 3.301974 0.050048
0.412147 3.254073 0.050000
0.412653 3.335359 0.051106
0.413160 3.329285 0.051398
0.413666 3.237194 0.049646
0.414172 3.428449 0.052788
0.414679 3.421765 0.051414
0.415185 3.197920 0.050912
0.415691 3.383790 0.053395
0.416198 3.352998 0.052334
0.416704 3.347987 0.052182
0.417210 3.395774 0.054201
0.417717 3.343760 0.051698
0.418223 3.405884 0.053750
0.418729 3.320547 0.052985
0.419236 3.359084 0.052985
0.419742 3.290514 0.052489
0.420248 3.348833 0.050046
0.420755 3.372967 0.054196
0.421261 3.286165 0.052649
0.421767 3.231068 0.052031
0.422274 3.312150 0.054235
0.422780 3.366269 0.054454
0.423286 3.328312 0.054188
0.423793 3.394638 0.054787
0.424299 3.279693 0.056795
0.424805 3.385116 0.056590
0.425312 3.373275 0.056043
0.425818 3.271149 0.056510
0.426324 3.313088 0.056860
0.426831 3.290266 0.056502
0.427337 3.349372 0.056808
0.427843 3.415755 0.056568
0.428350 3.316765 0.059163
0.428856 3.277482 0.056998
0.429362 3.341490 0.057438
0.429869 3.300551 0.060658
0.430375 3.264664 0.060354
0.430881 3.234173 0.057229
0.431388 3.173978 0.059020
0.431894 3.325356 0.060353
0.432400 3.321592 0.061944
0.432907 3.341243 0.059902
0.433413 3.275704 0.061192
0.433919 3.269682 0.062993
0.434425 3.346328 0.063751
0.434932 3.272187 0.063418
0.435438 3.265996 0.068367
0.435944 3.354249 0.065188
0.436451 3.269046 0.063699
0.436957 3.436764 0.069076
0.437463 3.300097 0.066379
0.437970 3.327893 0.067950
0.438476 3.408448 0.066910
0.438982 3.349772 0.071163
0.439488 3.328737 0.069612
0.439995 3.350730 0.067026
