0.009882 112.028183 25.652882
0.010389 75.062798 14.134744
0.010896 70.961850 13.333125
0.011402 59.382106 10.523052
0.011909 34.105443 6.131823
0.012416 36.646364 5.818166
0.012923 29.561829 3.811924
0.013430 24.324489 3.343238
0.013936 20.730920 2.247188
0.014443 19.795027 1.744382
0.014950 17.304833 0.961092
0.015457 15.609729 0.782824
0.015963 14.943894 0.651428
0.016470 13.767012 0.552696
0.016977 12.908186 0.396205
0.017484 11.908740 0.380660
0.017990 11.193206 0.279672
0.018497 10.945687 0.242244
0.019004 10.191527 0.238871
0.019511 10.101023 0.207894
0.020018 9.285856 0.208366
0.020524 8.611474 0.192500
0.021031 8.162080 0.190825
0.021538 8.535466 0.179712
0.022045 8.028219 0.168196
0.022551 7.635887 0.160870
0.023058 7.662493 0.157826
0.023565 7.211333 0.150733
0.024072 7.021827 0.155014
0.024579 6.783782 0.139192
0.025085 6.975237 0.137918
0.025592 6.504250 0.131691
0.026099 6.517881 0.133258
0.026606 6.633946 0.130479
0.027112 6.390053 0.131600
0.027619 6.385174 0.114646
0.028126 6.366623 0.119341
0.028633 6.181589 0.118079
0.029139 6.105221 0.116759
0.029646 6.074030 0.114264
0.030153 5.971947 0.109363
0.030660 5.965658 0.109357
0.031167 5.893698 0.111613
0.031673 5.786972 0.105757
0.032180 5.810715 0.103638
0.032687 5.735589 0.109810
0.033194 5.571664 0.106494
0.033700 5.461175 0.100722
0.034207 5.494586 0.100846
0.034714 5.419844 0.098367
0.035221 5.398405 0.099168
0.035727 5.544915 0.096150
0.036234 5.395916 0.096957
0.036741 5.361534 0.095820
0.037248 5.295089 0.091077
0.037755 5.200285 0.092963
0.038261 5.287713 0.092476
0.038768 5.184510 0.087213
0.039275 4.985849 0.089273
0.039782 5.197116 0.091483
0.040288 5.129920 0.090494
0.040795 5.256988 0.088945
0.041302 5.152986 0.090791
0.041809 5.021712 0.084978
0.042315 5.003357 0.086939
0.042822 5.043255 0.082658
0.043329 5.003325 0.083075
0.043836 5.016619 0.085740
0.044343 5.120499 0.080525
0.044849 5.222782 0.085695
0.045356 5.056898 0.078973
0.045863 4.907856 0.081332
0.046370 5.024610 0.082112
0.046876 4.985775 0.080153
0.047383 4.972542 0.081661
0.047890 4.941381 0.078882
0.048397 4.885156 0.075900
0.048903 4.836740 0.075511
0.049410 4.764267 0.077832
0.049917 4.948624 0.074346
0.050424 4.748595 0.073553
0.050931 4.804642 0.074467
0.051437 4.937333 0.072288
0.051944 4.855969 0.073685
0.052451 4.773776 0.076221
0.052958 4.833279 0.070684
0.053464 4.912441 0.074776
0.053971 4.779084 0.069991
0.054478 4.734098 0.070475
0.054985 4.778954 0.073005
0.055491 4.704976 0.072876
0.055998 4.711899 0.071112
0.056505 4.747931 0.072397
0.057012 4.789680 0.071811
0.057519 4.582836 0.069785
0.058025 4.688907 0.070268
0.058532 4.615448 0.069555
0.059039 4.626269 0.069245
0.059546 4.553309 0.068342
0.060052 4.664971 0.067213
0.060559 4.662604 0.066188
0.061066 4.761165 0.065791
0.061573 4.610337 0.063897
0.062079 4.650886 0.066333
0.062586 4.624589 0.065385
0.063093 4.680219 0.067892
0.063600 4.628652 0.066712
0.064106 4.655165 0.066287
0.064613 4.626214 0.063723
0.065120 4.515637 0.063395
0.065627 4.720786 0.063879
0.066134 4.576890 0.065505
0.066640 4.541393 0.063824
0.067147 4.464301 0.063556
0.067654 4.540170 0.065499
0.068161 4.533557 0.064141
0.068667 4.593841 0.064559
0.069174 4.591798 0.063871
0.069681 4.536099 0.063455
0.070188 4.620658 0.062742
0.070694 4.547400 0.062771
0.071201 4.523768 0.060594
0.071708 4.544382 0.062429
0.072215 4.626755 0.061458
0.072721 4.423982 0.059512
0.073228 4.382786 0.059849
0.073735 4.532902 0.060840
0.074242 4.506165 0.059639
0.074748 4.707662 0.061654
0.075255 4.469081 0.059913
0.075762 4.529423 0.059469
0.076269 4.576030 0.057427
0.076776 4.490804 0.059064
0.077282 4.546712 0.059011
0.077789 4.575230 0.058086
0.078296 4.581879 0.057817
0.078803 4.475072 0.056991
0.079309 4.569919 0.056634
0.079816 4.456357 0.058891
0.080323 4.483178 0.058813
0.080830 4.449106 0.057649
0.081336 4.562725 0.057959
0.081843 4.381822 0.059361
0.082350 4.443489 0.060634
0.082857 4.486255 0.058561
0.083363 4.448922 0.057698
0.083870 4.601571 0.060376
0.084377 4.431260 0.058064
0.084884 4.428201 0.061122
0.085390 4.392270 0.058496
0.085897 4.457812 0.059184
0.086404 4.436099 0.060091
0.086911 4.578045 0.059552
0.087417 4.499771 0.058921
0.087924 4.470694 0.059238
0.088431 4.524277 0.057293
0.088938 4.454477 0.056615
0.089444 4.515773 0.058980
0.089951 4.343466 0.058304
0.090458 4.393886 0.058397
0.090965 4.239784 0.056726
0.091471 4.403123 0.054578
0.091978 4.395141 0.058823
0.092485 4.429009 0.059146
0.092992 4.399785 0.057339
0.093498 4.391331 0.057856
0.094005 4.427939 0.058324
0.094512 4.325408 0.058394
0.095019 4.425276 0.060177
0.095525 4.298103 0.057467
0.096032 4.391347 0.058660
0.096539 4.356976 0.055815
0.097046 4.376309 0.057659
0.097552 4.400558 0.055390
0.098059 4.349641 0.057541
0.098566 4.301468 0.056248
0.099073 4.350704 0.055855
0.099579 4.280801 0.056377
0.100086 4.302041 0.055861
0.100593 4.370725 0.055860
0.101100 4.350230 0.056296
0.101606 4.366391 0.055654
0.102113 4.367636 0.058314
0.102620 4.411273 0.057591
0.103127 4.369782 0.059042
0.103633 4.363366 0.058302
0.104140 4.322784 0.059046
0.104647 4.376268 0.058218
0.105154 4.281772 0.056947
0.105660 4.387689 0.057712
0.106167 4.239764 0.057314
0.106674 4.234978 0.054734
0.107181 4.265698 0.053768
0.107687 4.258594 0.055269
0.108194 4.292678 0.054510
0.108701 4.313071 0.053456
0.109208 4.287304 0.053905
0.109714 4.267010 0.052187
0.110221 4.173450 0.053911
0.110728 4.266772 0.052726
0.111235 4.273646 0.050346
0.111741 4.249620 0.051667
0.112248 4.193094 0.050194
0.112755 4.263052 0.050002
0.113262 4.352290 0.051275
0.113768 4.247745 0.049937
0.114275 4.279705 0.051791
0.114782 4.249136 0.050058
0.115289 4.267244 0.051903
0.115795 4.221019 0.049569
0.116302 4.195826 0.048846
0.116809 4.281041 0.050298
0.117316 4.217994 0.048518
0.117822 4.260583 0.048591
0.118329 4.123047 0.049542
0.118836 4.259979 0.050318
0.119342 4.186507 0.048601
0.119849 4.182971 0.047434
0.120356 4.203279 0.049715
0.120863 4.171266 0.046588
0.121369 4.180500 0.048550
0.121876 4.168420 0.047303
0.122383 4.174801 0.047252
0.122890 4.295819 0.048058
0.123396 4.209663 0.046754
0.123903 4.290142 0.046436
0.124410 4.207119 0.047099
0.124917 4.248994 0.048374
0.125423 4.198838 0.046893
0.125930 4.191115 0.046320
0.126437 4.171437 0.047473
0.126944 4.177041 0.045027
0.127450 4.192169 0.045634
0.127957 4.173798 0.046011
0.128464 4.296200 0.045746
0.128970 4.165489 0.046014
0.129477 4.190161 0.045609
0.129984 4.208463 0.044992
0.130491 4.209169 0.046582
0.130997 4.155654 0.044383
0.131504 4.201257 0.043453
0.132011 4.213916 0.044828
0.132518 4.210552 0.044444
0.133024 4.196067 0.044901
0.133531 4.181343 0.044017
0.134038 4.216052 0.043638
0.134545 4.195745 0.044531
0.135051 4.093977 0.042317
0.135558 4.156111 0.043789
0.136065 4.127964 0.044872
0.136571 4.195773 0.041930
0.137078 4.199075 0.042431
0.137585 4.214732 0.044649
0.138092 4.259914 0.042636
0.138598 4.184645 0.041941
0.139105 4.109458 0.042567
0.139612 4.149479 0.042543
0.140119 4.150486 0.042738
0.140625 4.189196 0.043781
0.141132 4.224049 0.043635
0.141639 4.127491 0.042539
0.142145 4.159289 0.041777
0.142652 4.192268 0.042900
0.143159 4.157835 0.041661
0.143666 4.169933 0.042330
0.144172 4.166191 0.041569
0.144679 4.186696 0.042557
0.145186 4.132190 0.042325
0.145692 4.148668 0.040935
0.146199 4.150045 0.041367
0.146706 4.143907 0.041685
0.147213 4.039398 0.040787
0.147719 4.152222 0.041315
0.148226 4.192626 0.040784
0.148733 4.082440 0.041777
0.149240 4.144232 0.040469
0.149746 4.069087 0.041532
0.150253 4.011925 0.040471
0.150760 4.138583 0.041803
0.151266 4.083494 0.041363
0.151773 4.107362 0.040760
0.152280 4.080501 0.040875
0.152787 4.093420 0.041343
0.153293 4.174018 0.041457
0.153800 4.096308 0.039972
0.154307 4.162717 0.041229
0.154813 4.103816 0.041566
0.155320 4.132434 0.040296
0.155827 4.084195 0.039853
0.156334 4.115900 0.040021
0.156840 4.169527 0.040566
0.157347 4.099270 0.040153
0.157854 4.064584 0.040128
0.158360 4.050252 0.039372
0.158867 3.997682 0.039041
0.159374 4.093793 0.038670
0.159881 4.032158 0.039873
0.160387 4.070599 0.038647
0.160894 3.993417 0.038359
0.161401 4.055930 0.038797
0.161907 4.090414 0.038407
0.162414 4.151129 0.040981
0.162921 4.107679 0.038405
0.163427 4.017351 0.038830
0.163934 4.034613 0.038255
0.164441 4.028655 0.038675
0.164948 4.075999 0.039415
0.165454 4.080597 0.038366
0.165961 4.002808 0.038049
0.166468 4.050146 0.038681
0.166974 4.134748 0.038464
0.167481 4.091362 0.037939
0.167988 4.045645 0.037629
0.168495 4.004412 0.037963
0.169001 4.052419 0.039238
0.169508 4.044857 0.038812
0.170015 4.045807 0.038361
0.170521 3.991104 0.038344
0.171028 4.131559 0.039857
0.171535 4.047085 0.039618
0.172041 4.005375 0.038996
0.172548 3.996491 0.039521
0.173055 4.007338 0.037463
0.173562 4.027689 0.039270
0.174068 4.069568 0.040099
0.174575 4.052264 0.039556
0.175082 4.036950 0.039145
0.175588 4.067805 0.039651
0.176095 3.971434 0.039566
0.176602 4.027426 0.038983
0.177108 4.023094 0.039632
0.177615 3.983527 0.038832
0.178122 4.000282 0.038039
0.178629 4.015805 0.037950
0.179135 3.981223 0.038342
0.179642 4.069375 0.040276
0.180149 4.100477 0.039179
0.180655 4.019725 0.038550
0.181162 4.012691 0.039993
0.181669 3.957757 0.039370
0.182175 3.967429 0.038569
0.182682 4.022090 0.040260
0.183189 4.092449 0.039626
0.183695 4.014361 0.040242
0.184202 4.097834 0.040454
0.184709 4.005305 0.040353
0.185216 4.005758 0.040265
0.185722 4.036167 0.040922
0.186229 4.007995 0.040871
0.186736 3.968032 0.040965
0.187242 3.990908 0.041267
0.187749 4.052773 0.041169
0.188256 3.944076 0.041196
0.188762 4.049834 0.042106
0.189269 3.985429 0.040770
0.189776 3.997189 0.041795
0.190282 3.980133 0.040702
0.190789 4.043466 0.042217
0.191296 4.022232 0.041992
0.191802 3.962993 0.041063
0.192309 4.055490 0.041656
0.192816 4.033078 0.041654
0.193323 4.079793 0.043141
0.193829 4.023547 0.042451
0.194336 4.000064 0.041704
0.194843 4.008626 0.041649
0.195349 3.974980 0.041387
0.195856 3.952113 0.041690
0.196363 4.025319 0.042461
0.196869 3.994574 0.042735
0.197376 4.001529 0.042608
0.197883 3.987864 0.041809
0.198389 4.022194 0.042813
0.198896 4.000660 0.042783
0.199403 3.957495 0.042338
0.199909 3.959376 0.043125
0.200416 3.918755 0.041524
0.200923 4.076006 0.042549
0.201429 4.016897 0.041880
0.201936 3.996146 0.041625
0.202443 3.922211 0.042799
0.202949 3.954394 0.042119
0.203456 4.059375 0.043132
0.203963 3.957428 0.043446
0.204469 3.980928 0.042302
0.204976 3.969318 0.042208
0.205483 3.883716 0.042683
0.205989 3.946511 0.043218
0.206496 3.909263 0.042762
0.207003 4.063303 0.043332
0.207509 3.991010 0.043292
0.208016 3.925514 0.041880
0.208523 3.947814 0.042301
0.209029 3.969558 0.042577
0.209536 3.947934 0.042577
0.210043 3.958767 0.041610
0.210549 3.856733 0.042312
0.211056 3.850187 0.043941
0.211563 3.911959 0.042781
0.212069 3.977833 0.041784
0.212576 3.954356 0.042286
0.213083 3.923191 0.041969
0.213589 3.947167 0.041142
0.214096 3.936434 0.041950
0.214603 3.916478 0.041684
0.215109 3.887927 0.042819
0.215616 3.891202 0.041303
0.216123 3.924095 0.043747
0.216629 3.915549 0.043395
0.217136 3.915766 0.041906
0.217643 3.972316 0.043405
0.218149 3.948473 0.042366
0.218656 3.942979 0.042085
0.219163 3.900439 0.042160
0.219669 3.928985 0.042816
0.220176 3.957198 0.042608
0.220683 3.860718 0.041151
0.221189 3.776510 0.041681
0.221696 3.853824 0.041997
0.222203 3.898162 0.042190
0.222709 3.916634 0.041016
0.223216 3.946671 0.041858
0.223722 3.898901 0.041831
0.224229 3.917343 0.041040
0.224736 3.917877 0.041922
0.225242 3.889300 0.041284
0.225749 3.894883 0.041386
0.226256 3.899987 0.040311
0.226762 3.856077 0.041473
0.227269 3.900056 0.042006
0.227776 3.937614 0.041275
0.228282 3.811882 0.040026
0.228789 3.868854 0.040874
0.229296 3.803961 0.039108
0.229802 3.874925 0.040757
0.230309 3.916023 0.041459
0.230816 3.844663 0.039901
0.231322 3.943800 0.039533
0.231829 3.844672 0.040086
0.232335 3.875579 0.039822
0.232842 3.778007 0.037773
0.233349 3.872944 0.038823
0.233855 3.880334 0.040182
0.234362 3.834139 0.039722
0.234869 3.904916 0.039926
0.235375 3.869436 0.039696
0.235882 3.876615 0.039558
0.236389 3.859711 0.038705
0.236895 3.914972 0.039776
0.237402 3.846909 0.038184
0.237908 3.847693 0.039703
0.238415 3.779613 0.038061
0.238922 3.850579 0.038785
0.239428 3.899151 0.038440
0.239935 3.864221 0.037597
0.240442 3.867387 0.038255
0.240948 3.898501 0.037411
0.241455 3.796639 0.038237
0.241962 3.829308 0.038841
0.242468 3.846819 0.038069
0.242975 3.855230 0.038402
0.243481 3.763016 0.037205
0.243988 3.808959 0.038752
0.244495 3.829559 0.038199
0.245001 3.811979 0.036773
0.245508 3.905435 0.037599
0.246015 3.792240 0.037148
0.246521 3.797679 0.037461
0.247028 3.819013 0.037759
0.247534 3.811434 0.037327
0.248041 3.801228 0.037385
0.248548 3.806275 0.038334
0.249054 3.779832 0.037978
0.249561 3.747115 0.036757
0.250068 3.813792 0.037409
0.250574 3.786133 0.037503
0.251081 3.913965 0.037970
0.251587 3.766386 0.036740
0.252094 3.800193 0.036269
0.252601 3.778925 0.037166
0.253107 3.780550 0.036724
0.253614 3.772957 0.036445
0.254120 3.837684 0.036400
0.254627 3.752043 0.036699
0.255134 3.796296 0.037343
0.255640 3.755470 0.035750
0.256147 3.813701 0.036470
0.256654 3.765680 0.035796
0.257160 3.771755 0.036109
0.257667 3.739736 0.036094
0.258173 3.803316 0.036259
0.258680 3.783502 0.036783
0.259187 3.776587 0.034988
0.259693 3.757034 0.035774
0.260200 3.788234 0.035812
0.260706 3.773579 0.035083
0.261213 3.759542 0.035168
0.261720 3.780644 0.035411
0.262226 3.744222 0.035100
0.262733 3.744429 0.034609
0.263239 3.780358 0.035193
0.263746 3.735149 0.035674
0.264253 3.829726 0.035338
0.264759 3.776506 0.035195
0.265266 3.775681 0.035495
0.265772 3.762775 0.034594
0.266279 3.705345 0.035398
0.266786 3.762656 0.034272
0.267292 3.827939 0.034963
0.267799 3.753494 0.034880
0.268305 3.782850 0.035225
0.268812 3.703623 0.034334
0.269319 3.759559 0.034455
0.269825 3.740650 0.033887
0.270332 3.680414 0.033355
0.270838 3.800821 0.035677
0.271345 3.760676 0.034398
0.271852 3.710398 0.033979
0.272358 3.727500 0.033867
0.272865 3.784038 0.034352
0.273371 3.793470 0.033828
0.273878 3.786115 0.033410
0.274385 3.734703 0.033616
0.274891 3.712337 0.034655
0.275398 3.765950 0.033935
0.275904 3.713185 0.033782
0.276411 3.734369 0.033576
0.276917 3.740548 0.034208
0.277424 3.724637 0.033506
0.277931 3.742384 0.033445
0.278437 3.691515 0.033363
0.278944 3.722306 0.033917
0.279450 3.694391 0.033268
0.279957 3.731988 0.033933
0.280464 3.671554 0.033195
0.280970 3.758591 0.032576
0.281477 3.721979 0.033384
0.281983 3.787835 0.033144
0.282490 3.691260 0.032724
0.282996 3.661053 0.033158
0.283503 3.745463 0.033945
0.284010 3.648942 0.033264
0.284516 3.761077 0.033317
0.285023 3.740140 0.033587
0.285529 3.729836 0.032001
0.286036 3.738558 0.033103
0.286542 3.727121 0.033513
0.287049 3.721451 0.033006
0.287556 3.677187 0.033196
0.288062 3.673308 0.033331
0.288569 3.671551 0.032841
0.289075 3.656105 0.033025
0.289582 3.655828 0.032772
0.290088 3.661020 0.032641
0.290595 3.732875 0.033012
0.291102 3.721398 0.033001
0.291608 3.675721 0.032778
0.292115 3.670716 0.033008
0.292621 3.678701 0.032578
0.293128 3.642889 0.032976
0.293634 3.647673 0.032465
0.294141 3.654366 0.032623
0.294647 3.667786 0.031798
0.295154 3.710298 0.033503
0.295661 3.633107 0.032432
0.296167 3.645763 0.032627
0.296674 3.665641 0.033303
0.297180 3.605214 0.033474
0.297687 3.661136 0.032420
0.298193 3.611353 0.032399
0.298700 3.611381 0.032285
0.299206 3.648779 0.033401
0.299713 3.664326 0.033139
0.300220 3.640182 0.032858
0.300726 3.663133 0.032632
0.301233 3.615937 0.032344
0.301739 3.670712 0.032706
0.302246 3.622999 0.031971
0.302752 3.635544 0.032856
0.303259 3.608026 0.032882
0.303765 3.603798 0.031908
0.304272 3.632066 0.032711
0.304779 3.630719 0.032930
0.305285 3.625689 0.032138
0.305792 3.583776 0.032323
0.306298 3.663230 0.032050
0.306805 3.598392 0.032425
0.307311 3.569587 0.032086
0.307818 3.566540 0.031163
0.308324 3.641413 0.032125
0.308831 3.633500 0.032566
0.309337 3.596286 0.032153
0.309844 3.702688 0.033547
0.310350 3.607797 0.032987
0.310857 3.636406 0.033518
0.311364 3.640578 0.033425
0.311870 3.655765 0.033107
0.312377 3.607885 0.033526
0.312883 3.651607 0.034266
0.313390 3.593263 0.034176
0.313896 3.598468 0.034027
0.314403 3.620709 0.034391
0.314909 3.590636 0.035326
0.315416 3.617271 0.033879
0.315922 3.634603 0.034479
0.316429 3.631397 0.034883
0.316935 3.567931 0.034434
0.317442 3.632423 0.035588
0.317948 3.686679 0.035101
0.318455 3.574106 0.035939
0.318961 3.674348 0.036240
0.319468 3.650034 0.036617
0.319975 3.616690 0.035979
0.320481 3.580225 0.035651
0.320988 3.627660 0.035911
0.321494 3.615842 0.036533
0.322001 3.548737 0.034890
0.322507 3.624187 0.035903
0.323014 3.615347 0.036030
0.323520 3.587661 0.034914
0.324027 3.515937 0.034236
0.324533 3.625393 0.035085
0.325040 3.671678 0.036218
0.325546 3.672680 0.035962
0.326053 3.645850 0.035274
0.326559 3.604790 0.035761
0.327066 3.621330 0.035920
0.327572 3.592002 0.035334
0.328079 3.612964 0.036501
0.328585 3.557054 0.035143
0.329092 3.544024 0.035741
0.329598 3.570257 0.035530
0.330105 3.614869 0.035575
0.330611 3.603659 0.036012
0.331118 3.555255 0.035550
0.331624 3.605515 0.036500
0.332131 3.549305 0.035732
0.332637 3.602818 0.035656
0.333144 3.586258 0.036147
0.333650 3.571685 0.036371
0.334157 3.536855 0.036416
0.334663 3.547060 0.036647
0.335170 3.584860 0.036233
0.335676 3.626921 0.036438
0.336183 3.574307 0.035844
0.336689 3.593507 0.036944
0.337196 3.574586 0.036008
0.337702 3.484286 0.035076
0.338209 3.524329 0.035653
0.338715 3.558157 0.036163
0.339222 3.599823 0.036337
0.339728 3.554249 0.036188
0.340235 3.579349 0.036866
0.340741 3.602047 0.036343
0.341248 3.616880 0.036388
0.341754 3.590055 0.036267
0.342261 3.546982 0.036229
0.342767 3.533156 0.036061
0.343274 3.562203 0.037062
0.343780 3.559314 0.037389
0.344287 3.583326 0.036368
0.344793 3.560478 0.035784
0.345300 3.543963 0.037812
0.345806 3.545517 0.035870
0.346313 3.608582 0.036987
0.346819 3.621800 0.035791
0.347325 3.517644 0.036784
0.347832 3.608124 0.036422
0.348338 3.580908 0.037014
0.348845 3.521722 0.036720
0.349351 3.611639 0.037300
0.349858 3.602368 0.037280
0.350364 3.445050 0.035945
0.350871 3.535030 0.036498
0.351377 3.531329 0.037843
0.351884 3.501546 0.036822
0.352390 3.527827 0.037769
0.352897 3.555090 0.036996
0.353403 3.567784 0.036294
0.353910 3.541551 0.036883
0.354416 3.595524 0.037663
0.354923 3.471696 0.035921
0.355429 3.492710 0.035302
0.355935 3.566968 0.035878
0.356442 3.449799 0.035810
0.356948 3.501767 0.035103
0.357455 3.565824 0.034957
0.357961 3.511897 0.034534
0.358468 3.502368 0.034971
0.358974 3.459417 0.034503
0.359481 3.565495 0.035657
0.359987 3.554988 0.035077
0.360494 3.489226 0.035307
0.361000 3.515640 0.034622
0.361506 3.574866 0.034792
0.362013 3.558151 0.035495
0.362519 3.507401 0.035783
0.363026 3.629423 0.037399
0.363532 3.544507 0.035940
0.364039 3.516439 0.035805
0.364545 3.485382 0.035679
0.365052 3.541272 0.035168
0.365558 3.492828 0.035951
0.366064 3.564035 0.035569
0.366571 3.497464 0.036294
0.367077 3.525208 0.036643
0.367584 3.512382 0.035756
0.368090 3.534862 0.036628
0.368597 3.495412 0.036214
0.369103 3.473308 0.036343
0.369610 3.447629 0.037048
0.370116 3.445411 0.036772
0.370622 3.492106 0.037419
0.371129 3.463669 0.037702
0.371635 3.473640 0.037741
0.372142 3.478676 0.037847
0.372648 3.527545 0.036963
0.373155 3.483470 0.037664
0.373661 3.472817 0.036639
0.374167 3.487945 0.037137
0.374674 3.500469 0.037694
0.375180 3.468565 0.037568
0.375687 3.551607 0.037812
0.376193 3.467270 0.039172
0.376700 3.540055 0.039590
0.377206 3.569811 0.039036
0.377712 3.458741 0.038820
0.378219 3.483397 0.039325
0.378725 3.423456 0.039568
0.379232 3.475757 0.039014
0.379738 3.511405 0.039615
0.380245 3.500297 0.040064
0.380751 3.467461 0.038198
0.381257 3.435786 0.039401
0.381764 3.485094 0.040590
0.382270 3.461192 0.038635
0.382777 3.488262 0.041220
0.383283 3.515000 0.040119
0.383789 3.534096 0.041218
0.384296 3.436787 0.040497
0.384802 3.512442 0.041593
0.385309 3.446928 0.041318
0.385815 3.430679 0.041083
0.386321 3.512132 0.042036
0.386828 3.473648 0.042250
0.387334 3.515259 0.042897
0.387841 3.443513 0.041799
0.388347 3.497462 0.043407
0.388853 3.410475 0.042075
0.389360 3.481700 0.043143
0.389866 3.392925 0.042929
0.390373 3.415120 0.042990
0.390879 3.432880 0.043224
0.391385 3.480569 0.043173
0.391892 3.457870 0.043078
0.392398 3.438980 0.043157
0.392905 3.464831 0.042977
0.393411 3.405214 0.045754
0.393917 3.425839 0.044071
0.394424 3.425696 0.052161
0.394930 3.505699 0.045256
0.395437 3.385635 0.044453
0.395943 3.334213 0.044982
0.396449 3.424063 0.046071
0.396956 3.501449 0.047351
0.397462 3.447355 0.047392
0.397969 3.451058 0.045881
0.398475 3.433686 0.045694
0.398981 3.483935 0.046275
0.399488 3.435621 0.046113
0.399994 3.439027 0.047680
0.400500 3.383748 0.046699
0.401007 3.363286 0.047889
0.401513 3.396686 0.047397
0.402020 3.426263 0.046842
0.402526 3.349019 0.045612
0.403032 3.441510 0.049550
0.403539 3.416647 0.049050
0.404045 3.444038 0.048632
0.404551 3.361157 0.048673
0.405058 3.343029 0.047763
0.405564 3.363851 0.049820
0.406071 3.390930 0.050268
0.406577 3.470861 0.048823
0.407083 3.328497 0.048699
0.407590 3.358413 0.049740
0.408096 3.415213 0.053001
0.408602 3.424127 0.050439
0.409109 3.428834 0.049283
0.409615 3.343856 0.051390
0.410121 3.407695 0.049287
0.410628 3.395799 0.051655
0.411134 3.364105 0.049255
0.411641 3.425346 0.049948
0.412147 3.338867 0.049788
0.412653 3.339186 0.051981
0.413160 3.289853 0.050318
0.413666 3.333520 0.053020
0.414172 3.325580 0.050495
0.414679 3.246986 0.051222
0.415185 3.222513 0.051790
0.415691 3.477292 0.050503
0.416198 3.364358 0.053130
0.416704 3.271661 0.052755
0.417210 3.408287 0.056017
0.417717 3.350325 0.052157
0.418223 3.305283 0.052802
0.418729 3.303145 0.051932
0.419236 3.426608 0.052741
0.419742 3.266058 0.051490
0.420248 3.381394 0.050890
0.420755 3.359890 0.053043
0.421261 3.282651 0.052942
0.421767 3.382790 0.051401
0.422274 3.357159 0.053941
0.422780 3.298473 0.053328
0.423286 3.364148 0.052229
0.423793 3.331474 0.055316
0.424299 3.309513 0.055106
0.424805 3.385115 0.057371
0.425312 3.398290 0.054941
0.425818 3.273988 0.054406
0.426324 3.344277 0.059181
0.426831 3.370637 0.057975
0.427337 3.332878 0.056823
0.427843 3.261515 0.060249
0.428350 3.260229 0.058047
0.428856 3.330925 0.058973
0.429362 3.446041 0.059836
0.429869 3.349764 0.060932
0.430375 3.314583 0.059812
0.430881 3.272790 0.058829
0.431388 3.339452 0.061270
0.431894 3.368542 0.063768
0.432400 3.274338 0.059332
0.432907 3.306666 0.058397
0.433413 3.306193 0.065621
0.433919 3.241767 0.061857
0.434425 3.342726 0.065523
0.434932 3.351393 0.064272
0.435438 3.345966 0.064272
0.435944 3.268044 0.063820
0.436451 3.252256 0.064495
0.436957 3.429994 0.067993
0.437463 3.219003 0.067602
0.437970 3.331983 0.067140
0.438476 3.373367 0.066249
0.438982 3.316477 0.068876
0.439488 3.333132 0.067567
0.439995 3.331608 0.068671
