0.009882 109.028172 26.173823
0.010389 73.021124 13.402332
0.010896 70.134923 13.463521
0.011402 57.818463 10.144464
0.011909 34.175619 6.048921
0.012416 39.894168 6.003482
0.012923 27.726201 3.819177
0.013430 24.540707 3.513325
0.013936 20.577073 2.078646
0.014443 19.559476 1.637606
0.014950 17.581543 1.114821
0.015457 15.179447 0.844487
0.015963 14.568890 0.755821
0.016470 13.674987 0.532367
0.016977 12.108703 0.376731
0.017484 11.578512 0.381279
0.017990 10.775132 0.285377
0.018497 9.865800 0.222362
0.019004 9.617356 0.222034
0.019511 9.548383 0.221330
0.020018 9.183813 0.203624
0.020524 8.688398 0.181016
0.021031 7.959648 0.170985
0.021538 8.115385 0.179193
0.022045 8.056289 0.173150
0.022551 7.732108 0.155635
0.023058 7.337811 0.162564
0.023565 7.254812 0.142628
0.024072 7.006347 0.138390
0.024579 6.953377 0.144297
0.025085 6.764705 0.132301
0.025592 6.417054 0.129974
0.026099 6.951135 0.134629
0.026606 6.485890 0.132755
0.027112 6.415370 0.117661
0.027619 6.324640 0.118685
0.028126 6.248416 0.121355
0.028633 6.274615 0.122657
0.029139 6.075540 0.107927
0.029646 5.839123 0.114304
0.030153 5.932815 0.111170
0.030660 5.846863 0.112691
0.031167 5.898046 0.112717
0.031673 5.762126 0.107577
0.032180 5.728050 0.106273
0.032687 5.503256 0.106860
0.033194 5.557965 0.102404
0.033700 5.707280 0.104712
0.034207 5.553079 0.099541
0.034714 5.582513 0.103212
0.035221 5.365070 0.097207
0.035727 5.407408 0.095756
0.036234 5.553819 0.097168
0.036741 5.363280 0.093083
0.037248 5.325242 0.093911
0.037755 5.321300 0.093667
0.038261 5.331933 0.092224
0.038768 5.054568 0.087489
0.039275 5.427288 0.087015
0.039782 5.237119 0.088787
0.040288 5.213125 0.091761
0.040795 5.164650 0.090850
0.041302 5.051733 0.087584
0.041809 5.111794 0.086409
0.042315 4.994320 0.082301
0.042822 4.957450 0.087168
0.043329 4.992953 0.078691
0.043836 4.997415 0.087941
0.044343 4.930541 0.082023
0.044849 4.892687 0.083276
0.045356 4.990508 0.081401
0.045863 4.840171 0.081690
0.046370 4.890190 0.078252
0.046876 5.017735 0.080064
0.047383 4.860978 0.077561
0.047890 4.838798 0.080136
0.048397 4.905883 0.078502
0.048903 4.815164 0.075650
0.049410 4.862267 0.075976
0.049917 4.879481 0.075992
0.050424 4.693727 0.081089
0.050931 4.935622 0.076637
0.051437 4.728730 0.071680
0.051944 4.784282 0.070944
0.052451 4.788097 0.072596
0.052958 4.776757 0.072687
0.053464 4.692737 0.071591
0.053971 4.720253 0.071023
0.054478 4.712914 0.071111
0.054985 4.807910 0.068398
0.055491 4.707241 0.070032
0.055998 4.743493 0.071568
0.056505 4.768103 0.070362
0.057012 4.604432 0.066901
0.057519 4.623967 0.066344
0.058025 4.767641 0.072568
0.058532 4.664235 0.066910
0.059039 4.686256 0.068328
0.059546 4.759949 0.066887
0.060052 4.692420 0.065819
0.060559 4.690948 0.067598
0.061066 4.677320 0.067175
0.061573 4.783309 0.065924
0.062079 4.601460 0.062953
0.062586 4.643348 0.063378
0.063093 4.642677 0.067058
0.063600 4.525543 0.063145
0.064106 4.481390 0.063675
0.064613 4.579390 0.064232
0.065120 4.748450 0.062959
0.065627 4.640772 0.063760
0.066134 4.765618 0.065628
0.066640 4.472789 0.062004
0.067147 4.486547 0.061693
0.067654 4.465948 0.059745
0.068161 4.479565 0.061933
0.068667 4.540930 0.061818
0.069174 4.425536 0.059018
0.069681 4.597904 0.061555
0.070188 4.543065 0.060312
0.070694 4.543208 0.060666
0.071201 4.485625 0.060750
0.071708 4.626338 0.064617
0.072215 4.491860 0.060106
0.072721 4.446561 0.059743
0.073228 4.602574 0.060068
0.073735 4.457007 0.058163
0.074242 4.529388 0.057799
0.074748 4.543121 0.061859
0.075255 4.455521 0.060477
0.075762 4.503304 0.058473
0.076269 4.610412 0.060613
0.076776 4.545848 0.058673
0.077282 4.518548 0.060487
0.077789 4.494936 0.057536
0.078296 4.458374 0.056393
0.078803 4.434944 0.056899
0.079309 4.493448 0.057343
0.079816 4.492872 0.061325
0.080323 4.581487 0.059082
0.080830 4.497640 0.057803
0.081336 4.533329 0.058487
0.081843 4.522321 0.058904
0.082350 4.377441 0.059063
0.082857 4.390317 0.058257
0.083363 4.438544 0.058108
0.083870 4.529896 0.059399
0.084377 4.424144 0.059135
0.084884 4.405723 0.059223
0.085390 4.384400 0.058432
0.085897 4.326999 0.056455
0.086404 4.405884 0.059082
0.086911 4.433425 0.057465
0.087417 4.412381 0.057836
0.087924 4.462158 0.058734
0.088431 4.476869 0.057856
0.088938 4.378803 0.058513
0.089444 4.380239 0.057645
0.089951 4.500636 0.059987
0.090458 4.342534 0.059000
0.090965 4.271430 0.058332
0.091471 4.324454 0.057683
0.091978 4.274629 0.057376
0.092485 4.355325 0.057373
0.092992 4.414372 0.056467
0.093498 4.333498 0.057641
0.094005 4.316351 0.057804
0.094512 4.343749 0.056627
0.095019 4.314297 0.056973
0.095525 4.372174 0.058489
0.096032 4.398215 0.058241
0.096539 4.351647 0.056290
0.097046 4.433035 0.056995
0.097552 4.405879 0.059375
0.098059 4.417627 0.057963
0.098566 4.309256 0.056648
0.099073 4.366679 0.057720
0.099579 4.300598 0.056674
0.100086 4.355594 0.054258
0.100593 4.380460 0.055433
0.101100 4.362175 0.055492
0.101606 4.310896 0.056298
0.102113 4.408636 0.056801
0.102620 4.329498 0.059368
0.103127 4.246059 0.055588
0.103633 4.261853 0.057820
0.104140 4.382487 0.059857
0.104647 4.366060 0.060791
0.105154 4.388049 0.056842
0.105660 4.324254 0.057009
0.106167 4.320383 0.057492
0.106674 4.311478 0.057434
0.107181 4.303708 0.054693
0.107687 4.250152 0.053799
0.108194 4.393847 0.054761
0.108701 4.272889 0.052446
0.109208 4.220744 0.053519
0.109714 4.287714 0.051732
0.110221 4.246415 0.052295
0.110728 4.259391 0.052464
0.111235 4.362039 0.052659
0.111741 4.226217 0.050497
0.112248 4.274471 0.052249
0.112755 4.256791 0.049928
0.113262 4.135558 0.050661
0.113768 4.195208 0.050460
0.114275 4.173189 0.050240
0.114782 4.258243 0.051299
0.115289 4.213113 0.049238
0.115795 4.288200 0.049821
0.116302 4.165143 0.049279
0.116809 4.210860 0.048721
0.117316 4.237246 0.050693
0.117822 4.307729 0.050476
0.118329 4.204016 0.049179
0.118836 4.179935 0.048663
0.119342 4.270123 0.047580
0.119849 4.219570 0.048135
0.120356 4.293863 0.048614
0.120863 4.165111 0.048874
0.121369 4.170444 0.047379
0.121876 4.223421 0.048139
0.122383 4.237371 0.048933
0.122890 4.186181 0.047430
0.123396 4.176473 0.047259
0.123903 4.145715 0.046852
0.124410 4.185204 0.047735
0.124917 4.207633 0.045786
0.125423 4.170629 0.046475
0.125930 4.260252 0.047051
0.126437 4.146776 0.046375
0.126944 4.170826 0.045766
0.127450 4.207886 0.045114
0.127957 4.265894 0.044995
0.128464 4.181634 0.046967
0.128970 4.182502 0.045938
0.129477 4.175579 0.046104
0.129984 4.255040 0.045718
0.130491 4.147262 0.045198
0.130997 4.139707 0.044688
0.131504 4.258829 0.045215
0.132011 4.216856 0.044547
0.132518 4.166748 0.043874
0.133024 4.146398 0.043578
0.133531 4.119732 0.044389
0.134038 4.213157 0.044180
0.134545 4.163036 0.043930
0.135051 4.179927 0.043674
0.135558 4.242050 0.044515
0.136065 4.118559 0.042816
0.136571 4.123560 0.043991
0.137078 4.166150 0.043710
0.137585 4.174816 0.044266
0.138092 4.129143 0.044459
0.138598 4.136599 0.043094
0.139105 4.166280 0.041925
0.139612 4.248018 0.043066
0.140119 4.223978 0.043027
0.140625 4.119972 0.042309
0.141132 4.152182 0.042596
0.141639 4.150145 0.041500
0.142145 4.147755 0.041460
0.142652 4.133425 0.043043
0.143159 4.148502 0.041952
0.143666 4.058056 0.041346
0.144172 4.197998 0.042922
0.144679 4.137426 0.041790
0.145186 4.055699 0.041449
0.145692 4.093186 0.041213
0.146199 4.115623 0.040004
0.146706 4.055263 0.040331
0.147213 4.063137 0.040938
0.147719 4.136692 0.041883
0.148226 4.126043 0.040313
0.148733 4.060471 0.040305
0.149240 4.179321 0.042883
0.149746 4.074553 0.040870
0.150253 4.132299 0.041253
0.150760 4.161783 0.042655
0.151266 4.137885 0.040684
0.151773 4.080793 0.041297
0.152280 4.047137 0.039031
0.152787 4.043992 0.040378
0.153293 4.025765 0.039872
0.153800 4.003675 0.039592
0.154307 4.075540 0.039485
0.154813 4.096016 0.040198
0.155320 4.036321 0.040171
0.155827 4.042801 0.039590
0.156334 4.068426 0.039806
0.156840 4.071449 0.040128
0.157347 4.131738 0.039969
0.157854 4.030285 0.039201
0.158360 4.095822 0.040313
0.158867 4.078790 0.038763
0.159374 4.088034 0.038707
0.159881 4.018451 0.038605
0.160387 4.052969 0.039469
0.160894 4.083936 0.039476
0.161401 4.032278 0.038997
0.161907 4.039149 0.039187
0.162414 4.022001 0.038968
0.162921 4.076927 0.038609
0.163427 3.986800 0.038148
0.163934 4.079705 0.038328
0.164441 4.027150 0.037948
0.164948 4.055814 0.039260
0.165454 4.086241 0.038247
0.165961 4.011638 0.038006
0.166468 4.071218 0.038051
0.166974 4.072134 0.038486
0.167481 4.121350 0.039263
0.167988 4.078581 0.038313
0.168495 3.958363 0.037174
0.169001 4.107634 0.038847
0.169508 4.013903 0.038268
0.170015 4.021331 0.037918
0.170521 4.048980 0.039507
0.171028 4.022588 0.038970
0.171535 4.036745 0.039064
0.172041 4.057618 0.039191
0.172548 4.099939 0.038804
0.173055 4.074414 0.038702
0.173562 4.059131 0.039123
0.174068 4.039722 0.040190
0.174575 4.072521 0.039476
0.175082 4.013194 0.039623
0.175588 3.928555 0.038358
0.176095 3.943459 0.038751
0.176602 4.039883 0.040583
0.177108 4.125038 0.039705
0.177615 3.982750 0.039698
0.178122 4.049879 0.039747
0.178629 3.937953 0.038998
0.179135 3.974600 0.038405
0.179642 4.007747 0.038882
0.180149 4.012357 0.038620
0.180655 4.039375 0.038935
0.181162 4.012291 0.040015
0.181669 4.048490 0.039224
0.182175 3.918744 0.040491
0.182682 4.041067 0.039612
0.183189 4.053155 0.040685
0.183695 4.045846 0.041959
0.184202 4.013690 0.039471
0.184709 3.971941 0.039784
0.185216 3.963364 0.040483
0.185722 4.082162 0.040593
0.186229 3.929066 0.040702
0.186736 3.974478 0.041105
0.187242 3.940006 0.039716
0.187749 3.920877 0.040190
0.188256 4.019114 0.041663
0.188762 4.065467 0.041900
0.189269 4.006446 0.040800
0.189776 3.974154 0.041556
0.190282 3.960771 0.040893
0.190789 4.007858 0.041591
0.191296 4.005691 0.041718
0.191802 4.023524 0.042643
0.192309 3.960453 0.041483
0.192816 4.004887 0.041738
0.193323 3.966566 0.041368
0.193829 3.873737 0.041140
0.194336 4.043412 0.041819
0.194843 3.982772 0.041885
0.195349 4.051002 0.042807
0.195856 3.970667 0.041863
0.196363 3.883111 0.042074
0.196869 3.887772 0.043138
0.197376 3.979321 0.042148
0.197883 3.940021 0.042092
0.198389 4.010254 0.041234
0.198896 4.002491 0.042256
0.199403 3.971162 0.042195
0.199909 3.998406 0.042410
0.200416 3.932075 0.041333
0.200923 3.997505 0.043201
0.201429 3.968107 0.042004
0.201936 3.976680 0.041237
0.202443 4.073334 0.043203
0.202949 4.013772 0.043696
0.203456 3.940966 0.042700
0.203963 4.010244 0.043083
0.204469 3.933032 0.042335
0.204976 3.978157 0.043071
0.205483 4.008922 0.043348
0.205989 4.036409 0.042681
0.206496 3.969828 0.042013
0.207003 3.966412 0.043054
0.207509 3.975798 0.042081
0.208016 4.005307 0.042170
0.208523 3.981032 0.041462
0.209029 3.875280 0.040617
0.209536 3.930972 0.042855
0.210043 3.991140 0.043560
0.210549 3.952762 0.043432
0.211056 3.971307 0.041896
0.211563 3.965981 0.040478
0.212069 3.917613 0.043752
0.212576 3.967995 0.042836
0.213083 4.018844 0.043663
0.213589 3.901988 0.041960
0.214096 4.059347 0.042644
0.214603 3.956888 0.042262
0.215109 3.863953 0.041868
0.215616 3.931402 0.042852
0.216123 3.905404 0.042121
0.216629 3.954182 0.043274
0.217136 3.854115 0.042113
0.217643 3.913275 0.042647
0.218149 4.006477 0.042621
0.218656 3.930269 0.041538
0.219163 3.912274 0.041791
0.219669 3.941486 0.043132
0.220176 3.808905 0.042192
0.220683 3.906668 0.041021
0.221189 3.969567 0.040812
0.221696 3.839674 0.042394
0.222203 3.863457 0.041106
0.222709 3.881069 0.041366
0.223216 3.939347 0.042779
0.223722 3.858573 0.041794
0.224229 3.887626 0.041562
0.224736 3.865237 0.041038
0.225242 3.845560 0.041421
0.225749 3.824588 0.042318
0.226256 3.855395 0.041409
0.226762 3.936272 0.041383
0.227269 3.767154 0.040534
0.227776 3.879312 0.041177
0.228282 3.880137 0.040145
0.228789 3.864439 0.041216
0.229296 3.895903 0.040942
0.229802 3.863427 0.039728
0.230309 3.854457 0.041088
0.230816 3.905548 0.040361
0.231322 3.928396 0.039812
0.231829 3.805996 0.040440
0.232335 3.813820 0.039760
0.232842 3.898376 0.039770
0.233349 3.811338 0.039100
0.233855 3.917789 0.038572
0.234362 3.813920 0.038906
0.234869 3.870766 0.038702
0.235375 3.797386 0.039153
0.235882 3.838305 0.038138
0.236389 3.829753 0.038466
0.236895 3.874787 0.039251
0.237402 3.812281 0.038140
0.237908 3.798640 0.038107
0.238415 3.924770 0.037796
0.238922 3.826376 0.037515
0.239428 3.773129 0.038133
0.239935 3.792939 0.037885
0.240442 3.774282 0.038436
0.240948 3.834053 0.038449
0.241455 3.818039 0.037842
0.241962 3.827375 0.037603
0.242468 3.793657 0.038045
0.242975 3.902037 0.037600
0.243481 3.775535 0.036527
0.243988 3.809036 0.037615
0.244495 3.855074 0.038609
0.245001 3.793831 0.037790
0.245508 3.866032 0.038420
0.246015 3.772291 0.037480
0.246521 3.788950 0.037789
0.247028 3.759093 0.036369
0.247534 3.823653 0.037938
0.248041 3.834653 0.037654
0.248548 3.743510 0.036687
0.249054 3.769256 0.036864
0.249561 3.816164 0.036595
0.250068 3.746402 0.036065
0.250574 3.775706 0.036989
0.251081 3.766556 0.036509
0.251587 3.805819 0.036345
0.252094 3.838260 0.037243
0.252601 3.783858 0.037774
0.253107 3.760956 0.036302
0.253614 3.766888 0.035776
0.254120 3.782613 0.036740
0.254627 3.785625 0.035630
0.255134 3.809772 0.036687
0.255640 3.775223 0.036042
0.256147 3.762471 0.036068
0.256654 3.811714 0.035586
0.257160 3.856876 0.035989
0.257667 3.818532 0.035724
0.258173 3.751036 0.035836
0.258680 3.766180 0.035607
0.259187 3.805398 0.034767
0.259693 3.755415 0.035210
0.260200 3.698896 0.035380
0.260706 3.768859 0.034694
0.261213 3.779764 0.034933
0.261720 3.802389 0.035352
0.262226 3.811849 0.035557
0.262733 3.738045 0.034523
0.263239 3.836792 0.036013
0.263746 3.740837 0.034856
0.264253 3.792710 0.035152
0.264759 3.720821 0.034735
0.265266 3.738445 0.034195
0.265772 3.769005 0.034833
0.266279 3.779236 0.034507
0.266786 3.794639 0.034185
0.267292 3.660205 0.034531
0.267799 3.737770 0.034724
0.268305 3.732855 0.034329
0.268812 3.765345 0.034175
0.269319 3.798068 0.034042
0.269825 3.766049 0.034333
0.270332 3.755708 0.034425
0.270838 3.718688 0.034060
0.271345 3.738076 0.033504
0.271852 3.776435 0.034313
0.272358 3.763520 0.034626
0.272865 3.756493 0.033412
0.273371 3.706763 0.033919
0.273878 3.755191 0.034348
0.274385 3.740650 0.033351
0.274891 3.718184 0.033269
0.275398 3.752033 0.033516
0.275904 3.747873 0.034665
0.276411 3.696605 0.032772
0.276917 3.688226 0.033957
0.277424 3.765208 0.033928
0.277931 3.747281 0.033328
0.278437 3.645025 0.033531
0.278944 3.779656 0.033267
0.279450 3.704362 0.033404
0.279957 3.678064 0.033249
0.280464 3.752349 0.032467
0.280970 3.754972 0.033130
0.281477 3.715608 0.033396
0.281983 3.645183 0.032366
0.282490 3.776161 0.033389
0.282996 3.705819 0.032679
0.283503 3.694452 0.032654
0.284010 3.686933 0.032951
0.284516 3.678231 0.032737
0.285023 3.703925 0.033299
0.285529 3.656779 0.032313
0.286036 3.747122 0.033207
0.286542 3.670714 0.032825
0.287049 3.644327 0.032542
0.287556 3.668729 0.032006
0.288062 3.689251 0.032604
0.288569 3.668245 0.032917
0.289075 3.748396 0.033863
0.289582 3.630716 0.033189
0.290088 3.694452 0.033428
0.290595 3.635657 0.032269
0.291102 3.636821 0.032392
0.291608 3.658650 0.033156
0.292115 3.684287 0.033298
0.292621 3.666717 0.032333
0.293128 3.636017 0.032474
0.293634 3.720099 0.032617
0.294141 3.656170 0.032731
0.294647 3.716922 0.032915
0.295154 3.644019 0.033182
0.295661 3.661143 0.032746
0.296167 3.708533 0.032761
0.296674 3.626032 0.032669
0.297180 3.636874 0.032695
0.297687 3.646141 0.032340
0.298193 3.681637 0.032986
0.298700 3.643703 0.033528
0.299206 3.671565 0.033411
0.299713 3.673849 0.033389
0.300220 3.644039 0.033799
0.300726 3.630118 0.032923
0.301233 3.621278 0.033010
0.301739 3.620460 0.032708
0.302246 3.575481 0.032134
0.302752 3.609485 0.032216
0.303259 3.600590 0.031811
0.303765 3.568604 0.032315
0.304272 3.634132 0.032943
0.304779 3.522349 0.032647
0.305285 3.629776 0.032448
0.305792 3.654500 0.031898
0.306298 3.629834 0.032246
0.306805 3.606210 0.031535
0.307311 3.618689 0.031849
0.307818 3.646118 0.032062
0.308324 3.636999 0.033313
0.308831 3.635244 0.032507
0.309337 3.578567 0.031755
0.309844 3.507775 0.033002
0.310350 3.554952 0.032433
0.310857 3.650373 0.033093
0.311364 3.671686 0.033517
0.311870 3.562681 0.033742
0.312377 3.604980 0.033229
0.312883 3.610475 0.033498
0.313390 3.589942 0.034314
0.313896 3.592148 0.034310
0.314403 3.583852 0.034957
0.314909 3.612569 0.035033
0.315416 3.706841 0.034609
0.315922 3.620330 0.034692
0.316429 3.623305 0.034668
0.316935 3.593386 0.034995
0.317442 3.635898 0.035308
0.317948 3.587144 0.034964
0.318455 3.620900 0.035929
0.318961 3.537669 0.035168
0.319468 3.566927 0.034980
0.319975 3.588596 0.035357
0.320481 3.604139 0.036058
0.320988 3.606973 0.036229
0.321494 3.574095 0.035921
0.322001 3.669373 0.035885
0.322507 3.607879 0.036461
0.323014 3.658953 0.035887
0.323520 3.539563 0.035588
0.324027 3.624806 0.035461
0.324533 3.590390 0.035256
0.325040 3.569539 0.035814
0.325546 3.556466 0.034817
0.326053 3.636963 0.035896
0.326559 3.601279 0.035047
0.327066 3.578072 0.034419
0.327572 3.624950 0.036436
0.328079 3.555848 0.035530
0.328585 3.606482 0.036069
0.329092 3.569856 0.035801
0.329598 3.535728 0.036027
0.330105 3.594044 0.035627
0.330611 3.581274 0.036582
0.331118 3.513136 0.036157
0.331624 3.600771 0.036008
0.332131 3.568410 0.034828
0.332637 3.543612 0.035144
0.333144 3.569883 0.035656
0.333650 3.554866 0.035652
0.334157 3.526599 0.035692
0.334663 3.562666 0.036414
0.335170 3.574505 0.036675
0.335676 3.611383 0.036167
0.336183 3.556589 0.035096
0.336689 3.589210 0.035837
0.337196 3.600588 0.035951
0.337702 3.562405 0.036749
0.338209 3.597429 0.036482
0.338715 3.591262 0.036056
0.339222 3.566999 0.035692
0.339728 3.598184 0.035918
0.340235 3.578374 0.037472
0.340741 3.569229 0.035997
0.341248 3.622125 0.037421
0.341754 3.605757 0.036596
0.342261 3.534924 0.037028
0.342767 3.568134 0.036291
0.343274 3.522733 0.036382
0.343780 3.643739 0.037271
0.344287 3.536918 0.036508
0.344793 3.598778 0.036857
0.345300 3.595841 0.036892
0.345806 3.533228 0.036703
0.346313 3.612025 0.037288
0.346819 3.544984 0.036134
0.347325 3.566749 0.036812
0.347832 3.582668 0.036181
0.348338 3.505210 0.037854
0.348845 3.659622 0.037504
0.349351 3.533336 0.036773
0.349858 3.530543 0.035833
0.350364 3.526509 0.036720
0.350871 3.528762 0.036733
0.351377 3.595840 0.036902
0.351884 3.540447 0.036610
0.352390 3.497606 0.037357
0.352897 3.557033 0.036502
0.353403 3.534224 0.036795
0.353910 3.565394 0.036332
0.354416 3.510708 0.036126
0.354923 3.576983 0.037122
0.355429 3.629877 0.035399
0.355935 3.469833 0.035909
0.356442 3.521454 0.034332
0.356948 3.529567 0.034879
0.357455 3.533461 0.034714
0.357961 3.557262 0.035314
0.358468 3.520555 0.034846
0.358974 3.561683 0.035146
0.359481 3.502545 0.035325
0.359987 3.523705 0.035152
0.360494 3.556133 0.034551
0.361000 3.530421 0.034916
0.361506 3.503099 0.035640
0.362013 3.494697 0.034884
0.362519 3.491561 0.035240
0.363026 3.566121 0.035901
0.363532 3.467724 0.034454
0.364039 3.499409 0.035665
0.364545 3.483185 0.034799
0.365052 3.520439 0.036377
0.365558 3.581247 0.036042
0.366064 3.561433 0.035980
0.366571 3.516649 0.036340
0.367077 3.562971 0.037162
0.367584 3.517511 0.036018
0.368090 3.520413 0.035552
0.368597 3.542099 0.036808
0.369103 3.485364 0.036943
0.369610 3.466760 0.036840
0.370116 3.465193 0.037778
0.370622 3.402072 0.037001
0.371129 3.468019 0.038844
0.371635 3.475220 0.036395
0.372142 3.412669 0.038206
0.372648 3.472867 0.037798
0.373155 3.459764 0.037039
0.373661 3.494201 0.037774
0.374167 3.489608 0.038085
0.374674 3.473248 0.037971
0.375180 3.524866 0.037429
0.375687 3.522927 0.038093
0.376193 3.484773 0.037990
0.376700 3.412640 0.037609
0.377206 3.448058 0.037701
0.377712 3.502313 0.039753
0.378219 3.479803 0.039930
0.378725 3.471846 0.040189
0.379232 3.492049 0.038894
0.379738 3.468504 0.039005
0.380245 3.479656 0.040064
0.380751 3.526792 0.040547
0.381257 3.482419 0.040320
0.381764 3.542343 0.038794
0.382270 3.415024 0.038770
0.382777 3.440370 0.041621
0.383283 3.523708 0.039938
0.383789 3.442485 0.041479
0.384296 3.481466 0.040917
0.384802 3.456309 0.041266
0.385309 3.499223 0.042084
0.385815 3.393611 0.041773
0.386321 3.462512 0.040993
0.386828 3.542819 0.042921
0.387334 3.527600 0.042581
0.387841 3.467261 0.042819
0.388347 3.526540 0.043163
0.388853 3.478247 0.043162
0.389360 3.471576 0.043961
0.389866 3.465137 0.043298
0.390373 3.431811 0.043047
0.390879 3.470199 0.044250
0.391385 3.469354 0.044408
0.391892 3.382925 0.042892
0.392398 3.380072 0.042696
0.392905 3.394992 0.043086
0.393411 3.388232 0.045054
0.393917 3.481104 0.045024
0.394424 3.333418 0.044128
0.394930 3.393912 0.043529
0.395437 3.486370 0.044605
0.395943 3.390966 0.044673
0.396449 3.441220 0.044220
0.396956 3.498308 0.045886
0.397462 3.416632 0.046596
0.397969 3.370283 0.046127
0.398475 3.402844 0.046064
0.398981 3.419553 0.046648
0.399488 3.420544 0.046668
0.399994 3.382475 0.048081
0.400500 3.392653 0.047209
0.401007 3.366058 0.047573
0.401513 3.316756 0.047444
0.402020 3.398880 0.049599
0.402526 3.300964 0.047191
0.403032 3.367823 0.047528
0.403539 3.380631 0.047252
0.404045 3.405604 0.047640
0.404551 3.387185 0.047831
0.405058 3.347318 0.048105
0.405564 3.367910 0.049229
0.406071 3.361842 0.047634
0.406577 3.444612 0.048287
0.407083 3.368494 0.049726
0.407590 3.344413 0.049343
0.408096 3.353747 0.047565
0.408602 3.362061 0.049082
0.409109 3.383865 0.049284
0.409615 3.413377 0.051326
0.410121 3.412323 0.053173
0.410628 3.355812 0.049437
0.411134 3.398608 0.049237
0.411641 3.433990 0.050770
0.412147 3.324087 0.050815
0.412653 3.278711 0.049191
0.413160 3.363304 0.051033
0.413666 3.391157 0.051996
0.414172 3.347567 0.049896
0.414679 3.336318 0.052266
0.415185 3.411634 0.052299
0.415691 3.320918 0.053453
0.416198 3.275371 0.051933
0.416704 3.236388 0.049106
0.417210 3.299014 0.054197
0.417717 3.249396 0.053617
0.418223 3.266339 0.051382
0.418729 3.305630 0.052375
0.419236 3.327721 0.051396
0.419742 3.371470 0.053408
0.420248 3.315436 0.050784
0.420755 3.407838 0.055215
0.421261 3.313403 0.054393
0.421767 3.453989 0.053090
0.422274 3.423349 0.055563
0.422780 3.444912 0.053444
0.423286 3.369524 0.054263
0.423793 3.317036 0.053121
0.424299 3.300118 0.054296
0.424805 3.329856 0.054388
0.425312 3.294525 0.056666
0.425818 3.382837 0.053550
0.426324 3.355344 0.055690
0.426831 3.372622 0.057280
0.427337 3.356164 0.057666
0.427843 3.384090 0.058404
0.428350 3.235103 0.058243
0.428856 3.343258 0.058708
0.429362 3.359087 0.058510
0.429869 3.255713 0.060261
0.430375 3.334550 0.055625
0.430881 3.369332 0.059996
0.431388 3.373879 0.060157
0.431894 3.245985 0.062978
0.432400 3.318134 0.062973
0.432907 3.404632 0.062044
0.433413 3.214727 0.061096
0.433919 3.431103 0.066479
0.434425 3.216653 0.058781
0.434932 3.207833 0.059717
0.435438 3.233311 0.063816
0.435944 3.282197 0.064792
0.436451 3.272921 0.066235
0.436957 3.440826 0.067688
0.437463 3.361948 0.069241
0.437970 3.326529 0.068922
0.438476 3.338286 0.067099
0.438982 3.280286 0.067566
0.439488 3.409284 0.067345
0.439995 3.231587 0.070367
