0.009882 111.194847 23.657812
0.010389 75.396133 13.045969
0.010896 73.346476 13.719940
0.011402 58.873013 9.972508
0.011909 35.315976 6.051627
0.012416 40.197200 6.272112
0.012923 28.479630 3.928868
0.013430 24.608275 3.252294
0.013936 20.577073 2.021354
0.014443 19.683915 1.613011
0.014950 17.382959 1.080643
0.015457 16.469114 0.838217
0.015963 14.500139 0.670523
0.016470 13.401372 0.564189
0.016977 12.781748 0.446866
0.017484 11.821758 0.396586
0.017990 11.592182 0.312778
0.018497 10.470433 0.242644
0.019004 10.244159 0.223226
0.019511 9.671192 0.211638
0.020018 9.481777 0.205434
0.020524 8.902977 0.187189
0.021031 8.898935 0.192064
0.021538 8.487138 0.163960
0.022045 8.344014 0.170325
0.022551 7.752727 0.164887
0.023058 7.561841 0.160112
0.023565 7.434940 0.151737
0.024072 7.263318 0.146421
0.024579 6.760390 0.145744
0.025085 6.623428 0.130131
0.025592 6.833958 0.139391
0.026099 6.566928 0.131363
0.026606 6.387186 0.126274
0.027112 6.407775 0.127579
0.027619 6.416652 0.123190
0.028126 6.409177 0.126039
0.028633 6.235079 0.120290
0.029139 6.176000 0.109817
0.029646 6.176942 0.114274
0.030153 5.895858 0.110232
0.030660 5.974297 0.108806
0.031167 5.848044 0.116168
0.031673 5.693801 0.105221
0.032180 5.752244 0.109666
0.032687 5.689122 0.102460
0.033194 5.563836 0.104910
0.033700 5.459222 0.103412
0.034207 5.675726 0.098664
0.034714 5.456814 0.099721
0.035221 5.242842 0.100539
0.035727 5.562773 0.092996
0.036234 5.323317 0.097849
0.036741 5.419129 0.103510
0.037248 5.372146 0.092897
0.037755 5.413742 0.097315
0.038261 5.156753 0.089021
0.038768 5.182865 0.089500
0.039275 5.133531 0.088680
0.039782 5.403529 0.092285
0.040288 5.302731 0.085510
0.040795 5.091093 0.087681
0.041302 5.037714 0.089717
0.041809 5.023239 0.086433
0.042315 5.193129 0.092787
0.042822 5.055090 0.086604
0.043329 4.984064 0.087787
0.043836 5.068422 0.086260
0.044343 5.019933 0.082417
0.044849 5.120676 0.084035
0.045356 4.963670 0.081501
0.045863 4.942389 0.081200
0.046370 4.856585 0.079269
0.046876 5.020398 0.085234
0.047383 4.853009 0.079828
0.047890 4.987317 0.078373
0.048397 4.865724 0.080004
0.048903 5.038535 0.075072
0.049410 4.766780 0.077149
0.049917 4.721441 0.076878
0.050424 4.858332 0.078984
0.050931 4.851158 0.074779
0.051437 4.961174 0.075066
0.051944 4.873598 0.077602
0.052451 4.748714 0.073684
0.052958 4.800981 0.075787
0.053464 4.798012 0.070420
0.053971 4.772163 0.071656
0.054478 4.755282 0.072464
0.054985 4.884757 0.071763
0.055491 4.661935 0.073906
0.055998 4.706452 0.070475
0.056505 4.828620 0.069783
0.057012 4.599078 0.066721
0.057519 4.711641 0.068609
0.058025 4.841054 0.071104
0.058532 4.674399 0.068108
0.059039 4.807265 0.066167
0.059546 4.672127 0.069475
0.060052 4.581963 0.066596
0.060559 4.681837 0.068046
0.061066 4.552552 0.066971
0.061573 4.602606 0.065965
0.062079 4.646040 0.065945
0.062586 4.718384 0.069036
0.063093 4.558930 0.066943
0.063600 4.566787 0.064576
0.064106 4.499773 0.065813
0.064613 4.663674 0.066011
0.065120 4.588275 0.063927
0.065627 4.598038 0.065355
0.066134 4.555009 0.061195
0.066640 4.588332 0.064682
0.067147 4.546166 0.060487
0.067654 4.484051 0.061642
0.068161 4.599056 0.063971
0.068667 4.545197 0.059473
0.069174 4.676235 0.061613
0.069681 4.571789 0.063952
0.070188 4.522600 0.063412
0.070694 4.551592 0.061991
0.071201 4.557673 0.063990
0.071708 4.675679 0.061218
0.072215 4.618530 0.061702
0.072721 4.559461 0.062621
0.073228 4.612607 0.061489
0.073735 4.485767 0.060096
0.074242 4.601461 0.058943
0.074748 4.600670 0.060299
0.075255 4.473069 0.058071
0.075762 4.515595 0.058864
0.076269 4.592440 0.059856
0.076776 4.567865 0.058138
0.077282 4.548235 0.056635
0.077789 4.540818 0.058981
0.078296 4.582642 0.058783
0.078803 4.459467 0.056262
0.079309 4.537801 0.057741
0.079816 4.471690 0.059786
0.080323 4.506585 0.058732
0.080830 4.516670 0.057644
0.081336 4.376816 0.057737
0.081843 4.467239 0.059223
0.082350 4.452242 0.059715
0.082857 4.406831 0.057683
0.083363 4.535138 0.059610
0.083870 4.522728 0.060229
0.084377 4.458936 0.060106
0.084884 4.478777 0.057638
0.085390 4.493007 0.060192
0.085897 4.476611 0.060037
0.086404 4.397932 0.059285
0.086911 4.476007 0.061748
0.087417 4.406139 0.056669
0.087924 4.459830 0.056368
0.088431 4.397856 0.058656
0.088938 4.417428 0.058969
0.089444 4.510714 0.057007
0.089951 4.399211 0.059417
0.090458 4.393104 0.061138
0.090965 4.356334 0.056217
0.091471 4.410835 0.057082
0.091978 4.373874 0.057174
0.092485 4.416995 0.057850
0.092992 4.394411 0.057996
0.093498 4.412431 0.057556
0.094005 4.459596 0.059560
0.094512 4.490476 0.058436
0.095019 4.348978 0.058857
0.095525 4.446447 0.055335
0.096032 4.303596 0.056694
0.096539 4.375247 0.056704
0.097046 4.420003 0.056307
0.097552 4.444647 0.057314
0.098059 4.350388 0.056692
0.098566 4.457871 0.056886
0.099073 4.346900 0.056956
0.099579 4.259725 0.057467
0.100086 4.341714 0.056339
0.100593 4.347513 0.058388
0.101100 4.382332 0.056423
0.101606 4.316815 0.054844
0.102113 4.325145 0.056888
0.102620 4.312684 0.055230
0.103127 4.302228 0.055855
0.103633 4.393923 0.060226
0.104140 4.273570 0.056587
0.104647 4.262405 0.056992
0.105154 4.327417 0.056122
0.105660 4.315083 0.056585
0.106167 4.312705 0.055330
0.106674 4.293653 0.055948
0.107181 4.405545 0.056641
0.107687 4.219196 0.053441
0.108194 4.285652 0.054977
0.108701 4.289234 0.055482
0.109208 4.269646 0.055300
0.109714 4.252985 0.053453
0.110221 4.339757 0.052630
0.110728 4.260871 0.052333
0.111235 4.289361 0.051867
0.111741 4.341282 0.052108
0.112248 4.235990 0.051682
0.112755 4.212965 0.049481
0.113262 4.293067 0.051761
0.113768 4.333001 0.050476
0.114275 4.332039 0.051738
0.114782 4.238959 0.049997
0.115289 4.170538 0.049570
0.115795 4.287000 0.050520
0.116302 4.231924 0.049737
0.116809 4.249850 0.050253
0.117316 4.236662 0.050442
0.117822 4.301908 0.051860
0.118329 4.240452 0.049717
0.118836 4.204066 0.049634
0.119342 4.231444 0.049079
0.119849 4.237025 0.050144
0.120356 4.180776 0.047599
0.120863 4.217153 0.046751
0.121369 4.355921 0.049331
0.121876 4.210087 0.048102
0.122383 4.202005 0.046721
0.122890 4.213868 0.046918
0.123396 4.201502 0.046777
0.123903 4.244188 0.047627
0.124410 4.152064 0.047412
0.124917 4.200740 0.046873
0.125423 4.242482 0.047423
0.125930 4.227023 0.047741
0.126437 4.201870 0.048194
0.126944 4.178595 0.045116
0.127450 4.242987 0.047309
0.127957 4.204324 0.045792
0.128464 4.162024 0.045430
0.128970 4.180440 0.046265
0.129477 4.215806 0.045705
0.129984 4.180918 0.044533
0.130491 4.224392 0.045760
0.130997 4.209475 0.044010
0.131504 4.168080 0.046350
0.132011 4.205095 0.044135
0.132518 4.230021 0.044616
0.133024 4.147372 0.044278
0.133531 4.135616 0.044401
0.134038 4.195788 0.044731
0.134545 4.187687 0.043187
0.135051 4.138369 0.044812
0.135558 4.181978 0.044586
0.136065 4.191920 0.044110
0.136571 4.157570 0.043721
0.137078 4.200467 0.043983
0.137585 4.261693 0.044433
0.138092 4.158968 0.043730
0.138598 4.161308 0.043683
0.139105 4.263512 0.043501
0.139612 4.206884 0.042818
0.140119 4.215359 0.041787
0.140625 4.130058 0.043258
0.141132 4.199051 0.043160
0.141639 4.176797 0.042204
0.142145 4.188123 0.042817
0.142652 4.151841 0.043154
0.143159 4.238716 0.043277
0.143666 4.156873 0.041829
0.144172 4.207909 0.041452
0.144679 4.179218 0.042524
0.145186 4.125366 0.041373
0.145692 4.112110 0.041822
0.146199 4.111797 0.041524
0.146706 4.164591 0.041131
0.147213 4.110614 0.040734
0.147719 4.104337 0.041505
0.148226 4.173242 0.042142
0.148733 4.177921 0.041042
0.149240 4.138802 0.040822
0.149746 4.101468 0.040529
0.150253 4.138669 0.041601
0.150760 4.086799 0.041266
0.151266 4.038579 0.040378
0.151773 4.147631 0.041086
0.152280 4.091893 0.040241
0.152787 4.126783 0.040475
0.153293 4.096616 0.041531
0.153800 4.109140 0.039400
0.154307 4.075136 0.039123
0.154813 4.066205 0.040583
0.155320 4.095034 0.039497
0.155827 4.041618 0.040593
0.156334 4.107123 0.040130
0.156840 4.094782 0.040147
0.157347 3.986814 0.038873
0.157854 4.100853 0.038944
0.158360 4.120179 0.039655
0.158867 4.051494 0.038611
0.159374 4.041191 0.039137
0.159881 4.057583 0.038856
0.160387 4.034556 0.039590
0.160894 4.082829 0.038896
0.161401 4.066611 0.038026
0.161907 4.145919 0.039546
0.162414 4.043332 0.037902
0.162921 4.068206 0.038542
0.163427 4.061859 0.038447
0.163934 4.005303 0.037912
0.164441 4.126795 0.039791
0.164948 4.013947 0.037741
0.165454 4.071241 0.038549
0.165961 4.039967 0.037410
0.166468 4.018354 0.038113
0.166974 3.983207 0.038246
0.167481 4.057671 0.039445
0.167988 4.047093 0.037506
0.168495 4.128708 0.038937
0.169001 4.154091 0.039840
0.169508 4.065242 0.038034
0.170015 4.042747 0.038647
0.170521 4.018701 0.038306
0.171028 4.112373 0.039085
0.171535 3.953252 0.038405
0.172041 3.994539 0.038849
0.172548 4.036785 0.038838
0.173055 4.101245 0.039234
0.173562 4.017336 0.039445
0.174068 3.991345 0.040140
0.174575 4.000452 0.038892
0.175082 3.992504 0.038980
0.175588 4.045245 0.038869
0.176095 4.051036 0.038850
0.176602 4.095938 0.038482
0.177108 3.998279 0.038655
0.177615 4.020840 0.038853
0.178122 4.021600 0.039330
0.178629 4.051440 0.039352
0.179135 3.966809 0.038788
0.179642 4.119301 0.039830
0.180149 4.068923 0.038151
0.180655 4.060186 0.039241
0.181162 3.994718 0.040683
0.181669 4.015168 0.039640
0.182175 4.033154 0.039178
0.182682 4.003539 0.039655
0.183189 4.063899 0.040163
0.183695 4.078574 0.040667
0.184202 4.009483 0.040077
0.184709 3.977853 0.040356
0.185216 3.963788 0.040861
0.185722 3.963166 0.039746
0.186229 4.035316 0.042070
0.186736 3.956428 0.039847
0.187242 4.017856 0.040242
0.187749 3.991163 0.040558
0.188256 3.988397 0.040420
0.188762 4.073284 0.041200
0.189269 4.008634 0.041528
0.189776 3.986564 0.041915
0.190282 4.062778 0.041738
0.190789 4.122155 0.041626
0.191296 4.018208 0.042189
0.191802 4.011952 0.041747
0.192309 4.036838 0.040900
0.192816 4.016521 0.042233
0.193323 4.014383 0.042526
0.193829 4.023093 0.042672
0.194336 4.011236 0.042873
0.194843 4.002274 0.042534
0.195349 3.997741 0.041910
0.195856 4.010039 0.042058
0.196363 3.993116 0.042686
0.196869 3.938680 0.041742
0.197376 3.962574 0.041933
0.197883 4.029784 0.042429
0.198389 3.987753 0.042040
0.198896 4.037737 0.042471
0.199403 4.019835 0.041789
0.199909 3.924475 0.042232
0.200416 4.008091 0.042802
0.200923 4.003508 0.043041
0.201429 3.958902 0.040968
0.201936 3.963703 0.043434
0.202443 3.933371 0.041646
0.202949 3.983392 0.043260
0.203456 4.070984 0.042796
0.203963 3.953209 0.042219
0.204469 4.026499 0.042578
0.204976 4.068876 0.043283
0.205483 3.981622 0.043766
0.205989 3.948404 0.043806
0.206496 3.974953 0.043275
0.207003 4.040835 0.042921
0.207509 3.974372 0.042616
0.208016 3.996282 0.041606
0.208523 3.945475 0.041592
0.209029 3.995955 0.041479
0.209536 3.929558 0.043012
0.210043 3.906507 0.041994
0.210549 3.944760 0.041005
0.211056 3.955157 0.042857
0.211563 3.957133 0.043026
0.212069 3.950058 0.042072
0.212576 3.939306 0.042396
0.213083 3.994813 0.043717
0.213589 3.907520 0.041702
0.214096 3.962311 0.043185
0.214603 3.914129 0.042126
0.215109 3.936963 0.041142
0.215616 3.956984 0.041222
0.216123 3.925964 0.043008
0.216629 3.923467 0.041582
0.217136 3.955635 0.042566
0.217643 3.951098 0.042232
0.218149 3.897429 0.042542
0.218656 3.881242 0.040974
0.219163 3.930861 0.042080
0.219669 3.873617 0.041801
0.220176 3.917836 0.041442
0.220683 3.930094 0.040711
0.221189 3.871732 0.040368
0.221696 3.810371 0.041762
0.222203 3.885542 0.041787
0.222709 3.892788 0.040942
0.223216 3.832255 0.042863
0.223722 3.866638 0.040948
0.224229 3.925327 0.041581
0.224736 3.910228 0.039933
0.225242 3.851422 0.041458
0.225749 3.864412 0.041403
0.226256 3.973431 0.041405
0.226762 3.919788 0.041126
0.227269 3.842349 0.041077
0.227776 3.867645 0.039553
0.228282 3.906298 0.040086
0.228789 3.831419 0.040085
0.229296 3.914546 0.041540
0.229802 3.817352 0.040276
0.230309 3.845410 0.041489
0.230816 3.922461 0.040997
0.231322 3.852625 0.039979
0.231829 3.842976 0.039700
0.232335 3.875578 0.039727
0.232842 3.886421 0.039685
0.233349 3.927157 0.039662
0.233855 3.893235 0.039025
0.234362 3.842079 0.039614
0.234869 3.775227 0.038497
0.235375 3.821053 0.038635
0.235882 3.798366 0.039026
0.236389 3.842934 0.038908
0.236895 3.850839 0.039444
0.237402 3.912541 0.039685
0.237908 3.935032 0.039915
0.238415 3.878367 0.037859
0.238922 3.842247 0.037245
0.239428 3.817118 0.038105
0.239935 3.819942 0.038195
0.240442 3.845871 0.038764
0.240948 3.884049 0.038564
0.241455 3.840605 0.038580
0.241962 3.857536 0.037595
0.242468 3.844107 0.037909
0.242975 3.808809 0.037765
0.243481 3.906799 0.038029
0.243988 3.877698 0.037474
0.244495 3.832986 0.037363
0.245001 3.851241 0.038922
0.245508 3.828129 0.037874
0.246015 3.826801 0.037351
0.246521 3.836392 0.037583
0.247028 3.864878 0.036956
0.247534 3.857350 0.038455
0.248041 3.826483 0.036918
0.248548 3.764065 0.037203
0.249054 3.896442 0.038125
0.249561 3.812212 0.037645
0.250068 3.783027 0.037363
0.250574 3.877413 0.036988
0.251081 3.822833 0.037174
0.251587 3.799307 0.036382
0.252094 3.828250 0.037071
0.252601 3.837663 0.036290
0.253107 3.685431 0.035686
0.253614 3.785016 0.036730
0.254120 3.787276 0.036452
0.254627 3.775020 0.035693
0.255134 3.792396 0.036305
0.255640 3.804332 0.035796
0.256147 3.810548 0.036233
0.256654 3.772976 0.035908
0.257160 3.806078 0.036014
0.257667 3.747339 0.035250
0.258173 3.774456 0.035218
0.258680 3.793549 0.034949
0.259187 3.777186 0.034689
0.259693 3.815436 0.034886
0.260200 3.776631 0.035160
0.260706 3.858875 0.035654
0.261213 3.820207 0.035794
0.261720 3.777925 0.036038
0.262226 3.786405 0.034575
0.262733 3.791797 0.034994
0.263239 3.769273 0.035202
0.263746 3.779312 0.035246
0.264253 3.791727 0.035148
0.264759 3.756005 0.035147
0.265266 3.783590 0.034710
0.265772 3.775235 0.034721
0.266279 3.779890 0.034353
0.266786 3.840190 0.035169
0.267292 3.824321 0.034416
0.267799 3.792964 0.034674
0.268305 3.773174 0.034893
0.268812 3.765020 0.035535
0.269319 3.754149 0.034573
0.269825 3.737147 0.033951
0.270332 3.765319 0.034259
0.270838 3.754801 0.033438
0.271345 3.723951 0.034361
0.271852 3.732111 0.033569
0.272358 3.718653 0.033591
0.272865 3.708915 0.033367
0.273371 3.692052 0.033471
0.273878 3.717883 0.033653
0.274385 3.760371 0.033902
0.274891 3.742188 0.033746
0.275398 3.740590 0.033830
0.275904 3.693954 0.032974
0.276411 3.788478 0.033549
0.276917 3.776347 0.034293
0.277424 3.756362 0.033620
0.277931 3.763197 0.033284
0.278437 3.661737 0.033211
0.278944 3.699036 0.033076
0.279450 3.737392 0.034009
0.279957 3.662008 0.033095
0.280464 3.700972 0.033151
0.280970 3.681966 0.033936
0.281477 3.696492 0.033372
0.281983 3.743105 0.033071
0.282490 3.717546 0.033703
0.282996 3.705210 0.033133
0.283503 3.724159 0.034074
0.284010 3.762614 0.033611
0.284516 3.693744 0.032929
0.285023 3.699096 0.033102
0.285529 3.767874 0.033729
0.286036 3.755248 0.033540
0.286542 3.681632 0.033037
0.287049 3.685140 0.033338
0.287556 3.712189 0.033448
0.288062 3.679023 0.032467
0.288569 3.696496 0.031826
0.289075 3.740332 0.033113
0.289582 3.744455 0.033030
0.290088 3.654393 0.033365
0.290595 3.736763 0.033848
0.291102 3.645986 0.033613
0.291608 3.645772 0.033017
0.292115 3.618124 0.032309
0.292621 3.687989 0.033313
0.293128 3.667092 0.032146
0.293634 3.646460 0.033069
0.294141 3.646846 0.032624
0.294647 3.701043 0.032747
0.295154 3.713919 0.033010
0.295661 3.685763 0.033134
0.296167 3.679601 0.033718
0.296674 3.597525 0.032537
0.297180 3.679990 0.032890
0.297687 3.662935 0.032733
0.298193 3.640775 0.033026
0.298700 3.680813 0.032355
0.299206 3.596011 0.032022
0.299713 3.689525 0.032633
0.300220 3.602795 0.032991
0.300726 3.641718 0.032787
0.301233 3.610002 0.033119
0.301739 3.598291 0.032321
0.302246 3.667300 0.033131
0.302752 3.651832 0.032668
0.303259 3.641935 0.032594
0.303765 3.623741 0.032420
0.304272 3.587480 0.032384
0.304779 3.544678 0.032444
0.305285 3.629192 0.032388
0.305792 3.663011 0.032244
0.306298 3.590231 0.032454
0.306805 3.621029 0.032615
0.307311 3.621320 0.032159
0.307818 3.589267 0.032153
0.308324 3.595509 0.033231
0.308831 3.606466 0.031591
0.309337 3.658117 0.032701
0.309844 3.624237 0.033247
0.310350 3.657224 0.033168
0.310857 3.601643 0.033327
0.311364 3.627919 0.033522
0.311870 3.628469 0.033244
0.312377 3.616405 0.034115
0.312883 3.614066 0.034147
0.313390 3.587809 0.035000
0.313896 3.595114 0.034616
0.314403 3.607977 0.034925
0.314909 3.646650 0.035248
0.315416 3.611620 0.034907
0.315922 3.631204 0.034577
0.316429 3.628312 0.034232
0.316935 3.628257 0.034909
0.317442 3.629990 0.035918
0.317948 3.603278 0.034100
0.318455 3.622534 0.036430
0.318961 3.661213 0.035717
0.319468 3.607072 0.035251
0.319975 3.615636 0.034859
0.320481 3.590576 0.035903
0.320988 3.629443 0.035223
0.321494 3.550077 0.035221
0.322001 3.604002 0.036032
0.322507 3.632551 0.035425
0.323014 3.598058 0.034203
0.323520 3.573267 0.034611
0.324027 3.578403 0.036201
0.324533 3.565995 0.034937
0.325040 3.574470 0.034603
0.325546 3.609888 0.034992
0.326053 3.570139 0.035986
0.326559 3.642358 0.035290
0.327066 3.603601 0.035631
0.327572 3.618862 0.035240
0.328079 3.538312 0.035561
0.328585 3.569144 0.035740
0.329092 3.614848 0.036396
0.329598 3.606602 0.035436
0.330105 3.580760 0.034579
0.330611 3.580354 0.036578
0.331118 3.636198 0.037058
0.331624 3.587269 0.036052
0.332131 3.547863 0.035146
0.332637 3.639365 0.036822
0.333144 3.591415 0.037059
0.333650 3.601300 0.035880
0.334157 3.618171 0.036009
0.334663 3.577158 0.035825
0.335170 3.600391 0.036853
0.335676 3.555892 0.035978
0.336183 3.566555 0.035932
0.336689 3.629607 0.036686
0.337196 3.599474 0.035717
0.337702 3.614979 0.035960
0.338209 3.604247 0.036507
0.338715 3.547475 0.035509
0.339222 3.589752 0.035320
0.339728 3.626723 0.036381
0.340235 3.579896 0.035797
0.340741 3.587713 0.036616
0.341248 3.593649 0.035681
0.341754 3.529544 0.035749
0.342261 3.508156 0.036752
0.342767 3.591076 0.037128
0.343274 3.583456 0.036772
0.343780 3.525776 0.035869
0.344287 3.612616 0.036704
0.344793 3.673888 0.037391
0.345300 3.617522 0.037248
0.345806 3.494823 0.036870
0.346313 3.581036 0.036628
0.346819 3.547464 0.036942
0.347325 3.579220 0.037174
0.347832 3.564155 0.036462
0.348338 3.566827 0.036273
0.348845 3.527016 0.037186
0.349351 3.650403 0.037806
0.349858 3.546292 0.036663
0.350364 3.554572 0.036825
0.350871 3.511918 0.037261
0.351377 3.567084 0.037553
0.351884 3.512438 0.037365
0.352390 3.496816 0.037097
0.352897 3.558975 0.037618
0.353403 3.527667 0.036365
0.353910 3.576858 0.036525
0.354416 3.492728 0.037070
0.354923 3.611926 0.036416
0.355429 3.536213 0.035046
0.355935 3.508906 0.035633
0.356442 3.520384 0.034214
0.356948 3.494817 0.034404
0.357455 3.495531 0.034956
0.357961 3.520481 0.034420
0.358468 3.557810 0.033980
0.358974 3.556746 0.034429
0.359481 3.452905 0.034452
0.359987 3.557170 0.035463
0.360494 3.535688 0.034434
0.361000 3.464249 0.034488
0.361506 3.563208 0.035245
0.362013 3.579545 0.036159
0.362519 3.544156 0.035243
0.363026 3.482499 0.035997
0.363532 3.538996 0.036255
0.364039 3.561237 0.035414
0.364545 3.489410 0.035424
0.365052 3.504070 0.034674
0.365558 3.472090 0.035037
0.366064 3.532807 0.036011
0.366571 3.561290 0.036111
0.367077 3.539558 0.036206
0.367584 3.413753 0.036438
0.368090 3.480111 0.035864
0.368597 3.521817 0.037202
0.369103 3.522699 0.036846
0.369610 3.503036 0.037134
0.370116 3.442308 0.036271
0.370622 3.498772 0.036908
0.371129 3.392506 0.036833
0.371635 3.504059 0.037800
0.372142 3.519730 0.037663
0.372648 3.462666 0.037385
0.373155 3.553768 0.038476
0.373661 3.530800 0.037431
0.374167 3.513726 0.037513
0.374674 3.514930 0.038012
0.375180 3.456054 0.036774
0.375687 3.457434 0.037087
0.376193 3.441639 0.039045
0.376700 3.510784 0.038293
0.377206 3.523825 0.038251
0.377712 3.507170 0.039449
0.378219 3.404524 0.039865
0.378725 3.498662 0.038585
0.379232 3.490692 0.039928
0.379738 3.510944 0.039194
0.380245 3.523469 0.040920
0.380751 3.608659 0.039414
0.381257 3.416003 0.039148
0.381764 3.477460 0.039725
0.382270 3.439774 0.039435
0.382777 3.490935 0.041106
0.383283 3.542575 0.041119
0.383789 3.497843 0.041760
0.384296 3.465580 0.041196
0.384802 3.482757 0.042309
0.385309 3.461144 0.041523
0.385815 3.502170 0.041995
0.386321 3.542627 0.043520
0.386828 3.485816 0.043254
0.387334 3.476411 0.040912
0.387841 3.488898 0.041983
0.388347 3.413996 0.042036
0.388853 3.435022 0.041915
0.389360 3.397100 0.043332
0.389866 3.441680 0.043288
0.390373 3.476322 0.043128
0.390879 3.476327 0.042201
0.391385 3.393653 0.044366
0.391892 3.452681 0.044019
0.392398 3.383503 0.043500
0.392905 3.451556 0.044445
0.393411 3.386475 0.044136
0.393917 3.405040 0.042756
0.394424 3.408319 0.049549
0.394930 3.468436 0.045399
0.395437 3.443373 0.045185
0.395943 3.537782 0.046725
0.396449 3.435347 0.046464
0.396956 3.444295 0.046549
0.397462 3.408311 0.044699
0.397969 3.395088 0.044705
0.398475 3.420193 0.046028
0.398981 3.321984 0.047220
0.399488 3.417526 0.048656
0.399994 3.323434 0.047940
0.400500 3.512944 0.048003
0.401007 3.368831 0.048815
0.401513 3.376191 0.046632
0.402020 3.416679 0.048866
0.402526 3.411914 0.049362
0.403032 3.449931 0.047850
0.403539 3.407643 0.047353
0.404045 3.372153 0.048345
0.404551 3.424780 0.049665
0.405058 3.411648 0.046680
0.405564 3.410232 0.049321
0.406071 3.392384 0.050386
0.406577 3.457362 0.049338
0.407083 3.383039 0.049990
0.407590 3.341466 0.048087
0.408096 3.358616 0.050884
0.408602 3.362808 0.049289
0.409109 3.385365 0.049503
0.409615 3.383907 0.049666
0.410121 3.300481 0.049391
0.410628 3.308135 0.049320
0.411134 3.324351 0.051034
0.411641 3.430061 0.048551
0.412147 3.392544 0.049517
0.412653 3.392008 0.049967
0.413160 3.381088 0.050850
0.413666 3.323256 0.050633
0.414172 3.327936 0.051398
0.414679 3.283496 0.051482
0.415185 3.307400 0.051320
0.415691 3.351549 0.052658
0.416198 3.340324 0.052181
0.416704 3.230807 0.050697
0.417210 3.280663 0.052593
0.417717 3.341298 0.051743
0.418223 3.249302 0.052654
0.418729 3.419161 0.051875
0.419236 3.347118 0.053214
0.419742 3.420381 0.053146
0.420248 3.316272 0.051576
0.420755 3.433992 0.054104
0.421261 3.239596 0.053856
0.421767 3.310744 0.052178
0.422274 3.305973 0.053037
0.422780 3.386155 0.054578
0.423286 3.255743 0.053911
0.423793 3.419001 0.053830
0.424299 3.297301 0.055300
0.424805 3.386068 0.056093
0.425312 3.333437 0.052837
0.425818 3.350655 0.056444
0.426324 3.294978 0.056629
0.426831 3.354762 0.056885
0.427337 3.240702 0.055201
0.427843 3.281944 0.056403
0.428350 3.435072 0.056505
0.428856 3.277482 0.056682
0.429362 3.400494 0.058322
0.429869 3.334453 0.059652
0.430375 3.267992 0.061300
0.430881 3.323207 0.059560
0.431388 3.313909 0.061601
0.431894 3.281002 0.061085
0.432400 3.328508 0.064614
0.432907 3.323955 0.061718
0.433413 3.287899 0.062998
0.433919 3.324298 0.063348
0.434425 3.282691 0.061633
0.434932 3.334067 0.066807
0.435438 3.265683 0.063575
0.435944 3.367114 0.066237
0.436451 3.353001 0.065707
0.436957 3.295936 0.064760
0.437463 3.322088 0.066191
0.437970 3.271996 0.064779
0.438476 3.262512 0.066536
0.438982 3.178953 0.067454
0.439488 3.330203 0.068782
0.439995 3.283067 0.069449
