0.009882 106.194829 23.667888
0.010389 75.437800 13.594755
0.010896 68.807994 12.979445
0.011402 57.582098 10.246555
0.011909 33.561581 5.650529
0.012416 36.569441 5.605597
0.012923 27.575515 3.532573
0.013430 21.986450 3.421168
0.013936 20.756561 2.043617
0.014443 18.931773 1.705313
0.014950 16.515764 1.071644
0.015457 15.301507 0.910117
0.015963 14.212637 0.581209
0.016470 13.405045 0.510524
0.016977 12.207030 0.423602
0.017484 11.929867 0.366173
0.017990 11.119539 0.302637
0.018497 10.623900 0.240874
0.019004 10.216486 0.264761
0.019511 9.587858 0.213580
0.020018 9.171568 0.191570
0.020524 8.558841 0.180558
0.021031 8.696502 0.184657
0.021538 8.186018 0.180088
0.022045 7.870321 0.166076
0.022551 7.646196 0.159512
0.023058 7.529373 0.150294
0.023565 7.596434 0.145055
0.024072 7.179725 0.148983
0.024579 7.128819 0.147261
0.025085 6.897672 0.131493
0.025592 6.684091 0.135679
0.026099 6.359838 0.132051
0.026606 6.556021 0.128281
0.027112 6.476131 0.128309
0.027619 6.271369 0.122600
0.028126 6.352438 0.125110
0.028633 6.149030 0.120631
0.029139 6.039009 0.110265
0.029646 5.908476 0.112201
0.030153 5.965425 0.111436
0.030660 5.749667 0.108145
0.031167 5.687168 0.109543
0.031673 5.894637 0.107458
0.032180 5.613126 0.109056
0.032687 5.474972 0.101124
0.033194 5.602976 0.100713
0.033700 5.496333 0.102687
0.034207 5.466283 0.102134
0.034714 5.438329 0.105918
0.035221 5.389146 0.101812
0.035727 5.309189 0.089175
0.036234 5.464885 0.101818
0.036741 5.406912 0.097803
0.037248 5.229759 0.087838
0.037755 5.201966 0.091502
0.038261 5.200973 0.099525
0.038768 5.151613 0.094059
0.039275 5.180082 0.088446
0.039782 5.161914 0.084740
0.040288 4.992312 0.089591
0.040795 5.210036 0.088586
0.041302 5.067311 0.089188
0.041809 5.114848 0.084022
0.042315 5.071132 0.083745
0.042822 5.118704 0.081683
0.043329 5.084812 0.086773
0.043836 5.053628 0.081952
0.044343 4.937524 0.082894
0.044849 4.888491 0.079185
0.045356 5.047010 0.085356
0.045863 4.815307 0.080701
0.046370 4.972186 0.083734
0.046876 4.731067 0.078922
0.047383 4.927385 0.078876
0.047890 4.820636 0.075945
0.048397 5.056156 0.080658
0.048903 4.976347 0.074227
0.049410 4.752960 0.076571
0.049917 4.907879 0.079213
0.050424 4.814686 0.078386
0.050931 4.907467 0.074831
0.051437 4.871772 0.074461
0.051944 4.839516 0.071822
0.052451 4.780937 0.073970
0.052958 4.847122 0.072301
0.053464 4.684727 0.071943
0.053971 4.754859 0.072007
0.054478 4.757512 0.069638
0.054985 4.766703 0.069684
0.055491 4.870341 0.073508
0.055998 4.682484 0.069393
0.056505 4.746869 0.068233
0.057012 4.641910 0.067374
0.057519 4.765760 0.068440
0.058025 4.604854 0.069385
0.058532 4.627645 0.067650
0.059039 4.623166 0.068506
0.059546 4.623567 0.068732
0.060052 4.629159 0.066126
0.060559 4.586682 0.065633
0.061066 4.469705 0.067266
0.061573 4.628697 0.065950
0.062079 4.691590 0.065661
0.062586 4.592995 0.067055
0.063093 4.684070 0.064980
0.063600 4.563975 0.064931
0.064106 4.485646 0.064984
0.064613 4.529757 0.063502
0.065120 4.574306 0.064133
0.065627 4.532572 0.064523
0.066134 4.541333 0.061705
0.066640 4.461957 0.062613
0.067147 4.519471 0.062457
0.067654 4.605340 0.063837
0.068161 4.515855 0.061833
0.068667 4.506794 0.061805
0.069174 4.558720 0.064612
0.069681 4.575271 0.061521
0.070188 4.418930 0.060720
0.070694 4.569198 0.059441
0.071201 4.478844 0.059963
0.071708 4.527656 0.059876
0.072215 4.610305 0.059299
0.072721 4.539390 0.061039
0.073228 4.432149 0.059296
0.073735 4.529706 0.060346
0.074242 4.518177 0.060417
0.074748 4.497730 0.061594
0.075255 4.444354 0.058805
0.075762 4.481025 0.056552
0.076269 4.573685 0.058671
0.076776 4.479009 0.057599
0.077282 4.494189 0.057301
0.077789 4.566818 0.058325
0.078296 4.557483 0.060067
0.078803 4.536751 0.055425
0.079309 4.401683 0.057165
0.079816 4.496010 0.057503
0.080323 4.543256 0.059452
0.080830 4.466191 0.056197
0.081336 4.528562 0.059548
0.081843 4.402898 0.059456
0.082350 4.412455 0.059689
0.082857 4.492933 0.057776
0.083363 4.476064 0.059001
0.083870 4.528303 0.058192
0.084377 4.655038 0.059732
0.084884 4.414554 0.058500
0.085390 4.329310 0.057263
0.085897 4.438229 0.059233
0.086404 4.483012 0.057953
0.086911 4.450297 0.059974
0.087417 4.405359 0.059508
0.087924 4.393091 0.056757
0.088431 4.454745 0.056954
0.088938 4.385898 0.058034
0.089444 4.348396 0.056689
0.089951 4.385275 0.058830
0.090458 4.326625 0.058154
0.090965 4.261396 0.057114
0.091471 4.337566 0.056757
0.091978 4.460516 0.055480
0.092485 4.412190 0.060575
0.092992 4.430494 0.055388
0.093498 4.320994 0.056282
0.094005 4.419234 0.057220
0.094512 4.388073 0.055878
0.095019 4.484619 0.057198
0.095525 4.300433 0.056776
0.096032 4.428737 0.058971
0.096539 4.397325 0.055613
0.097046 4.314984 0.057009
0.097552 4.250807 0.054468
0.098059 4.320504 0.057098
0.098566 4.352091 0.056841
0.099073 4.390262 0.057346
0.099579 4.371130 0.057166
0.100086 4.307248 0.055258
0.100593 4.366232 0.056262
0.101100 4.350977 0.055540
0.101606 4.290917 0.055431
0.102113 4.281163 0.055746
0.102620 4.389109 0.056008
0.103127 4.354602 0.054698
0.103633 4.272924 0.058222
0.104140 4.221128 0.058136
0.104647 4.362919 0.057114
0.105154 4.408260 0.057985
0.105660 4.305912 0.056115
0.106167 4.331900 0.057313
0.106674 4.298109 0.054187
0.107181 4.223385 0.054337
0.107687 4.291661 0.053879
0.108194 4.307432 0.053322
0.108701 4.364830 0.053823
0.109208 4.314751 0.054176
0.109714 4.252985 0.051576
0.110221 4.210918 0.051757
0.110728 4.281668 0.052927
0.111235 4.265789 0.051476
0.111741 4.267172 0.052972
0.112248 4.213281 0.050609
0.112755 4.281383 0.051776
0.113262 4.348510 0.051646
0.113768 4.249626 0.050577
0.114275 4.309874 0.051270
0.114782 4.251564 0.051880
0.115289 4.134125 0.050801
0.115795 4.243813 0.050062
0.116302 4.246965 0.051514
0.116809 4.273243 0.050755
0.117316 4.296753 0.048378
0.117822 4.261165 0.049477
0.118329 4.320843 0.050444
0.118836 4.164633 0.049253
0.119342 4.267848 0.047669
0.119849 4.240403 0.048201
0.120356 4.176757 0.048699
0.120863 4.263041 0.049208
0.121369 4.141471 0.048415
0.121876 4.161753 0.047886
0.122383 4.252061 0.047297
0.122890 4.162460 0.048242
0.123396 4.249926 0.048054
0.123903 4.173162 0.047220
0.124410 4.250948 0.047217
0.124917 4.225662 0.046763
0.125423 4.233433 0.047473
0.125930 4.069455 0.046069
0.126437 4.176684 0.046555
0.126944 4.213295 0.046003
0.127450 4.125635 0.045642
0.127957 4.177937 0.045974
0.128464 4.166152 0.046797
0.128970 4.146415 0.046009
0.129477 4.209772 0.046093
0.129984 4.198947 0.046057
0.130491 4.236570 0.045378
0.130997 4.204093 0.044314
0.131504 4.195891 0.045250
0.132011 4.184513 0.044092
0.132518 4.168208 0.044175
0.133024 4.128381 0.043922
0.133531 4.116363 0.043696
0.134038 4.147538 0.043757
0.134545 4.119006 0.044240
0.135051 4.164343 0.043244
0.135558 4.241573 0.044652
0.136065 4.066360 0.044000
0.136571 4.110050 0.043448
0.137078 4.173107 0.043794
0.137585 4.181860 0.044439
0.138092 4.238807 0.043994
0.138598 4.129735 0.043962
0.139105 4.150228 0.042244
0.139612 4.178859 0.043442
0.140119 4.198574 0.042534
0.140625 4.108053 0.042238
0.141132 4.143254 0.042408
0.141639 4.157696 0.042211
0.142145 4.186349 0.042414
0.142652 4.112762 0.042621
0.143159 4.106284 0.041651
0.143666 4.122970 0.041086
0.144172 4.140986 0.041934
0.144679 4.109317 0.042452
0.145186 4.058278 0.041723
0.145692 4.162861 0.041752
0.146199 4.197375 0.042008
0.146706 4.130822 0.042227
0.147213 4.188189 0.041706
0.147719 4.142731 0.041491
0.148226 4.192626 0.042061
0.148733 4.126007 0.042212
0.149240 4.095359 0.040958
0.149746 4.109037 0.041003
0.150253 4.110834 0.042114
0.150760 4.155568 0.041110
0.151266 4.104921 0.040447
0.151773 4.041356 0.041425
0.152280 4.218110 0.040724
0.152787 3.985503 0.039044
0.153293 4.163780 0.041950
0.153800 4.066633 0.040811
0.154307 4.142941 0.040147
0.154813 4.062121 0.042339
0.155320 4.070503 0.040616
0.155827 4.084983 0.038593
0.156334 4.076804 0.039311
0.156840 4.060375 0.039931
0.157347 4.084224 0.039569
0.157854 4.099671 0.039126
0.158360 4.038074 0.038989
0.158867 4.136111 0.039683
0.159374 4.012394 0.038877
0.159881 4.149542 0.040037
0.160387 4.059238 0.039263
0.160894 4.096056 0.037905
0.161401 4.150537 0.038701
0.161907 4.008699 0.038967
0.162414 4.061616 0.039236
0.162921 4.012087 0.038120
0.163427 4.099954 0.039328
0.163934 4.077451 0.038780
0.164441 4.048952 0.038709
0.164948 4.075999 0.038301
0.165454 4.034192 0.038815
0.165961 4.021204 0.037590
0.166468 4.031293 0.037900
0.166974 4.010631 0.037468
0.167481 4.032126 0.038315
0.167988 4.035873 0.037463
0.168495 4.055329 0.038649
0.169001 3.973595 0.038587
0.169508 4.064865 0.039430
0.170015 4.054242 0.038167
0.170521 3.984205 0.038880
0.171028 4.108919 0.040391
0.171535 3.960912 0.037994
0.172041 4.056457 0.039657
0.172548 3.988742 0.038772
0.173055 4.050267 0.039376
0.173562 4.051846 0.038354
0.174068 3.972465 0.038409
0.174575 4.016034 0.040159
0.175082 4.017026 0.038518
0.175588 4.032020 0.038963
0.176095 4.030831 0.039291
0.176602 3.987720 0.039317
0.177108 3.953323 0.038882
0.177615 3.948935 0.039702
0.178122 3.950665 0.038634
0.178629 3.950713 0.037941
0.179135 3.990184 0.039075
0.179642 3.992145 0.038321
0.180149 4.085469 0.038688
0.180655 4.009699 0.039435
0.181162 4.016285 0.040034
0.181669 4.007941 0.039567
0.182175 4.010028 0.039846
0.182682 4.039816 0.040539
0.183189 3.982489 0.039779
0.183695 4.048746 0.040798
0.184202 3.977508 0.040708
0.184709 3.952514 0.041129
0.185216 3.997279 0.040779
0.185722 4.039543 0.040223
0.186229 4.028811 0.041111
0.186736 4.001552 0.041035
0.187242 3.962249 0.039886
0.187749 4.000709 0.041099
0.188256 3.917309 0.041228
0.188762 3.962984 0.041105
0.189269 4.079975 0.041823
0.189776 3.971069 0.041082
0.190282 3.964308 0.039963
0.190789 3.966975 0.041436
0.191296 4.000326 0.041589
0.191802 4.004385 0.041951
0.192309 4.004863 0.040712
0.192816 4.060373 0.041832
0.193323 3.957093 0.041826
0.193829 4.019008 0.042096
0.194336 3.986649 0.042193
0.194843 4.042206 0.041965
0.195349 4.037800 0.042171
0.195856 4.013663 0.042310
0.196363 3.958613 0.041439
0.196869 4.027561 0.042015
0.197376 4.023725 0.043674
0.197883 3.982852 0.041416
0.198389 4.023112 0.042228
0.198896 3.991956 0.042626
0.199403 3.992539 0.041391
0.199909 3.940548 0.041073
0.200416 3.988288 0.042720
0.200923 3.902844 0.041381
0.201429 3.999407 0.042578
0.201936 4.002635 0.042676
0.202443 3.937091 0.041872
0.202949 3.956211 0.042338
0.203456 3.970684 0.043073
0.203963 3.953209 0.042986
0.204469 3.957167 0.042135
0.204976 3.972574 0.041789
0.205483 3.943495 0.042523
0.205989 4.046345 0.042590
0.206496 4.003838 0.043365
0.207003 3.996369 0.043158
0.207509 4.005273 0.043026
0.208016 3.992958 0.043407
0.208523 3.972143 0.042059
0.209029 3.930433 0.042013
0.209536 4.039812 0.042759
0.210043 3.985117 0.042314
0.210549 3.958882 0.041716
0.211056 3.940908 0.043236
0.211563 3.904926 0.041815
0.212069 3.925524 0.042923
0.212576 3.941658 0.042406
0.213083 3.942981 0.042735
0.213589 3.941635 0.041318
0.214096 3.901317 0.042347
0.214603 3.841297 0.042186
0.215109 3.889368 0.041999
0.215616 3.908104 0.041522
0.216123 3.861014 0.041292
0.216629 3.904837 0.041942
0.217136 3.936165 0.042053
0.217643 3.939105 0.042239
0.218149 3.888148 0.043303
0.218656 3.895315 0.041290
0.219163 3.869207 0.040112
0.219669 3.879620 0.042385
0.220176 3.845063 0.042507
0.220683 3.826931 0.041216
0.221189 3.906608 0.041341
0.221696 3.869344 0.040962
0.222203 3.872021 0.041225
0.222709 3.875661 0.041471
0.223216 3.820859 0.040699
0.223722 3.913240 0.042964
0.224229 3.861013 0.040414
0.224736 3.841391 0.041315
0.225242 3.889300 0.041437
0.225749 3.929292 0.041931
0.226256 3.840969 0.040599
0.226762 3.952757 0.040754
0.227269 3.841911 0.040313
0.227776 3.828325 0.040739
0.228282 3.831026 0.040702
0.228789 3.853184 0.040664
0.229296 3.885734 0.040894
0.229802 3.843411 0.039980
0.230309 3.897538 0.041391
0.230816 3.822254 0.039206
0.231322 3.845548 0.040285
0.231829 3.845521 0.039943
0.232335 3.790131 0.040365
0.232842 3.834481 0.040684
0.233349 3.856515 0.039213
0.233855 3.881582 0.040529
0.234362 3.824272 0.039192
0.234869 3.827266 0.038751
0.235375 3.867741 0.039340
0.235882 3.906366 0.040018
0.236389 3.739082 0.038060
0.236895 3.858612 0.038647
0.237402 3.822347 0.039140
0.237908 3.822169 0.038167
0.238415 3.825619 0.038777
0.238922 3.822805 0.039827
0.239428 3.873391 0.038508
0.239935 3.847399 0.039112
0.240442 3.807142 0.037892
0.240948 3.780844 0.038117
0.241455 3.907527 0.038538
0.241962 3.837042 0.038156
0.242468 3.864641 0.038715
0.242975 3.838596 0.038540
0.243481 3.791089 0.038047
0.243988 3.757635 0.037633
0.244495 3.854693 0.037951
0.245001 3.810467 0.038357
0.245508 3.842015 0.037281
0.246015 3.798560 0.038444
0.246521 3.854551 0.038606
0.247028 3.812725 0.037651
0.247534 3.789216 0.036963
0.248041 3.815341 0.038280
0.248548 3.820957 0.037595
0.249054 3.742054 0.036644
0.249561 3.819527 0.037701
0.250068 3.781112 0.037988
0.250574 3.773464 0.036828
0.251081 3.853331 0.037384
0.251587 3.838016 0.036910
0.252094 3.763056 0.037256
0.252601 3.757077 0.036469
0.253107 3.779125 0.036252
0.253614 3.734043 0.035763
0.254120 3.735811 0.036140
0.254627 3.802874 0.036626
0.255134 3.762252 0.036591
0.255640 3.749925 0.035557
0.256147 3.804943 0.036364
0.256654 3.854234 0.036954
0.257160 3.777933 0.036194
0.257667 3.806436 0.036751
0.258173 3.816475 0.036332
0.258680 3.775453 0.035040
0.259187 3.776926 0.034720
0.259693 3.752004 0.035461
0.260200 3.779723 0.035108
0.260706 3.783356 0.035646
0.261213 3.760554 0.034867
0.261720 3.796273 0.034767
0.262226 3.693670 0.034865
0.262733 3.768279 0.033909
0.263239 3.764152 0.035343
0.263746 3.712398 0.034375
0.264253 3.818588 0.034721
0.264759 3.767541 0.036117
0.265266 3.819837 0.035238
0.265772 3.787951 0.034152
0.266279 3.753734 0.034411
0.266786 3.725827 0.034161
0.267292 3.816427 0.034708
0.267799 3.706867 0.033961
0.268305 3.731888 0.034818
0.268812 3.779314 0.034662
0.269319 3.726460 0.034118
0.269825 3.761350 0.034648
0.270332 3.756348 0.034871
0.270838 3.769425 0.033715
0.271345 3.755339 0.034189
0.271852 3.736307 0.033674
0.272358 3.707594 0.033535
0.272865 3.709228 0.033876
0.273371 3.759977 0.034104
0.273878 3.717883 0.034194
0.274385 3.700270 0.033160
0.274891 3.756037 0.033420
0.275398 3.726054 0.032880
0.275904 3.750678 0.033847
0.276411 3.794888 0.033457
0.276917 3.764108 0.034571
0.277424 3.714571 0.033195
0.277931 3.728917 0.033909
0.278437 3.670853 0.032986
0.278944 3.749505 0.032947
0.279450 3.689817 0.033573
0.279957 3.698664 0.033036
0.280464 3.734518 0.033447
0.280970 3.703083 0.033205
0.281477 3.668882 0.033257
0.281983 3.675708 0.033063
0.282490 3.741113 0.032825
0.282996 3.682370 0.033152
0.283503 3.589127 0.033159
0.284010 3.704723 0.032833
0.284516 3.766179 0.033085
0.285023 3.674650 0.033217
0.285529 3.746742 0.033409
0.286036 3.666629 0.032163
0.286542 3.747136 0.032651
0.287049 3.630823 0.032452
0.287556 3.686832 0.033159
0.288062 3.715723 0.033261
0.288569 3.664337 0.032655
0.289075 3.658793 0.032466
0.289582 3.657622 0.032542
0.290088 3.680296 0.033753
0.290595 3.585103 0.032824
0.291102 3.673904 0.032439
0.291608 3.701685 0.033152
0.292115 3.656134 0.034172
0.292621 3.668216 0.032670
0.293128 3.702349 0.032898
0.293634 3.651309 0.033630
0.294141 3.602209 0.032278
0.294647 3.689059 0.032917
0.295154 3.656884 0.033033
0.295661 3.664145 0.032943
0.296167 3.645763 0.033012
0.296674 3.687546 0.032620
0.297180 3.661899 0.032415
0.297687 3.647641 0.033140
0.298193 3.621099 0.032354
0.298700 3.589534 0.033173
0.299206 3.570826 0.032237
0.299713 3.605104 0.033067
0.300220 3.665403 0.032965
0.300726 3.621196 0.032363
0.301233 3.696350 0.032347
0.301739 3.646473 0.032948
0.302246 3.585075 0.031719
0.302752 3.625476 0.032415
0.303259 3.671680 0.032427
0.303765 3.622567 0.032745
0.304272 3.676651 0.032507
0.304779 3.575641 0.032776
0.305285 3.676483 0.031789
0.305792 3.548853 0.032322
0.306298 3.639587 0.031829
0.306805 3.579910 0.032604
0.307311 3.590923 0.032352
0.307818 3.580895 0.032458
0.308324 3.686632 0.032876
0.308831 3.616931 0.032280
0.309337 3.617173 0.032004
0.309844 3.624541 0.032742
0.310350 3.612646 0.033375
0.310857 3.541429 0.033134
0.311364 3.581595 0.033956
0.311870 3.633018 0.033908
0.312377 3.607048 0.033511
0.312883 3.577505 0.033812
0.313390 3.593927 0.034471
0.313896 3.612890 0.034944
0.314403 3.666948 0.034531
0.314909 3.585430 0.033806
0.315416 3.614170 0.035313
0.315922 3.608435 0.034979
0.316429 3.583560 0.035313
0.316935 3.574556 0.034754
0.317442 3.608793 0.035103
0.317948 3.536044 0.035272
0.318455 3.607075 0.035669
0.318961 3.607606 0.035551
0.319468 3.609889 0.035734
0.319975 3.581222 0.035619
0.320481 3.602711 0.036387
0.320988 3.523695 0.035137
0.321494 3.563571 0.035379
0.322001 3.583832 0.035357
0.322507 3.533862 0.035841
0.323014 3.594559 0.034970
0.323520 3.586106 0.034440
0.324027 3.593751 0.035776
0.324533 3.572712 0.035265
0.325040 3.638571 0.035902
0.325546 3.572281 0.036047
0.326053 3.603195 0.035314
0.326559 3.561253 0.035828
0.327066 3.585518 0.035954
0.327572 3.605969 0.036958
0.328079 3.658788 0.036441
0.328585 3.571120 0.035001
0.329092 3.591177 0.035800
0.329598 3.612781 0.036485
0.330105 3.619178 0.035871
0.330611 3.594696 0.035211
0.331118 3.577597 0.035756
0.331624 3.575591 0.035283
0.332131 3.543367 0.036058
0.332637 3.527166 0.034938
0.333144 3.546467 0.036641
0.333650 3.610806 0.036404
0.334157 3.633921 0.036392
0.334663 3.587562 0.036205
0.335170 3.578203 0.036403
0.335676 3.545904 0.036630
0.336183 3.523736 0.035640
0.336689 3.589746 0.036763
0.337196 3.596131 0.035831
0.337702 3.565367 0.035488
0.338209 3.570916 0.036010
0.338715 3.511733 0.035910
0.339222 3.589379 0.036605
0.339728 3.542983 0.036063
0.340235 3.587883 0.036301
0.340741 3.635620 0.036413
0.341248 3.570418 0.036378
0.341754 3.639076 0.037451
0.342261 3.491512 0.036678
0.342767 3.512846 0.035273
0.343274 3.557269 0.037064
0.343780 3.578589 0.037283
0.344287 3.582184 0.036257
0.344793 3.567515 0.036681
0.345300 3.498667 0.037021
0.345806 3.565872 0.036984
0.346313 3.532829 0.036388
0.346819 3.582333 0.036925
0.347325 3.553318 0.037206
0.347832 3.489331 0.035920
0.348338 3.553940 0.037285
0.348845 3.519562 0.036577
0.349351 3.543802 0.036799
0.349858 3.551874 0.037100
0.350364 3.572111 0.037161
0.350871 3.508976 0.037507
0.351377 3.559088 0.036857
0.351884 3.440470 0.036915
0.352390 3.528020 0.037988
0.352897 3.548095 0.037137
0.353403 3.480219 0.036530
0.353910 3.554146 0.036921
0.354416 3.575981 0.037027
0.354923 3.554946 0.036390
0.355429 3.485660 0.036452
0.355935 3.507811 0.035756
0.356442 3.533402 0.035873
0.356948 3.533041 0.034775
0.357455 3.479872 0.034156
0.357961 3.520131 0.034527
0.358468 3.568757 0.034909
0.358974 3.507377 0.034710
0.359481 3.582402 0.034624
0.359987 3.516430 0.035329
0.360494 3.537668 0.035147
0.361000 3.465493 0.035391
0.361506 3.509657 0.035856
0.362013 3.486357 0.035609
0.362519 3.548523 0.035147
0.363026 3.530262 0.035230
0.363532 3.518974 0.035910
0.364039 3.517920 0.036540
0.364545 3.507720 0.035755
0.365052 3.556897 0.036297
0.365558 3.556201 0.036498
0.366064 3.519796 0.036158
0.366571 3.453940 0.036348
0.367077 3.493864 0.035114
0.367584 3.497945 0.035547
0.368090 3.522695 0.035980
0.368597 3.445827 0.036277
0.369103 3.473096 0.036993
0.369610 3.518859 0.037300
0.370116 3.436103 0.036985
0.370622 3.494459 0.037449
0.371129 3.461298 0.037841
0.371635 3.484702 0.037675
0.372142 3.454930 0.037984
0.372648 3.503879 0.037747
0.373155 3.452585 0.038479
0.373661 3.499547 0.037560
0.374167 3.507073 0.038130
0.374674 3.502596 0.038053
0.375180 3.518193 0.038015
0.375687 3.505805 0.038603
0.376193 3.429202 0.038276
0.376700 3.443202 0.037974
0.377206 3.503679 0.038354
0.377712 3.470188 0.037821
0.378219 3.437137 0.039840
0.378725 3.441209 0.038191
0.379232 3.432762 0.039212
0.379738 3.474501 0.039994
0.380245 3.447003 0.038275
0.380751 3.455361 0.040962
0.381257 3.427779 0.039780
0.381764 3.438816 0.039777
0.382270 3.427875 0.040455
0.382777 3.448190 0.041311
0.383283 3.432278 0.039974
0.383789 3.475308 0.040620
0.384296 3.499337 0.041265
0.384802 3.441499 0.042064
0.385309 3.402756 0.039746
0.385815 3.394116 0.040516
0.386321 3.479569 0.042988
0.386828 3.411237 0.041642
0.387334 3.413938 0.042115
0.387841 3.416070 0.041808
0.388347 3.480478 0.043263
0.388853 3.413143 0.042530
0.389360 3.422753 0.042954
0.389866 3.400220 0.044605
0.390373 3.469646 0.043695
0.390879 3.437893 0.043158
0.391385 3.455896 0.043454
0.391892 3.425586 0.044524
0.392398 3.470121 0.044998
0.392905 3.407112 0.045796
0.393411 3.460845 0.044832
0.393917 3.389590 0.043790
0.394424 3.457455 0.047761
0.394930 3.488871 0.045545
0.395437 3.385021 0.044958
0.395943 3.366291 0.044565
0.396449 3.369528 0.043884
0.396956 3.410379 0.046802
0.397462 3.442234 0.045742
0.397969 3.439610 0.044798
0.398475 3.382283 0.046889
0.398981 3.434155 0.045915
0.399488 3.354336 0.046985
0.399994 3.428337 0.046940
0.400500 3.389742 0.046730
0.401007 3.418036 0.046642
0.401513 3.451339 0.048878
0.402020 3.453645 0.047835
0.402526 3.383646 0.047894
0.403032 3.353788 0.048062
0.403539 3.372320 0.046837
0.404045 3.325180 0.047835
0.404551 3.411766 0.049191
0.405058 3.445243 0.048403
0.405564 3.404494 0.048882
0.406071 3.372023 0.049573
0.406577 3.488110 0.050186
0.407083 3.362676 0.051139
0.407590 3.373149 0.047747
0.408096 3.444410 0.051101
0.408602 3.393468 0.049919
0.409109 3.330654 0.047936
0.409615 3.431514 0.050069
0.410121 3.352160 0.049139
0.410628 3.275838 0.049468
0.411134 3.369616 0.050713
0.411641 3.327906 0.052018
0.412147 3.299193 0.049650
0.412653 3.333063 0.050267
0.413160 3.347068 0.050733
0.413666 3.316939 0.051661
0.414172 3.208576 0.050471
0.414679 3.344862 0.050707
0.415185 3.354206 0.052223
0.415691 3.297543 0.051984
0.416198 3.433793 0.053850
0.416704 3.339219 0.051718
0.417210 3.258976 0.051014
0.417717 3.333914 0.053952
0.418223 3.293112 0.052610
0.418729 3.334635 0.052625
0.419236 3.421480 0.051072
0.419742 3.347015 0.051514
0.420248 3.300409 0.051683
0.420755 3.325018 0.051024
0.421261 3.279136 0.052386
0.421767 3.259887 0.053775
0.422274 3.384518 0.053196
0.422780 3.372912 0.057881
0.423286 3.219011 0.054005
0.423793 3.304403 0.055299
0.424299 3.229663 0.056458
0.424805 3.259353 0.056533
0.425312 3.297304 0.055960
0.425818 3.275880 0.056276
0.426324 3.249704 0.055923
0.426831 3.310111 0.056545
0.427337 3.298918 0.055545
0.427843 3.297266 0.057202
0.428350 3.507312 0.059319
0.428856 3.314481 0.058030
0.429362 3.374616 0.058662
0.429869 3.342109 0.060217
0.430375 3.315692 0.059713
0.430881 3.346806 0.059486
0.431388 3.235060 0.059052
0.431894 3.349867 0.062393
0.432400 3.301998 0.064967
0.432907 3.311277 0.060296
0.433413 3.295217 0.062676
0.433919 3.270895 0.060128
0.434425 3.349930 0.061531
0.434932 3.343967 0.063189
0.435438 3.298056 0.064856
0.435944 3.250032 0.063228
0.436451 3.349126 0.064824
0.436957 3.329789 0.067104
0.437463 3.279479 0.065620
0.437970 3.330619 0.064422
0.438476 3.311625 0.066515
0.438982 3.216870 0.065952
0.439488 3.283340 0.071803
0.439995 3.312485 0.065424
