0.009882 109.083728 24.926259
0.010389 63.170464 13.836932
0.010896 70.134923 13.526770
0.011402 58.400284 10.276609
0.011909 33.315965 5.885858
0.012416 36.877135 6.418415
0.012923 28.534425 3.700065
0.013430 22.260425 3.514846
0.013936 20.756561 2.390548
0.014443 17.922555 1.720867
0.014950 17.015647 1.020162
0.015457 16.428719 0.747594
0.015963 14.475139 0.680741
0.016470 13.055348 0.560125
0.016977 12.574850 0.412236
0.017484 12.097437 0.388498
0.017990 11.393174 0.283633
0.018497 9.975377 0.219666
0.019004 9.947505 0.238299
0.019511 9.622946 0.205234
0.020018 8.926666 0.193641
0.020524 8.631717 0.200540
0.021031 8.518362 0.195331
0.021538 8.297544 0.189274
0.022045 7.800144 0.170010
0.022551 7.639323 0.162758
0.023058 7.334564 0.156069
0.023565 7.292080 0.145090
0.024072 7.229262 0.161857
0.024579 6.947528 0.143816
0.025085 7.014019 0.138810
0.025592 6.692265 0.140171
0.026099 6.662299 0.135973
0.026606 6.537839 0.128718
0.027112 6.341950 0.120379
0.027619 6.353696 0.118286
0.028126 6.312248 0.123679
0.028633 6.062981 0.115567
0.029139 6.137186 0.121627
0.029646 5.953220 0.122456
0.030153 6.043689 0.111387
0.030660 5.868462 0.110239
0.031167 5.767606 0.106106
0.031673 5.681378 0.111208
0.032180 5.641353 0.103597
0.032687 5.549722 0.101990
0.033194 5.608847 0.106433
0.033700 5.564696 0.102052
0.034207 5.475717 0.103764
0.034714 5.408753 0.099695
0.035221 5.472483 0.094840
0.035727 5.380621 0.091791
0.036234 5.288833 0.095093
0.036741 5.375497 0.097804
0.037248 5.363770 0.095968
0.037755 5.354915 0.092276
0.038261 5.320027 0.089447
0.038768 5.128586 0.087964
0.039275 5.111057 0.092567
0.039782 5.366727 0.088181
0.040288 5.107519 0.088655
0.040795 5.070747 0.088696
0.041302 5.100179 0.090345
0.041809 5.021712 0.087997
0.042315 5.209696 0.086151
0.042822 4.958930 0.078879
0.043329 4.822571 0.084576
0.043836 4.927986 0.083295
0.044343 5.172179 0.084059
0.044849 5.019969 0.082152
0.045356 5.065373 0.084150
0.045863 4.971397 0.084931
0.046370 4.973530 0.079404
0.046876 4.957753 0.080325
0.047383 4.900822 0.079461
0.047890 4.912507 0.081405
0.048397 4.848883 0.080248
0.048903 4.836740 0.076507
0.049410 4.937650 0.079212
0.049917 4.928869 0.078612
0.050424 4.884519 0.077497
0.050931 4.892778 0.079072
0.051437 4.753763 0.072448
0.051944 4.823063 0.069310
0.052451 4.786904 0.074193
0.052958 4.716773 0.075977
0.053464 4.643533 0.070600
0.053971 4.804461 0.072615
0.054478 4.824410 0.073622
0.054985 4.762248 0.068355
0.055491 4.674395 0.072152
0.055998 4.610579 0.071077
0.056505 4.771288 0.070140
0.057012 4.751131 0.070175
0.057519 4.833951 0.071079
0.058025 4.688907 0.067691
0.058532 4.795350 0.067516
0.059039 4.687291 0.068824
0.059546 4.617368 0.066630
0.060052 4.709491 0.068618
0.060559 4.652481 0.067908
0.061066 4.611442 0.067478
0.061573 4.658653 0.067993
0.062079 4.577232 0.065815
0.062586 4.610767 0.065810
0.063093 4.470370 0.064076
0.063600 4.662397 0.063952
0.064106 4.579823 0.065104
0.064613 4.577517 0.062053
0.065120 4.668363 0.065123
0.065627 4.487553 0.062869
0.066134 4.461100 0.064356
0.066640 4.603678 0.063927
0.067147 4.644048 0.063646
0.067654 4.487672 0.061350
0.068161 4.581353 0.063686
0.068667 4.485459 0.062518
0.069174 4.572647 0.063666
0.069681 4.537840 0.063107
0.070188 4.579730 0.058791
0.070694 4.575067 0.061903
0.071201 4.565302 0.059419
0.071708 4.598740 0.061474
0.072215 4.495150 0.061145
0.072721 4.632218 0.060041
0.073228 4.497696 0.058113
0.073735 4.627171 0.060679
0.074242 4.509368 0.059401
0.074748 4.598238 0.059634
0.075255 4.513748 0.059117
0.075762 4.483330 0.058552
0.076269 4.533051 0.059361
0.076776 4.460923 0.059294
0.077282 4.525399 0.057125
0.077789 4.416936 0.056401
0.078296 4.505642 0.058718
0.078803 4.465411 0.055554
0.079309 4.477389 0.058491
0.079816 4.413637 0.058565
0.080323 4.544036 0.056716
0.080830 4.479393 0.058381
0.081336 4.439580 0.058458
0.081843 4.487197 0.059251
0.082350 4.457812 0.057909
0.082857 4.437500 0.056776
0.083363 4.621355 0.058321
0.083870 4.462202 0.058219
0.084377 4.541963 0.058247
0.084884 4.452285 0.059127
0.085390 4.418241 0.058710
0.085897 4.467212 0.057624
0.086404 4.396342 0.058141
0.086911 4.457528 0.059871
0.087417 4.385853 0.058543
0.087924 4.534328 0.057640
0.088431 4.517956 0.058790
0.088938 4.424523 0.059082
0.089444 4.400431 0.058495
0.089951 4.480506 0.058127
0.090458 4.476007 0.060475
0.090965 4.346300 0.058685
0.091471 4.315199 0.057733
0.091978 4.403805 0.056752
0.092485 4.492280 0.059559
0.092992 4.260828 0.055913
0.093498 4.387423 0.058291
0.094005 4.353547 0.056994
0.094512 4.317001 0.056782
0.095019 4.377494 0.055770
0.095525 4.471301 0.059722
0.096032 4.278416 0.056684
0.096539 4.310536 0.056092
0.097046 4.374009 0.058576
0.097552 4.306298 0.055947
0.098059 4.323492 0.055959
0.098566 4.417826 0.058251
0.099073 4.389502 0.057758
0.099579 4.456189 0.059659
0.100086 4.422534 0.056153
0.100593 4.250169 0.057044
0.101100 4.386065 0.058771
0.101606 4.330134 0.054636
0.102113 4.272963 0.057110
0.102620 4.308863 0.056485
0.103127 4.400144 0.054924
0.103633 4.343309 0.057261
0.104140 4.367158 0.059514
0.104647 4.476782 0.059139
0.105154 4.440908 0.057317
0.105660 4.346418 0.057507
0.106167 4.383342 0.058612
0.106674 4.344900 0.054969
0.107181 4.300122 0.054277
0.107687 4.289551 0.055591
0.108194 4.387524 0.055406
0.108701 4.187758 0.051734
0.109208 4.307889 0.051958
0.109714 4.307082 0.053260
0.110221 4.274202 0.053333
0.110728 4.342601 0.051527
0.111235 4.274301 0.052089
0.111741 4.184611 0.049678
0.112248 4.236621 0.051360
0.112755 4.249278 0.051733
0.113262 4.285506 0.051534
0.113768 4.243984 0.050411
0.114275 4.183656 0.052603
0.114782 4.294062 0.049189
0.115289 4.265420 0.050599
0.115795 4.146040 0.048119
0.116302 4.171761 0.050136
0.116809 4.188666 0.049000
0.117316 4.210993 0.050095
0.117822 4.268731 0.049230
0.118329 4.262429 0.050183
0.118836 4.231140 0.047974
0.119342 4.158155 0.047369
0.119849 4.255043 0.048533
0.120356 4.298625 0.048692
0.120863 4.272554 0.048619
0.121369 4.258714 0.047796
0.121876 4.194531 0.048476
0.122383 4.191123 0.047705
0.122890 4.314646 0.048583
0.123396 4.182458 0.047544
0.123903 4.217382 0.047751
0.124410 4.257499 0.046102
0.124917 4.225132 0.047085
0.125423 4.246739 0.046506
0.125930 4.115546 0.047027
0.126437 4.211840 0.045796
0.126944 4.170826 0.046134
0.127450 4.185883 0.045479
0.127957 4.282077 0.046300
0.128464 4.204341 0.043692
0.128970 4.166005 0.045697
0.129477 4.258676 0.045982
0.129984 4.190433 0.044511
0.130491 4.128994 0.044958
0.130997 4.231402 0.045891
0.131504 4.278833 0.044007
0.132011 4.249689 0.043373
0.132518 4.190597 0.044072
0.133024 4.142015 0.044225
0.133531 4.198189 0.044768
0.134038 4.183725 0.044665
0.134545 4.296856 0.045470
0.135051 4.111450 0.044839
0.135558 4.197171 0.043518
0.136065 4.191450 0.044592
0.136571 4.189716 0.044164
0.137078 4.197684 0.043930
0.137585 4.157440 0.043515
0.138092 4.181451 0.042233
0.138598 4.153987 0.043038
0.139105 4.215813 0.044399
0.139612 4.177052 0.042791
0.140119 4.156907 0.042388
0.140625 4.181861 0.044068
0.141132 4.183875 0.042040
0.141639 4.235875 0.042425
0.142145 4.118920 0.042685
0.142652 4.111414 0.044036
0.143159 4.157903 0.041777
0.143666 4.167756 0.041192
0.144172 4.158368 0.042896
0.144679 4.159861 0.041679
0.145186 4.094374 0.041129
0.145692 4.071681 0.041303
0.146199 4.187909 0.041801
0.146706 4.174299 0.040134
0.147213 4.092810 0.041069
0.147719 4.063354 0.041452
0.148226 4.077191 0.041453
0.148733 4.062211 0.040475
0.149240 4.161843 0.041163
0.149746 4.167912 0.042005
0.150253 4.159657 0.041116
0.150760 4.238837 0.040367
0.151266 4.111926 0.040718
0.151773 4.022259 0.041009
0.152280 4.171640 0.041027
0.152787 4.100422 0.040143
0.153293 4.160568 0.041004
0.153800 4.103125 0.040383
0.154307 4.088455 0.039750
0.154813 4.073584 0.040105
0.155320 4.121978 0.040261
0.155827 4.113367 0.040495
0.156334 4.023744 0.039257
0.156840 4.093200 0.039921
0.157347 4.086600 0.039914
0.157854 4.066555 0.040036
0.158360 4.123714 0.040017
0.158867 4.034727 0.039116
0.159374 4.146396 0.040010
0.159881 4.065409 0.039810
0.160387 4.115262 0.040173
0.160894 4.043032 0.038514
0.161401 4.112008 0.039050
0.161907 4.044160 0.040139
0.162414 4.079899 0.039031
0.162921 4.060622 0.037995
0.163427 4.067517 0.038729
0.163934 4.093608 0.039847
0.164441 4.095207 0.038739
0.164948 4.039366 0.038425
0.165454 4.056646 0.038950
0.165961 4.038863 0.038968
0.166468 4.098204 0.038215
0.166974 4.044361 0.037926
0.167481 4.064313 0.037231
0.167988 4.023568 0.038623
0.168495 4.074796 0.038988
0.169001 4.016244 0.038835
0.169508 4.048632 0.037556
0.170015 4.018647 0.039110
0.170521 3.986505 0.038117
0.171028 3.978836 0.039127
0.171535 4.048234 0.038408
0.172041 4.078516 0.039059
0.172548 4.082891 0.039268
0.173055 4.057933 0.039770
0.173562 4.095175 0.039420
0.174068 4.067996 0.040023
0.174575 3.987596 0.038924
0.175082 4.065687 0.039877
0.175588 4.020351 0.039352
0.176095 4.000550 0.038924
0.176602 4.087406 0.038913
0.177108 4.004876 0.038696
0.177615 4.030556 0.039081
0.178122 3.949136 0.038130
0.178629 4.022777 0.038986
0.179135 3.906812 0.038848
0.179642 4.055333 0.039702
0.180149 4.050837 0.039643
0.180655 4.059030 0.038856
0.181162 4.024673 0.039445
0.181669 4.062944 0.039869
0.182175 3.936189 0.039143
0.182682 4.083956 0.039673
0.183189 3.946536 0.038976
0.183695 4.020989 0.040505
0.184202 3.969093 0.040601
0.184709 4.055983 0.039998
0.185216 3.943863 0.039583
0.185722 4.050936 0.041907
0.186229 3.985444 0.041044
0.186736 3.974908 0.039690
0.187242 4.042238 0.040523
0.187749 3.973808 0.039700
0.188256 4.067384 0.042095
0.188762 3.989039 0.041524
0.189269 3.982802 0.040753
0.189776 4.020210 0.042140
0.190282 4.026731 0.041743
0.190789 4.071601 0.042115
0.191296 3.982890 0.041790
0.191802 3.965218 0.043507
0.192309 3.973776 0.041460
0.192816 4.008467 0.042371
0.193323 4.001752 0.042497
0.193829 4.026281 0.041846
0.194336 4.047433 0.042548
0.194843 4.021326 0.042348
0.195349 4.036435 0.043608
0.195856 3.924054 0.042134
0.196363 3.950793 0.042501
0.196869 3.927227 0.041755
0.197376 4.017383 0.041724
0.197883 3.994699 0.042527
0.198389 4.013469 0.043234
0.198896 4.054673 0.042594
0.199403 4.027107 0.042694
0.199909 3.956620 0.042667
0.200416 3.963422 0.042277
0.200923 3.973494 0.043003
0.201429 3.921158 0.042349
0.201936 3.984549 0.042787
0.202443 3.949181 0.041761
0.202949 4.049214 0.043275
0.203456 4.045445 0.042944
0.203963 3.982904 0.041668
0.204469 4.013013 0.043715
0.204976 3.936752 0.042255
0.205483 3.950529 0.042568
0.205989 3.922854 0.042246
0.206496 4.000108 0.042983
0.207003 4.021176 0.042128
0.207509 3.971519 0.043398
0.208016 3.893692 0.041507
0.208523 3.958107 0.041807
0.209029 3.919078 0.041949
0.209536 3.956415 0.042472
0.210043 3.958766 0.041445
0.210549 3.963119 0.042666
0.211056 3.917159 0.042521
0.211563 3.985541 0.043431
0.212069 3.924097 0.042361
0.212576 3.907279 0.044034
0.213083 3.937798 0.043393
0.213589 3.950368 0.042084
0.214096 3.902703 0.042577
0.214603 3.962527 0.042140
0.215109 3.863491 0.041845
0.215616 3.957440 0.042086
0.216123 3.931104 0.042643
0.216629 3.936042 0.042406
0.217136 3.957018 0.042052
0.217643 3.935415 0.041826
0.218149 3.889021 0.041599
0.218656 3.920736 0.040887
0.219163 3.890967 0.041769
0.219669 3.929483 0.042355
0.220176 3.910055 0.042618
0.220683 3.900812 0.041577
0.221189 3.945986 0.041356
0.221696 3.861584 0.042593
0.222203 3.879232 0.041166
0.222709 3.947774 0.042066
0.223216 3.864164 0.041569
0.223722 3.813315 0.041127
0.224229 3.925327 0.042154
0.224736 3.909779 0.041242
0.225242 3.925826 0.041248
0.225749 3.934185 0.042303
0.226256 3.882500 0.041055
0.226762 3.881027 0.041782
0.227269 3.796445 0.040329
0.227776 3.891410 0.040030
0.228282 3.859308 0.040930
0.228789 3.886213 0.041770
0.229296 3.838280 0.039974
0.229802 3.816582 0.041038
0.230309 3.844548 0.040902
0.230816 3.842479 0.040530
0.231322 3.880103 0.040348
0.231829 3.890897 0.039986
0.232335 3.811621 0.039712
0.232842 3.912803 0.040507
0.233349 3.870890 0.039306
0.233855 3.854948 0.039840
0.234362 3.827171 0.039743
0.234869 3.832551 0.038955
0.235375 3.862826 0.039566
0.235882 3.886804 0.039173
0.236389 3.821365 0.038319
0.236895 3.840691 0.038236
0.237402 3.821139 0.039292
0.237908 3.799437 0.038363
0.238415 3.890218 0.038859
0.238922 3.873591 0.038388
0.239428 3.875373 0.039167
0.239935 3.835663 0.038585
0.240442 3.889685 0.038103
0.240948 3.818430 0.037996
0.241455 3.826987 0.038851
0.241962 3.819254 0.037772
0.242468 3.810013 0.037603
0.242975 3.871477 0.037143
0.243481 3.854445 0.037768
0.243988 3.823612 0.037561
0.244495 3.798632 0.037785
0.245001 3.766229 0.037702
0.245508 3.759831 0.037777
0.246015 3.812942 0.037722
0.246521 3.834874 0.037825
0.247028 3.783875 0.037177
0.247534 3.812545 0.037246
0.248041 3.812741 0.037280
0.248548 3.816115 0.037036
0.249054 3.726615 0.036272
0.249561 3.869264 0.037759
0.250068 3.812694 0.037066
0.250574 3.829640 0.036891
0.251081 3.773817 0.036620
0.251587 3.795327 0.036494
0.252094 3.701996 0.035289
0.252601 3.818680 0.035952
0.253107 3.768438 0.036725
0.253614 3.785810 0.036607
0.254120 3.727703 0.036435
0.254627 3.739670 0.036612
0.255134 3.804807 0.035739
0.255640 3.820966 0.036637
0.256147 3.806695 0.036311
0.256654 3.833852 0.036291
0.257160 3.819120 0.035495
0.257667 3.773605 0.036469
0.258173 3.818476 0.035997
0.258680 3.803596 0.036266
0.259187 3.802008 0.035285
0.259693 3.749617 0.035309
0.260200 3.808575 0.034930
0.260706 3.792796 0.035461
0.261213 3.798975 0.034764
0.261720 3.820397 0.035241
0.262226 3.741789 0.035207
0.262733 3.804648 0.035272
0.263239 3.751806 0.034607
0.263746 3.712064 0.034607
0.264253 3.825468 0.035484
0.264759 3.834670 0.035572
0.265266 3.753848 0.035253
0.265772 3.740716 0.035084
0.266279 3.797219 0.034855
0.266786 3.739719 0.034567
0.267292 3.719734 0.034199
0.267799 3.721726 0.033802
0.268305 3.726404 0.034686
0.268812 3.713369 0.035163
0.269319 3.701318 0.034035
0.269825 3.668041 0.034007
0.270332 3.751542 0.033763
0.270838 3.687688 0.033837
0.271345 3.713593 0.033712
0.271852 3.672166 0.034289
0.272358 3.699912 0.034785
0.272865 3.753989 0.034297
0.273371 3.697999 0.034287
0.273878 3.770848 0.033204
0.274385 3.766318 0.033746
0.274891 3.702181 0.033536
0.275398 3.734404 0.033854
0.275904 3.695824 0.033290
0.276411 3.742999 0.032824
0.276917 3.730451 0.033088
0.277424 3.724637 0.034431
0.277931 3.724326 0.033874
0.278437 3.682703 0.033382
0.278944 3.679997 0.033013
0.279450 3.744711 0.033048
0.279957 3.721082 0.033949
0.280464 3.690092 0.033045
0.280970 3.681061 0.033233
0.281477 3.696492 0.033457
0.281983 3.688402 0.033346
0.282490 3.708482 0.032563
0.282996 3.694856 0.033330
0.283503 3.695052 0.032537
0.284010 3.698994 0.033291
0.284516 3.662622 0.032208
0.285023 3.776284 0.033067
0.285529 3.727722 0.033779
0.286036 3.755546 0.032800
0.286542 3.715507 0.033018
0.287049 3.739757 0.032682
0.287556 3.693097 0.032807
0.288062 3.638112 0.032708
0.288569 3.674256 0.032982
0.289075 3.721727 0.032579
0.289582 3.658817 0.032817
0.290088 3.743245 0.033697
0.290595 3.737062 0.032772
0.291102 3.737196 0.033209
0.291608 3.677818 0.032739
0.292115 3.622951 0.032268
0.292621 3.663123 0.032631
0.293128 3.627651 0.033388
0.293634 3.662824 0.033045
0.294141 3.682037 0.032791
0.294647 3.688160 0.033470
0.295154 3.661517 0.033553
0.295661 3.638213 0.032440
0.296167 3.722949 0.032355
0.296674 3.651129 0.032286
0.297180 3.603405 0.032875
0.297687 3.675531 0.033818
0.298193 3.665395 0.032715
0.298700 3.659565 0.032937
0.299206 3.605783 0.032914
0.299713 3.622365 0.033100
0.300220 3.700713 0.032388
0.300726 3.650938 0.032988
0.301233 3.628993 0.032876
0.301739 3.698202 0.033004
0.302246 3.632694 0.032677
0.302752 3.629691 0.032122
0.303259 3.687444 0.032799
0.303765 3.631366 0.032894
0.304272 3.592205 0.032208
0.304779 3.669125 0.033373
0.305285 3.614596 0.032008
0.305792 3.574843 0.032129
0.306298 3.583898 0.032521
0.306805 3.639844 0.032688
0.307311 3.606998 0.032347
0.307818 3.610484 0.032734
0.308324 3.611399 0.032183
0.308831 3.620128 0.032442
0.309337 3.626239 0.031875
0.309844 3.632751 0.032702
0.310350 3.593057 0.033180
0.310857 3.596056 0.032930
0.311364 3.602041 0.033572
0.311870 3.623793 0.034289
0.312377 3.603499 0.033747
0.312883 3.598723 0.033926
0.313390 3.592931 0.033930
0.313896 3.635026 0.035254
0.314403 3.581362 0.034585
0.314909 3.603121 0.034521
0.315416 3.603835 0.035474
0.315922 3.651935 0.035266
0.316429 3.644205 0.035047
0.316935 3.602452 0.034585
0.317442 3.571610 0.035439
0.317948 3.659227 0.035044
0.318455 3.564889 0.033986
0.318961 3.622872 0.035840
0.319468 3.590873 0.035829
0.319975 3.694186 0.035745
0.320481 3.610062 0.035224
0.320988 3.623023 0.036005
0.321494 3.528490 0.036079
0.322001 3.548546 0.035232
0.322507 3.608594 0.035037
0.323014 3.562519 0.035518
0.323520 3.576426 0.034031
0.324027 3.599462 0.034499
0.324533 3.609836 0.034980
0.325040 3.569539 0.035518
0.325546 3.537486 0.035854
0.326053 3.583290 0.035311
0.326559 3.522281 0.035182
0.327066 3.548287 0.035516
0.327572 3.621727 0.035113
0.328079 3.583608 0.035483
0.328585 3.603847 0.034968
0.329092 3.559615 0.036776
0.329598 3.563351 0.035213
0.330105 3.561012 0.034639
0.330611 3.620869 0.036397
0.331118 3.647918 0.036312
0.331624 3.601501 0.036816
0.332131 3.558317 0.035732
0.332637 3.654715 0.035580
0.333144 3.612047 0.035196
0.333650 3.573878 0.034676
0.334157 3.568192 0.036166
0.334663 3.600567 0.036747
0.335170 3.607048 0.036568
0.335676 3.596586 0.037448
0.336183 3.557696 0.036552
0.336689 3.655178 0.036599
0.337196 3.562328 0.036026
0.337702 3.526863 0.036279
0.338209 3.519596 0.036844
0.338715 3.575169 0.036202
0.339222 3.616981 0.036656
0.339728 3.616960 0.036492
0.340235 3.527982 0.035744
0.340741 3.585287 0.036599
0.341248 3.546636 0.035914
0.341754 3.579331 0.035942
0.342261 3.575076 0.036805
0.342767 3.576032 0.037020
0.343274 3.584051 0.036017
0.343780 3.532715 0.035756
0.344287 3.591314 0.036604
0.344793 3.581621 0.037094
0.345300 3.583840 0.036134
0.345806 3.532076 0.037079
0.346313 3.616616 0.036861
0.346819 3.540184 0.036125
0.347325 3.534214 0.037916
0.347832 3.538314 0.036861
0.348338 3.489421 0.036628
0.348845 3.540748 0.037722
0.349351 3.529072 0.036351
0.349858 3.560119 0.036787
0.350364 3.532356 0.037249
0.350871 3.560493 0.036753
0.351377 3.551842 0.036799
0.351884 3.573903 0.037292
0.352390 3.566334 0.038185
0.352897 3.560741 0.036988
0.353403 3.559684 0.036253
0.353910 3.568496 0.037311
0.354416 3.497809 0.036956
0.354923 3.488716 0.035675
0.355429 3.503178 0.035583
0.355935 3.566238 0.036182
0.356442 3.489369 0.034528
0.356948 3.566749 0.034799
0.357455 3.585312 0.035229
0.357961 3.568472 0.035120
0.358468 3.524262 0.035046
0.358974 3.485866 0.034062
0.359481 3.473408 0.034811
0.359987 3.524796 0.034960
0.360494 3.576221 0.035380
0.361000 3.536910 0.035219
0.361506 3.543901 0.035474
0.362013 3.561415 0.036201
0.362519 3.551434 0.035936
0.363026 3.519651 0.035379
0.363532 3.575734 0.035324
0.364039 3.463126 0.035015
0.364545 3.456820 0.035405
0.365052 3.528996 0.035913
0.365558 3.534893 0.035234
0.366064 3.488196 0.035923
0.366571 3.507908 0.036899
0.367077 3.456478 0.035745
0.367584 3.478569 0.036562
0.368090 3.464142 0.035621
0.368597 3.495412 0.034913
0.369103 3.468427 0.037178
0.369610 3.472548 0.037357
0.370116 3.481095 0.037090
0.370622 3.461914 0.037051
0.371129 3.487181 0.037129
0.371635 3.422679 0.036828
0.372142 3.547501 0.038290
0.372648 3.512856 0.038151
0.373155 3.497366 0.038113
0.373661 3.519285 0.038156
0.374167 3.525996 0.038656
0.374674 3.503021 0.038890
0.375180 3.481076 0.037421
0.375687 3.479462 0.037917
0.376193 3.427014 0.038304
0.376700 3.458268 0.038335
0.377206 3.528643 0.040301
0.377712 3.508051 0.039302
0.378219 3.526961 0.039542
0.378725 3.512173 0.038451
0.379232 3.467611 0.039614
0.379738 3.437598 0.039775
0.380245 3.446075 0.039413
0.380751 3.502604 0.039012
0.381257 3.488072 0.039801
0.381764 3.557610 0.040330
0.382270 3.516880 0.040795
0.382777 3.457200 0.040534
0.383283 3.499520 0.040908
0.383789 3.457672 0.041097
0.384296 3.479976 0.041193
0.384802 3.407285 0.041808
0.385309 3.468253 0.040261
0.385815 3.506210 0.041636
0.386321 3.470265 0.041368
0.386828 3.472607 0.041623
0.387334 3.479036 0.042070
0.387841 3.530590 0.041629
0.388347 3.439306 0.043974
0.388853 3.401276 0.041894
0.389360 3.414020 0.042384
0.389866 3.432181 0.042900
0.390373 3.511932 0.044933
0.390879 3.367903 0.042737
0.391385 3.423373 0.042593
0.391892 3.449223 0.044854
0.392398 3.437836 0.044484
0.392905 3.434240 0.044172
0.393411 3.418097 0.045214
0.393917 3.409794 0.043856
0.394424 3.509586 0.051257
0.394930 3.437184 0.045299
0.395437 3.455043 0.044819
0.395943 3.463757 0.045492
0.396449 3.376269 0.044929
0.396956 3.436758 0.046098
0.397462 3.424953 0.045792
0.397969 3.439610 0.047035
0.398475 3.416338 0.046013
0.398981 3.366454 0.046645
0.399488 3.488063 0.047025
0.399994 3.356843 0.046426
0.400500 3.386412 0.045081
0.401007 3.371846 0.049081
0.401513 3.460220 0.046839
0.402020 3.417363 0.047554
0.402526 3.426048 0.049876
0.403032 3.440106 0.049109
0.403539 3.392406 0.047991
0.404045 3.372153 0.049310
0.404551 3.391523 0.048620
0.405058 3.413793 0.049602
0.405564 3.400907 0.049169
0.406071 3.454196 0.049778
0.406577 3.408613 0.049624
0.407083 3.382312 0.048036
0.407590 3.371675 0.049464
0.408096 3.399078 0.051768
0.408602 3.314202 0.049176
0.409109 3.385365 0.048297
0.409615 3.383151 0.051968
0.410121 3.306652 0.049159
0.410628 3.454241 0.051442
0.411134 3.465366 0.051099
0.411641 3.293330 0.050643
0.412147 3.407325 0.050955
0.412653 3.401194 0.050474
0.413160 3.327739 0.050844
0.413666 3.354049 0.051489
0.414172 3.230564 0.049502
0.414679 3.407005 0.052309
0.415185 3.295499 0.050935
0.415691 3.374924 0.052095
0.416198 3.389435 0.050417
0.416704 3.301753 0.051663
0.417210 3.259810 0.051438
0.417717 3.424995 0.055634
0.418223 3.220094 0.051088
0.418729 3.399272 0.053353
0.419236 3.327460 0.051876
0.419742 3.349545 0.055057
0.420248 3.373045 0.051510
0.420755 3.425274 0.054105
0.421261 3.339763 0.056124
0.421767 3.404827 0.054867
0.422274 3.307737 0.052259
0.422780 3.342766 0.053434
0.423286 3.353398 0.054896
0.423793 3.294477 0.054476
0.424299 3.425058 0.055029
0.424805 3.410840 0.057218
0.425312 3.290820 0.057285
0.425818 3.273041 0.055203
0.426324 3.371442 0.059428
0.426831 3.389490 0.059629
0.427337 3.357134 0.056415
0.427843 3.348339 0.056506
0.428350 3.219398 0.058422
0.428856 3.247678 0.056765
0.429362 3.322857 0.059663
0.429869 3.245871 0.060786
0.430375 3.279085 0.058999
0.430881 3.269836 0.057413
0.431388 3.380543 0.060563
0.431894 3.380213 0.060580
0.432400 3.378066 0.061892
0.432907 3.338937 0.062328
0.433413 3.192775 0.062140
0.433919 3.327939 0.064217
0.434425 3.305505 0.064320
0.434932 3.313027 0.061720
0.435438 3.361504 0.065411
0.435944 3.270617 0.064888
0.436451 3.192842 0.061343
0.436957 3.313539 0.068150
0.437463 3.190139 0.063668
0.437970 3.355159 0.066223
0.438476 3.343900 0.069286
0.438982 3.429390 0.069750
0.439488 3.331667 0.068757
0.439995 3.237469 0.067772
