0.009882 110.194843 24.327613
0.010389 71.187783 13.217441
0.010896 70.981081 14.001685
0.011402 59.818472 10.284343
0.011909 35.403696 5.829935
0.012416 40.575990 6.037835
0.012923 26.657701 3.646891
0.013430 24.446112 3.107096
0.013936 20.577073 2.493503
0.014443 18.666813 1.765668
0.014950 16.445451 1.051682
0.015457 15.843680 0.816310
0.015963 14.452969 0.648192
0.016470 13.509341 0.578462
0.016977 12.298984 0.389797
0.017484 11.591532 0.370484
0.017990 10.686698 0.311615
0.018497 10.089240 0.244158
0.019004 9.990567 0.237893
0.019511 9.688736 0.216605
0.020018 9.065444 0.183220
0.020524 8.170171 0.175958
0.021031 8.550751 0.188039
0.021538 7.862592 0.164495
0.022045 7.740494 0.167206
0.022551 7.800838 0.163168
0.023058 7.428722 0.148909
0.023565 7.037416 0.152827
0.024072 7.021827 0.143519
0.024579 6.815946 0.139603
0.025085 6.897673 0.132771
0.025592 6.714064 0.134293
0.026099 6.605076 0.137968
0.026606 6.475500 0.124841
0.027112 6.488790 0.131032
0.027619 6.353696 0.127861
0.028126 6.314612 0.115799
0.028633 6.049027 0.114028
0.029139 6.084673 0.117531
0.029646 5.868206 0.107972
0.030153 6.078473 0.121611
0.030660 5.978617 0.108293
0.031167 5.732822 0.106683
0.031673 5.757985 0.104690
0.032180 5.717969 0.104891
0.032687 5.529519 0.106929
0.033194 5.573621 0.104605
0.033700 5.599853 0.101471
0.034207 5.651197 0.098524
0.034714 5.673090 0.099667
0.035221 5.426184 0.095335
0.035727 5.450267 0.095212
0.036234 5.297908 0.099893
0.036741 5.328374 0.095471
0.037248 5.256562 0.087103
0.037755 5.385169 0.095032
0.038261 5.228185 0.092586
0.038768 5.266752 0.090762
0.039275 5.406420 0.090639
0.039782 5.152313 0.089184
0.040288 5.008313 0.085556
0.040795 5.142739 0.092006
0.041302 5.154544 0.086250
0.041809 5.169813 0.087419
0.042315 5.077157 0.085877
0.042822 4.870166 0.080522
0.043329 5.096665 0.085455
0.043836 5.087525 0.088483
0.044343 4.969650 0.084470
0.044849 4.931851 0.086580
0.045356 4.765914 0.082208
0.045863 4.867798 0.079391
0.046370 4.961432 0.078332
0.046876 4.973790 0.078053
0.047383 4.729493 0.080883
0.047890 4.747139 0.077068
0.048397 4.789292 0.077561
0.048903 4.863392 0.081889
0.049410 4.852215 0.075347
0.049917 4.756012 0.076027
0.050424 4.781017 0.076702
0.050931 4.972345 0.076645
0.051437 4.925413 0.076161
0.051944 4.905328 0.073835
0.052451 4.685461 0.073480
0.052958 4.720234 0.072120
0.053464 4.799156 0.074621
0.053971 4.751399 0.070092
0.054478 4.756397 0.074723
0.054985 4.737746 0.070806
0.055491 4.697047 0.071065
0.055998 4.747851 0.070313
0.056505 4.673612 0.069371
0.057012 4.681530 0.069155
0.057519 4.697570 0.071283
0.058025 4.748489 0.068684
0.058532 4.703874 0.067446
0.059039 4.593172 0.067912
0.059546 4.678326 0.071757
0.060052 4.659283 0.066045
0.060559 4.631223 0.068941
0.061066 4.521609 0.064580
0.061573 4.646091 0.066071
0.062079 4.697405 0.064475
0.062586 4.667044 0.066753
0.063093 4.578182 0.065694
0.063600 4.707390 0.063208
0.064106 4.627853 0.064098
0.064613 4.658055 0.065276
0.065120 4.511912 0.062764
0.065627 4.618041 0.063659
0.066134 4.651652 0.065259
0.066640 4.623537 0.064150
0.067147 4.533708 0.063446
0.067654 4.536128 0.062474
0.068161 4.607907 0.063343
0.068667 4.706489 0.062778
0.069174 4.563943 0.062449
0.069681 4.588329 0.061936
0.070188 4.622364 0.062902
0.070694 4.523925 0.061286
0.071201 4.528854 0.062438
0.071708 4.567798 0.061167
0.072215 4.478699 0.059810
0.072721 4.439035 0.063074
0.073228 4.623936 0.060027
0.073735 4.464996 0.060491
0.074242 4.523783 0.058692
0.074748 4.571490 0.060190
0.075255 4.437176 0.061196
0.075762 4.431091 0.057433
0.076269 4.516641 0.058444
0.076776 4.450700 0.058183
0.077282 4.512458 0.057603
0.077789 4.540818 0.056147
0.078296 4.538424 0.057306
0.078803 4.420081 0.056280
0.079309 4.423095 0.058364
0.079816 4.474828 0.058286
0.080323 4.572124 0.058834
0.080830 4.599765 0.058978
0.081336 4.498372 0.055958
0.081843 4.529506 0.058566
0.082350 4.453834 0.060589
0.082857 4.502769 0.057087
0.083363 4.476862 0.059142
0.083870 4.560955 0.060198
0.084377 4.442680 0.058102
0.084884 4.451482 0.058192
0.085390 4.468610 0.059482
0.085897 4.413163 0.058488
0.086404 4.529926 0.060491
0.086911 4.303266 0.058040
0.087417 4.342158 0.056525
0.087924 4.466814 0.058716
0.088431 4.435782 0.059972
0.088938 4.374074 0.059160
0.089444 4.393441 0.058702
0.089951 4.476635 0.057483
0.090458 4.382937 0.057589
0.090965 4.252134 0.057778
0.091471 4.297689 0.057077
0.091978 4.483358 0.057532
0.092485 4.285647 0.059192
0.092992 4.416675 0.057535
0.093498 4.377263 0.055791
0.094005 4.325056 0.058268
0.094512 4.402899 0.059199
0.095019 4.417569 0.059783
0.095525 4.325286 0.058235
0.096032 4.340223 0.054948
0.096539 4.362305 0.057624
0.097046 4.377076 0.057712
0.097552 4.407399 0.057216
0.098059 4.299585 0.055979
0.098566 4.445026 0.057804
0.099073 4.313427 0.057163
0.099579 4.347795 0.056092
0.100086 4.371957 0.057707
0.100593 4.314051 0.056923
0.101100 4.313881 0.054421
0.101606 4.299797 0.055198
0.102113 4.424291 0.057673
0.102620 4.455599 0.056049
0.103127 4.343975 0.057969
0.103633 4.268970 0.055470
0.104140 4.389748 0.058837
0.104647 4.339361 0.057720
0.105154 4.361620 0.056508
0.105660 4.411381 0.056683
0.106167 4.371825 0.055376
0.106674 4.284740 0.054997
0.107181 4.313748 0.056202
0.107687 4.311361 0.053478
0.108194 4.275816 0.055406
0.108701 4.315795 0.052711
0.109208 4.278384 0.053723
0.109714 4.290386 0.052670
0.110221 4.295715 0.051775
0.110728 4.217459 0.053454
0.111235 4.217991 0.051267
0.111741 4.248320 0.052780
0.112248 4.327460 0.050102
0.112755 4.346322 0.051798
0.113262 4.254635 0.050433
0.113768 4.246491 0.050776
0.114275 4.242763 0.050626
0.114782 4.365093 0.051138
0.115289 4.186351 0.049625
0.115795 4.231816 0.050254
0.116302 4.190411 0.048707
0.116809 4.250450 0.050888
0.117316 4.269917 0.049758
0.117822 4.262911 0.048875
0.118329 4.176834 0.047892
0.118836 4.210540 0.049025
0.119342 4.203572 0.049949
0.119849 4.239840 0.046662
0.120356 4.212922 0.049567
0.120863 4.299415 0.046891
0.121369 4.167651 0.047395
0.121876 4.192309 0.045884
0.122383 4.301574 0.046961
0.122890 4.267025 0.047651
0.123396 4.230339 0.047792
0.123903 4.175804 0.046825
0.124410 4.232898 0.048859
0.124917 4.105293 0.046075
0.125423 4.228231 0.048712
0.125930 4.176108 0.048484
0.126437 4.272181 0.046706
0.126944 4.131464 0.044616
0.127450 4.194789 0.046050
0.127957 4.168106 0.045162
0.128464 4.224983 0.047126
0.128970 4.172191 0.045487
0.129477 4.127809 0.044106
0.129984 4.083757 0.045066
0.130491 4.244182 0.045145
0.130997 4.176584 0.046237
0.131504 4.188572 0.043514
0.132011 4.183043 0.043803
0.132518 4.211526 0.045281
0.133024 4.092390 0.044404
0.133531 4.065371 0.043198
0.134038 4.229080 0.044685
0.134545 4.193940 0.042506
0.135051 4.238015 0.044036
0.135558 4.140833 0.042551
0.136065 4.125613 0.045050
0.136571 4.203693 0.044600
0.137078 4.173570 0.043869
0.137585 4.219428 0.043003
0.138092 4.109872 0.042244
0.138598 4.120583 0.042923
0.139105 4.123168 0.043473
0.139612 4.209145 0.042853
0.140119 4.071551 0.042291
0.140625 4.141519 0.042893
0.141132 4.133493 0.041667
0.141639 4.203893 0.041829
0.142145 4.193447 0.042627
0.142652 4.221016 0.042740
0.143159 4.149391 0.042577
0.143666 4.127379 0.041125
0.144172 4.166625 0.041168
0.144679 4.103112 0.041540
0.145186 4.087069 0.041326
0.145692 4.136195 0.041539
0.146199 4.139346 0.041982
0.146706 4.068771 0.041605
0.147213 4.133929 0.041042
0.147719 4.147477 0.042641
0.148226 4.102023 0.040733
0.148733 4.068921 0.041098
0.149240 4.140055 0.040976
0.149746 4.114925 0.041327
0.150253 4.062010 0.041172
0.150760 4.037915 0.039848
0.151266 4.170850 0.041933
0.151773 4.069585 0.040476
0.152280 4.177336 0.040632
0.152787 4.071589 0.040808
0.153293 4.082282 0.041678
0.153800 4.118764 0.040013
0.154307 4.012175 0.039488
0.154813 4.064571 0.040402
0.155320 4.056428 0.039713
0.155827 4.160280 0.040494
0.156334 4.090368 0.039276
0.156840 4.074640 0.038710
0.157347 4.077889 0.040265
0.157854 4.073651 0.040183
0.158360 4.041217 0.038422
0.158867 4.010550 0.038659
0.159374 4.123359 0.038637
0.159881 4.057974 0.038462
0.160387 4.024369 0.039078
0.160894 4.064620 0.038341
0.161401 4.005955 0.038112
0.161907 4.075767 0.039809
0.162414 3.991148 0.038574
0.162921 3.973790 0.038223
0.163427 3.967187 0.038314
0.163934 4.069560 0.038152
0.164441 4.059482 0.038569
0.164948 4.031142 0.038088
0.165454 4.065253 0.038107
0.165961 4.023411 0.037539
0.166468 4.046449 0.038159
0.166974 4.040271 0.037655
0.167481 4.048029 0.038728
0.167988 4.089801 0.037322
0.168495 4.098008 0.038174
0.169001 4.063843 0.038297
0.169508 4.062977 0.039610
0.170015 3.919950 0.038450
0.170521 4.042847 0.039909
0.171028 4.055198 0.039891
0.171535 4.082704 0.038986
0.172041 4.005374 0.039753
0.172548 3.983706 0.039354
0.173055 4.023053 0.039008
0.173562 4.104761 0.039244
0.174068 4.075071 0.040018
0.174575 4.033175 0.039277
0.175082 4.003998 0.038693
0.175588 4.057692 0.038902
0.176095 3.953944 0.039099
0.176602 3.991613 0.039094
0.177108 4.049840 0.039302
0.177615 4.015791 0.039157
0.178122 4.006482 0.039290
0.178629 4.008834 0.038542
0.179135 4.034987 0.038691
0.179642 4.028030 0.038466
0.180149 4.040062 0.038472
0.180655 3.991585 0.038549
0.181162 3.941599 0.039183
0.181669 4.000715 0.039831
0.182175 4.023822 0.039375
0.182682 3.986638 0.039363
0.183189 4.013896 0.039071
0.183695 3.969604 0.039528
0.184202 3.955630 0.040912
0.184709 3.947024 0.040626
0.185216 3.938352 0.040190
0.185722 3.970339 0.040333
0.186229 3.987604 0.040794
0.186736 4.056564 0.042031
0.187242 3.987058 0.040724
0.187749 4.004613 0.041448
0.188256 4.013409 0.041832
0.188762 4.055479 0.041600
0.189269 4.001631 0.041763
0.189776 4.002058 0.041891
0.190282 3.995959 0.041782
0.190789 3.999066 0.041618
0.191296 3.956514 0.042101
0.191802 3.999487 0.042135
0.192309 4.072395 0.041988
0.192816 3.989673 0.040445
0.193323 3.996790 0.042776
0.193829 4.099361 0.042549
0.194336 3.885662 0.040469
0.194843 3.993198 0.042218
0.195349 4.028706 0.041717
0.195856 3.944872 0.042858
0.196363 3.927331 0.042805
0.196869 3.967544 0.042141
0.197376 4.001982 0.042388
0.197883 3.853377 0.041228
0.198389 3.983161 0.042760
0.198896 4.011188 0.042293
0.199403 4.043026 0.042507
0.199909 4.006216 0.043337
0.200416 4.031574 0.041825
0.200923 4.024750 0.041516
0.201429 4.012758 0.042585
0.201936 3.970655 0.042485
0.202443 3.943601 0.043671
0.202949 4.041850 0.041860
0.203456 3.966969 0.041548
0.203963 3.965445 0.041554
0.204469 4.011618 0.041656
0.204976 3.989323 0.043164
0.205483 3.995272 0.044054
0.205989 3.937521 0.042091
0.206496 3.964218 0.042332
0.207003 3.968753 0.042022
0.207509 4.016682 0.042566
0.208016 3.989633 0.042144
0.208523 3.956235 0.041327
0.209029 3.899792 0.042322
0.209536 3.936626 0.043252
0.210043 3.921729 0.041705
0.210549 3.926401 0.042097
0.211056 3.987931 0.042012
0.211563 3.924533 0.042250
0.212069 3.961631 0.042923
0.212576 3.910617 0.043077
0.213083 3.842616 0.042616
0.213589 3.921811 0.043763
0.214096 3.960000 0.044053
0.214603 3.971455 0.042910
0.215109 3.924948 0.042880
0.215616 3.925920 0.042775
0.216123 3.904937 0.041743
0.216629 3.941631 0.042339
0.217136 3.917126 0.041664
0.217643 3.885139 0.041826
0.218149 3.921558 0.040515
0.218656 3.939347 0.040475
0.219163 3.924514 0.041898
0.219669 3.920249 0.042018
0.220176 3.910513 0.041782
0.220683 3.867025 0.041646
0.221189 3.837761 0.041034
0.221696 3.934616 0.043906
0.222203 3.842274 0.041407
0.222709 3.892337 0.041063
0.223216 3.865532 0.041763
0.223722 3.935645 0.040531
0.224229 3.898270 0.041660
0.224736 3.905729 0.042254
0.225242 3.796859 0.042170
0.225749 3.909412 0.040044
0.226256 3.891680 0.041231
0.226762 3.865815 0.042202
0.227269 3.883006 0.040928
0.227776 3.880608 0.041353
0.228282 3.761411 0.040712
0.228789 3.864937 0.041148
0.229296 3.962848 0.041566
0.229802 3.857465 0.041640
0.230309 3.831979 0.041260
0.230816 3.924998 0.040238
0.231322 3.874635 0.040202
0.231829 3.797176 0.039716
0.232335 3.822703 0.039590
0.232842 3.854681 0.039495
0.233349 3.803124 0.039478
0.233855 3.872427 0.039566
0.234362 3.848705 0.039238
0.234869 3.787830 0.039006
0.235375 3.803117 0.038571
0.235882 3.847679 0.039378
0.236389 3.894861 0.038612
0.236895 3.822501 0.038997
0.237402 3.830803 0.039137
0.237908 3.868830 0.038211
0.238415 3.842276 0.038452
0.238922 3.785113 0.039462
0.239428 3.813155 0.038832
0.239935 3.790285 0.038479
0.240442 3.802839 0.038597
0.240948 3.887174 0.040138
0.241455 3.776796 0.038286
0.241962 3.787547 0.037828
0.242468 3.834034 0.037545
0.242975 3.765870 0.038653
0.243481 3.829786 0.038607
0.243988 3.812488 0.038059
0.244495 3.835271 0.036507
0.245001 3.798368 0.038037
0.245508 3.842015 0.037609
0.246015 3.810684 0.037424
0.246521 3.804890 0.037838
0.247028 3.823452 0.037333
0.247534 3.807731 0.037058
0.248041 3.796399 0.037269
0.248548 3.804073 0.036879
0.249054 3.803809 0.037929
0.249561 3.797584 0.037259
0.250068 3.839796 0.037342
0.250574 3.785414 0.036096
0.251081 3.766919 0.036914
0.251587 3.840187 0.036889
0.252094 3.853069 0.037412
0.252601 3.751612 0.036459
0.253107 3.736019 0.035932
0.253614 3.767959 0.036139
0.254120 3.794678 0.036405
0.254627 3.772192 0.035150
0.255134 3.788416 0.036743
0.255640 3.747499 0.035979
0.256147 3.744342 0.036682
0.256654 3.834907 0.036162
0.257160 3.846922 0.036747
0.257667 3.779134 0.036113
0.258173 3.828185 0.034840
0.258680 3.750590 0.036199
0.259187 3.851495 0.035333
0.259693 3.799748 0.035425
0.260200 3.814758 0.035624
0.260706 3.801898 0.035501
0.261213 3.811445 0.035309
0.261720 3.793895 0.035470
0.262226 3.801471 0.034622
0.262733 3.790399 0.035077
0.263239 3.767258 0.034923
0.263746 3.773625 0.035079
0.264253 3.733418 0.034261
0.264759 3.716838 0.034673
0.265266 3.759205 0.034611
0.265772 3.752853 0.034519
0.266279 3.778834 0.035676
0.266786 3.775255 0.035114
0.267292 3.758543 0.034202
0.267799 3.798099 0.034809
0.268305 3.742209 0.035287
0.268812 3.732860 0.035295
0.269319 3.786611 0.034773
0.269825 3.769553 0.034268
0.270332 3.731678 0.034067
0.270838 3.729235 0.034819
0.271345 3.750945 0.034336
0.271852 3.782122 0.034381
0.272358 3.698431 0.034258
0.272865 3.778404 0.034675
0.273371 3.769993 0.034441
0.273878 3.722868 0.032834
0.274385 3.759119 0.034083
0.274891 3.696335 0.033623
0.275398 3.761001 0.034280
0.275904 3.762834 0.033892
0.276411 3.745746 0.033761
0.276917 3.723108 0.033632
0.277424 3.767344 0.033733
0.277931 3.751872 0.033743
0.278437 3.710962 0.033769
0.278944 3.677882 0.033341
0.279450 3.718179 0.032161
0.279957 3.674731 0.033469
0.280464 3.716385 0.033239
0.280970 3.711228 0.032807
0.281477 3.726530 0.033026
0.281983 3.723158 0.033875
0.282490 3.758335 0.033572
0.282996 3.698206 0.033665
0.283503 3.743063 0.032738
0.284010 3.691758 0.032689
0.284516 3.679732 0.032563
0.285023 3.719920 0.033232
0.285529 3.716766 0.032944
0.286036 3.678355 0.032337
0.286542 3.667681 0.032587
0.287049 3.662933 0.032752
0.287556 3.693097 0.033098
0.288062 3.687145 0.032261
0.288569 3.698300 0.033154
0.289075 3.631614 0.032674
0.289582 3.717710 0.033057
0.290088 3.649465 0.033345
0.290595 3.719114 0.033050
0.291102 3.676687 0.033820
0.291608 3.658650 0.033188
0.292115 3.728618 0.033666
0.292621 3.715551 0.032902
0.293128 3.687111 0.032822
0.293634 3.662521 0.032654
0.294141 3.693466 0.033064
0.294647 3.692354 0.032944
0.295154 3.690478 0.033193
0.295661 3.661443 0.033026
0.296167 3.659579 0.032692
0.296674 3.642235 0.032816
0.297180 3.636874 0.032589
0.297687 3.653939 0.032330
0.298193 3.637931 0.032393
0.298700 3.693287 0.033518
0.299206 3.684058 0.033514
0.299713 3.676825 0.032766
0.300220 3.624752 0.032565
0.300726 3.609596 0.032674
0.301233 3.651923 0.032258
0.301739 3.610410 0.032411
0.302246 3.623525 0.032461
0.302752 3.555591 0.031674
0.303259 3.637176 0.032523
0.303765 3.592066 0.032346
0.304272 3.612578 0.032940
0.304779 3.607972 0.032232
0.305285 3.659844 0.032071
0.305792 3.675630 0.033094
0.306298 3.649931 0.032504
0.306805 3.586927 0.032540
0.307311 3.596939 0.032125
0.307818 3.645054 0.032161
0.308324 3.621992 0.032224
0.308831 3.638732 0.031860
0.309337 3.627701 0.032472
0.309844 3.617548 0.032556
0.310350 3.618677 0.033378
0.310857 3.575882 0.033052
0.311364 3.606514 0.033747
0.311870 3.622294 0.034552
0.312377 3.567038 0.034002
0.312883 3.600029 0.033881
0.313390 3.572861 0.034072
0.313896 3.564258 0.034346
0.314403 3.592899 0.034682
0.314909 3.635852 0.034855
0.315416 3.572141 0.035693
0.315922 3.641740 0.035272
0.316429 3.553408 0.034641
0.316935 3.572115 0.036299
0.317442 3.619565 0.034792
0.317948 3.581733 0.035276
0.318455 3.610476 0.035834
0.318961 3.565005 0.034342
0.319468 3.604607 0.034970
0.319975 3.657777 0.035296
0.320481 3.580582 0.035939
0.320988 3.568810 0.035458
0.321494 3.552345 0.036099
0.322001 3.533220 0.035705
0.322507 3.563897 0.035139
0.323014 3.627242 0.035349
0.323520 3.642429 0.035458
0.324027 3.566623 0.035890
0.324533 3.569019 0.035484
0.325040 3.606873 0.035150
0.325546 3.585637 0.035565
0.326053 3.628432 0.035817
0.326559 3.600431 0.034580
0.327066 3.586936 0.034975
0.327572 3.565143 0.035249
0.328079 3.594498 0.036118
0.328585 3.567722 0.035257
0.329092 3.604447 0.035100
0.329598 3.630087 0.035497
0.330105 3.571425 0.035526
0.330611 3.623020 0.035864
0.331118 3.624844 0.036259
0.331624 3.602231 0.036180
0.332131 3.535246 0.035326
0.332637 3.542516 0.035863
0.333144 3.595100 0.035404
0.333650 3.568029 0.036041
0.334157 3.599490 0.035896
0.334663 3.565267 0.035218
0.335170 3.587079 0.036767
0.335676 3.600655 0.036192
0.336183 3.503244 0.036164
0.336689 3.564551 0.035907
0.337196 3.572729 0.036428
0.337702 3.536312 0.035927
0.338209 3.634926 0.037632
0.338715 3.539990 0.036004
0.339222 3.531564 0.036011
0.339728 3.535098 0.035959
0.340235 3.599294 0.035579
0.340741 3.526227 0.035309
0.341248 3.561800 0.036065
0.341754 3.561331 0.037183
0.342261 3.580430 0.035791
0.342767 3.553668 0.036463
0.343274 3.531082 0.036226
0.343780 3.552375 0.036928
0.344287 3.548151 0.036674
0.344793 3.536632 0.035891
0.345300 3.619457 0.037546
0.345806 3.589683 0.036227
0.346313 3.538185 0.036463
0.346819 3.554951 0.036289
0.347325 3.574153 0.036659
0.347832 3.555107 0.037208
0.348338 3.455147 0.036939
0.348845 3.543101 0.037175
0.349351 3.453482 0.036442
0.349858 3.533232 0.035845
0.350364 3.544048 0.037487
0.350871 3.532287 0.037128
0.351377 3.635088 0.037485
0.351884 3.624475 0.037769
0.352390 3.516171 0.036476
0.352897 3.499510 0.037146
0.353403 3.532296 0.036576
0.353910 3.544063 0.036560
0.354416 3.523997 0.037106
0.354923 3.502036 0.035540
0.355429 3.529714 0.036095
0.355935 3.482979 0.035274
0.356442 3.545695 0.035339
0.356948 3.474125 0.034782
0.357455 3.548077 0.034009
0.357961 3.550793 0.034990
0.358468 3.562754 0.035415
0.358974 3.528888 0.034985
0.359481 3.543193 0.035069
0.359987 3.578996 0.036442
0.360494 3.544296 0.035256
0.361000 3.503022 0.034534
0.361506 3.526414 0.034953
0.362013 3.462789 0.034610
0.362519 3.527780 0.035619
0.363026 3.536482 0.035716
0.363532 3.527240 0.034639
0.364039 3.539394 0.035103
0.364545 3.475861 0.035419
0.365052 3.569584 0.036245
0.365558 3.480314 0.034821
0.366064 3.512173 0.035832
0.366571 3.546853 0.036104
0.367077 3.501417 0.036045
0.367584 3.493187 0.037078
0.368090 3.532961 0.037339
0.368597 3.551666 0.036665
0.369103 3.494697 0.036839
0.369610 3.508053 0.037303
0.370116 3.436103 0.036936
0.370622 3.445837 0.036799
0.371129 3.420972 0.035765
0.371635 3.445197 0.035918
0.372142 3.419914 0.036638
0.372648 3.477355 0.038351
0.373155 3.514532 0.037394
0.373661 3.455956 0.036849
0.374167 3.506242 0.037710
0.374674 3.482180 0.038033
0.375180 3.443720 0.037210
0.375687 3.545186 0.037930
0.376193 3.507964 0.037657
0.376700 3.537902 0.038677
0.377206 3.472584 0.038791
0.377712 3.466423 0.038688
0.378219 3.478905 0.038525
0.378725 3.456781 0.038780
0.379232 3.367592 0.038227
0.379738 3.448208 0.040531
0.380245 3.503078 0.041616
0.380751 3.486323 0.039530
0.381257 3.443323 0.040134
0.381764 3.499406 0.040070
0.382270 3.500221 0.040267
0.382777 3.566230 0.042252
0.383283 3.467108 0.040636
0.383789 3.426319 0.040235
0.384296 3.432319 0.040825
0.384802 3.503125 0.041696
0.385309 3.478915 0.039907
0.385815 3.444823 0.041711
0.386321 3.515750 0.043289
0.386828 3.472087 0.041837
0.387334 3.423913 0.042081
0.387841 3.495759 0.041545
0.388347 3.499077 0.042524
0.388853 3.411009 0.041076
0.389360 3.466418 0.042367
0.389866 3.387673 0.042659
0.390373 3.450172 0.042581
0.390879 3.382749 0.042899
0.391385 3.422251 0.042916
0.391892 3.452105 0.043936
0.392398 3.492741 0.045129
0.392905 3.536979 0.043924
0.393411 3.453818 0.044504
0.393917 3.408607 0.044374
0.394424 3.503904 0.045147
0.394930 3.438386 0.044431
0.395437 3.377037 0.044487
0.395943 3.394668 0.044096
0.396449 3.386072 0.044780
0.396956 3.488259 0.044706
0.397462 3.385269 0.046342
0.397969 3.431978 0.046577
0.398475 3.377372 0.046547
0.398981 3.408269 0.046431
0.399488 3.408089 0.045113
0.399994 3.392255 0.045403
0.400500 3.441687 0.047119
0.401007 3.440906 0.047742
0.401513 3.442458 0.048447
0.402020 3.358037 0.047682
0.402526 3.440889 0.049087
0.403032 3.376494 0.048393
0.403539 3.407643 0.047028
0.404045 3.467842 0.049384
0.404551 3.437793 0.049100
0.405058 3.440954 0.048955
0.405564 3.466903 0.048718
0.406071 3.396021 0.048642
0.406577 3.432612 0.051189
0.407083 3.411400 0.049017
0.407590 3.265754 0.049005
0.408096 3.433653 0.052061
0.408602 3.281300 0.050436
0.409109 3.304421 0.050100
0.409615 3.386929 0.050481
0.410121 3.397667 0.048575
0.410628 3.333512 0.048469
0.411134 3.298848 0.050800
0.411641 3.338121 0.051929
0.412147 3.394878 0.050717
0.412653 3.356284 0.050478
0.413160 3.371037 0.050722
0.413666 3.328782 0.051285
0.414172 3.366414 0.052685
0.414679 3.254754 0.050364
0.415185 3.317713 0.051999
0.415691 3.383790 0.053029
0.416198 3.313393 0.052771
0.416704 3.319290 0.052026
0.417210 3.338219 0.052826
0.417717 3.303552 0.054330
0.418223 3.265528 0.054185
0.418729 3.361153 0.051552
0.419236 3.376179 0.053794
0.419742 3.377373 0.051910
0.420248 3.390578 0.050305
0.420755 3.379069 0.050750
0.421261 3.299345 0.053715
0.421767 3.291248 0.052094
0.422274 3.306855 0.052375
0.422780 3.374404 0.056261
0.423286 3.231553 0.054096
0.423793 3.272821 0.052965
0.424299 3.324826 0.057829
0.424805 3.221243 0.055850
0.425312 3.324172 0.055206
0.425818 3.333618 0.054633
0.426324 3.332205 0.056768
0.426831 3.446048 0.056475
0.427337 3.225374 0.054705
0.427843 3.390219 0.055731
0.428350 3.367019 0.059306
0.428856 3.274399 0.057427
0.429362 3.383932 0.058631
0.429869 3.316956 0.058719
0.430375 3.211418 0.060462
0.430881 3.332860 0.057731
0.431388 3.301693 0.063719
0.431894 3.230812 0.057748
0.432400 3.320440 0.061401
0.432907 3.345853 0.060249
0.433413 3.301315 0.062513
0.433919 3.229630 0.062641
0.434425 3.322314 0.062176
0.434932 3.222684 0.062859
0.435438 3.278632 0.062445
0.435944 3.288630 0.064515
0.436451 3.157969 0.062331
0.436957 3.427830 0.065291
0.437463 3.253365 0.068192
0.437970 3.391969 0.067833
0.438476 3.387399 0.067031
0.438982 3.426495 0.068745
0.439488 3.287733 0.068992
0.439995 3.344845 0.068409
