0.009882 108.000391 23.820758
0.010389 65.574728 14.270408
0.010896 69.865691 13.557520
0.011402 58.563921 10.160083
0.011909 33.824740 6.056407
0.012416 36.661749 5.716114
0.012923 28.739906 3.568821
0.013430 24.283949 3.694270
0.013936 20.769382 2.346050
0.014443 19.788291 1.797115
0.014950 16.586077 1.003512
0.015457 14.696684 0.887462
0.015963 14.231387 0.669866
0.016470 13.257805 0.518426
0.016977 12.462993 0.437575
0.017484 11.340672 0.401608
0.017990 10.605130 0.269196
0.018497 10.472773 0.259624
0.019004 9.875733 0.235999
0.019511 9.478207 0.213383
0.020018 9.114424 0.198490
0.020524 8.923220 0.188492
0.021031 8.251151 0.189399
0.021538 8.104232 0.183749
0.022045 7.670317 0.168095
0.022551 7.560284 0.172020
0.023058 7.367032 0.160169
0.023565 7.108846 0.145708
0.024072 7.089940 0.152506
0.024579 6.997237 0.137865
0.025085 6.875511 0.145674
0.025592 6.662292 0.145776
0.026099 6.536955 0.127204
0.026606 6.644335 0.129151
0.027112 6.357141 0.130000
0.027619 6.281055 0.116161
0.028126 6.257873 0.121814
0.028633 6.146704 0.110359
0.029139 5.927133 0.111938
0.029646 6.121011 0.117480
0.030153 5.915423 0.110075
0.030660 5.820944 0.109967
0.031167 5.591512 0.113030
0.031673 5.546797 0.108333
0.032180 6.050643 0.105148
0.032687 5.551743 0.100699
0.033194 5.473813 0.102355
0.033700 5.539304 0.099962
0.034207 5.464396 0.098657
0.034714 5.564028 0.099116
0.035221 5.576191 0.096299
0.035727 5.343119 0.103518
0.036234 5.499370 0.095795
0.036741 5.255072 0.087418
0.037248 5.325242 0.094388
0.037755 5.185158 0.091993
0.038261 5.371050 0.093700
0.038768 5.133520 0.094262
0.039275 5.160820 0.088680
0.039782 5.315523 0.089246
0.040288 5.205125 0.088162
0.040795 5.026926 0.088401
0.041302 5.159217 0.090292
0.041809 5.120955 0.091628
0.042315 4.970222 0.087581
0.042822 4.976683 0.081590
0.043329 4.795902 0.080550
0.043836 4.997415 0.084808
0.044343 5.011552 0.080406
0.044849 4.919262 0.079410
0.045356 4.976383 0.084877
0.045863 4.795968 0.081577
0.046370 5.052838 0.083805
0.046876 4.945825 0.078453
0.047383 4.903479 0.080217
0.047890 4.916445 0.081039
0.048397 4.798360 0.079904
0.048903 4.844355 0.078419
0.049410 4.819549 0.076216
0.049917 4.881950 0.075514
0.050424 4.782264 0.078282
0.050931 4.815659 0.075251
0.051437 4.695354 0.073808
0.051944 4.744324 0.073506
0.052451 4.691428 0.072623
0.052958 4.899030 0.074909
0.053464 4.807166 0.074267
0.053971 4.773316 0.071186
0.054478 4.754168 0.071779
0.054985 4.695425 0.072455
0.055491 4.805780 0.075611
0.055998 4.655247 0.067172
0.056505 4.613095 0.070454
0.057012 4.741494 0.073639
0.057519 4.691075 0.072621
0.058025 4.670820 0.068605
0.058532 4.496530 0.066042
0.059039 4.498020 0.065623
0.059546 4.684525 0.069519
0.060052 4.714512 0.065041
0.060559 4.645395 0.065933
0.061066 4.570518 0.067311
0.061573 4.667350 0.063851
0.062079 4.602429 0.066704
0.062586 4.763801 0.068809
0.063093 4.670593 0.067847
0.063600 4.584596 0.065663
0.064106 4.494122 0.061809
0.064613 4.707688 0.067630
0.065120 4.579894 0.064477
0.065627 4.651683 0.064894
0.066134 4.536774 0.061815
0.066640 4.544101 0.063541
0.067147 4.591547 0.064313
0.067654 4.511205 0.062094
0.068161 4.689337 0.065441
0.068667 4.677474 0.060864
0.069174 4.423795 0.060362
0.069681 4.608350 0.062104
0.070188 4.514074 0.062885
0.070694 4.585127 0.060374
0.071201 4.525463 0.062393
0.071708 4.454063 0.060203
0.072215 4.544502 0.059733
0.072721 4.477504 0.061217
0.073228 4.471801 0.058477
0.073735 4.473784 0.057930
0.074242 4.548608 0.058833
0.074748 4.548795 0.055944
0.075255 4.529700 0.058092
0.075762 4.585184 0.060977
0.076269 4.504138 0.057412
0.076776 4.450700 0.058013
0.077282 4.580967 0.060621
0.077789 4.473524 0.057031
0.078296 4.490394 0.058070
0.078803 4.481760 0.057302
0.079309 4.519448 0.056374
0.079816 4.408145 0.057208
0.080323 4.527651 0.059979
0.080830 4.541521 0.058754
0.081336 4.513467 0.058816
0.081843 4.404973 0.057741
0.082350 4.526247 0.058689
0.082857 4.292807 0.057231
0.083363 4.416192 0.058946
0.083870 4.598386 0.059052
0.084377 4.529311 0.059643
0.084884 4.419370 0.058945
0.085390 4.434768 0.056938
0.085897 4.452329 0.059790
0.086404 4.449617 0.059964
0.086911 4.422980 0.058732
0.087417 4.335136 0.056617
0.087924 4.467590 0.057962
0.088431 4.448424 0.056741
0.088938 4.443441 0.058687
0.089444 4.491298 0.060418
0.089951 4.418567 0.057388
0.090458 4.366512 0.059216
0.090965 4.411907 0.059805
0.091471 4.432431 0.057654
0.091978 4.432948 0.059308
0.092485 4.394570 0.057185
0.092992 4.306891 0.057432
0.093498 4.363196 0.059557
0.094005 4.399449 0.056953
0.094512 4.385780 0.055613
0.095019 4.406780 0.058556
0.095525 4.391303 0.055793
0.096032 4.340986 0.056507
0.096539 4.254960 0.055039
0.097046 4.377075 0.056153
0.097552 4.296416 0.054666
0.098059 4.360847 0.057446
0.098566 4.336224 0.058657
0.099073 4.343857 0.057445
0.099579 4.316180 0.055481
0.100086 4.322123 0.056795
0.100593 4.434373 0.057710
0.101100 4.330073 0.055525
0.101606 4.253920 0.053975
0.102113 4.372109 0.053750
0.102620 4.326440 0.058539
0.103127 4.371300 0.055928
0.103633 4.201115 0.055598
0.104140 4.335693 0.058076
0.104647 4.271043 0.057333
0.105154 4.335968 0.055894
0.105660 4.367054 0.057739
0.106167 4.369522 0.057142
0.106674 4.416201 0.054633
0.107181 4.274304 0.053169
0.107687 4.286737 0.054441
0.108194 4.329211 0.054852
0.108701 4.269484 0.053824
0.109208 4.264660 0.054785
0.109714 4.336469 0.053793
0.110221 4.163590 0.051189
0.110728 4.262183 0.052403
0.111235 4.258587 0.053151
0.111741 4.284074 0.050287
0.112248 4.253653 0.051181
0.112755 4.251782 0.049944
0.113262 4.306928 0.051256
0.113768 4.254014 0.050489
0.114275 4.269238 0.049356
0.114782 4.205424 0.050426
0.115289 4.224804 0.049965
0.115795 4.219819 0.048308
0.116302 4.194021 0.050250
0.116809 4.147277 0.047810
0.117316 4.226161 0.049124
0.117822 4.218093 0.047110
0.118329 4.243922 0.049119
0.118836 4.244677 0.049572
0.119342 4.293445 0.048902
0.119849 4.185223 0.046763
0.120356 4.212348 0.049251
0.120863 4.205402 0.048615
0.121369 4.205082 0.048804
0.121876 4.151752 0.048193
0.122383 4.234650 0.047482
0.122890 4.219405 0.048409
0.123396 4.165047 0.048319
0.123903 4.124446 0.046819
0.124410 4.198567 0.047511
0.124917 4.152486 0.045332
0.125423 4.216934 0.046359
0.125930 4.167533 0.046480
0.126437 4.197148 0.046213
0.126944 4.246960 0.046193
0.127450 4.205790 0.046609
0.127957 4.175867 0.046499
0.128464 4.216210 0.046289
0.128970 4.145899 0.045079
0.129477 4.123284 0.045924
0.129984 4.176410 0.045498
0.130491 4.156396 0.046208
0.130997 4.154159 0.046069
0.131504 4.234434 0.045079
0.132011 4.151753 0.044754
0.132518 4.179403 0.045096
0.133024 4.232588 0.045089
0.133531 4.194820 0.044571
0.134038 4.255135 0.045131
0.134545 4.188161 0.045480
0.135051 4.144036 0.045151
0.135558 4.167092 0.044311
0.136065 4.206028 0.044050
0.136571 4.053212 0.042328
0.137078 4.209741 0.044305
0.137585 4.188904 0.043251
0.138092 4.191087 0.044047
0.138598 4.148038 0.043065
0.139105 4.173238 0.043693
0.139612 4.158519 0.042835
0.140119 4.160921 0.042752
0.140625 4.219453 0.043467
0.141132 4.123614 0.043166
0.141639 4.144878 0.042007
0.142145 4.067018 0.042662
0.142652 4.188225 0.044490
0.143159 4.192054 0.042932
0.143666 4.128577 0.042501
0.144172 4.099702 0.041292
0.144679 4.096114 0.041818
0.145186 4.136487 0.041021
0.145692 4.097097 0.040810
0.146199 4.179304 0.041502
0.146706 4.093253 0.041034
0.147213 4.105103 0.041771
0.147719 4.170772 0.041178
0.148226 4.121829 0.041619
0.148733 4.090045 0.039967
0.149240 4.084498 0.040758
0.149746 4.138895 0.040938
0.150253 4.175230 0.041342
0.150760 4.084314 0.041413
0.151266 4.053001 0.040587
0.151773 4.110268 0.040961
0.152280 4.115085 0.040755
0.152787 4.067058 0.039986
0.153293 4.061395 0.040091
0.153800 4.069039 0.039177
0.154307 4.061817 0.041273
0.154813 4.097241 0.040603
0.155320 4.090208 0.040115
0.155827 4.102329 0.039382
0.156334 4.055261 0.039863
0.156840 4.098341 0.038959
0.157347 4.113921 0.039352
0.157854 4.048026 0.039256
0.158360 4.137857 0.039366
0.158867 4.085029 0.039222
0.159374 4.070372 0.039231
0.159881 4.039582 0.040075
0.160387 4.079610 0.039542
0.160894 4.028640 0.039249
0.161401 4.041433 0.038408
0.161907 4.083862 0.039802
0.162414 4.079137 0.038726
0.162921 4.029529 0.039273
0.163427 4.103726 0.039436
0.163934 4.034989 0.038570
0.164441 4.027517 0.038010
0.164948 4.082728 0.038401
0.165454 4.104922 0.038761
0.165961 3.990300 0.037870
0.166468 4.045340 0.038365
0.166974 4.007298 0.038213
0.167481 4.063943 0.037566
0.167988 4.042026 0.037953
0.168495 4.054580 0.038241
0.169001 4.112965 0.039109
0.169508 3.954636 0.037760
0.170015 4.018264 0.038850
0.170521 4.026750 0.038715
0.171028 3.991116 0.037618
0.171535 3.983109 0.038058
0.172041 4.006922 0.039298
0.172548 4.007728 0.039302
0.173055 4.035702 0.038188
0.173562 4.051079 0.038702
0.174068 4.009427 0.039808
0.174575 4.060445 0.039281
0.175082 4.031969 0.039806
0.175588 3.987289 0.039249
0.176095 4.054900 0.039305
0.176602 4.095938 0.039696
0.177108 4.043250 0.038363
0.177615 3.995187 0.038764
0.178122 3.985946 0.038662
0.178629 3.939889 0.037547
0.179135 4.027195 0.039385
0.179642 3.969132 0.039022
0.180149 4.045065 0.040182
0.180655 3.950347 0.038813
0.181162 4.001508 0.039721
0.181669 3.963377 0.038319
0.182175 3.981628 0.039126
0.182682 3.972197 0.040457
0.183189 4.013896 0.039982
0.183695 4.020161 0.038614
0.184202 4.039354 0.040665
0.184709 4.077099 0.040193
0.185216 4.015084 0.040699
0.185722 4.032369 0.040321
0.186229 3.975035 0.041100
0.186736 3.963734 0.040769
0.187242 3.990480 0.040909
0.187749 4.034550 0.040369
0.188256 3.981376 0.041215
0.188762 3.965155 0.041623
0.189269 4.050213 0.041386
0.189776 3.983465 0.041649
0.190282 3.925183 0.041211
0.190789 4.006540 0.041755
0.191296 4.052206 0.041057
0.191802 3.987918 0.042114
0.192309 3.944910 0.040694
0.192816 3.981171 0.041727
0.193323 4.045979 0.042393
0.193829 3.993131 0.041023
0.194336 4.040730 0.041824
0.194843 3.947848 0.041774
0.195349 4.032338 0.043048
0.195856 3.967029 0.042466
0.196363 3.984835 0.042361
0.196869 4.034433 0.042472
0.197376 4.006059 0.042055
0.197883 4.017937 0.043197
0.198389 3.918872 0.042015
0.198896 3.966787 0.041919
0.199403 3.899298 0.042071
0.199909 3.940088 0.041813
0.200416 3.985986 0.042855
0.200923 3.970261 0.042751
0.201429 3.956600 0.042373
0.201936 3.940065 0.042025
0.202443 3.964525 0.042220
0.202949 3.957616 0.042244
0.203456 3.965576 0.042479
0.203963 3.999872 0.044101
0.204469 3.968372 0.042423
0.204976 3.933495 0.041187
0.205483 4.050814 0.043508
0.205989 3.970642 0.043820
0.206496 3.956783 0.042454
0.207003 3.907436 0.041489
0.207509 3.999568 0.043657
0.208016 3.916965 0.041802
0.208523 3.952960 0.042729
0.209029 3.994541 0.043264
0.209536 3.928579 0.042490
0.210043 3.977265 0.042088
0.210549 3.932050 0.042254
0.211056 3.963232 0.042985
0.211563 3.935710 0.042531
0.212069 3.966261 0.041761
0.212576 3.887572 0.042138
0.213083 3.828952 0.041564
0.213589 3.961458 0.042504
0.214096 4.012215 0.042864
0.214603 3.854454 0.041667
0.215109 3.929569 0.041451
0.215616 3.937340 0.041919
0.216123 3.942755 0.043192
0.216629 3.896919 0.040935
0.217136 3.882220 0.041955
0.217643 3.931264 0.041550
0.218149 3.870051 0.042406
0.218656 3.898946 0.041225
0.219163 3.869661 0.041465
0.219669 3.796053 0.041128
0.220176 3.886713 0.041193
0.220683 3.776372 0.042224
0.221189 3.840026 0.041730
0.221696 3.925944 0.042291
0.222203 3.937824 0.041377
0.222709 3.878365 0.042088
0.223216 3.855959 0.041093
0.223722 3.846922 0.041476
0.224229 3.872545 0.041626
0.224736 3.854439 0.041164
0.225242 3.756726 0.041641
0.225749 3.816551 0.042093
0.226256 3.880314 0.040501
0.226762 3.809741 0.040962
0.227269 3.832294 0.039674
0.227776 3.868942 0.040162
0.228282 3.863224 0.040650
0.228789 3.848396 0.040100
0.229296 3.833620 0.039123
0.229802 3.886423 0.039656
0.230309 3.895384 0.041511
0.230816 3.798576 0.039768
0.231322 3.920486 0.039663
0.231829 3.808626 0.038971
0.232335 3.898797 0.039944
0.232842 3.846024 0.039410
0.233349 3.864319 0.039587
0.233855 3.849122 0.039787
0.234362 3.828000 0.039236
0.234869 3.895566 0.040473
0.235375 3.846920 0.039537
0.235882 3.824449 0.038816
0.236389 3.801394 0.038420
0.236895 3.804648 0.037881
0.237402 3.840064 0.039160
0.237908 3.904681 0.039679
0.238415 3.888679 0.038005
0.238922 3.780749 0.039629
0.239428 3.772336 0.037767
0.239935 3.825492 0.038519
0.240442 3.815358 0.038368
0.240948 3.820383 0.038122
0.241455 3.865117 0.038004
0.241962 3.843938 0.038420
0.242468 3.808463 0.037611
0.242975 3.881535 0.037104
0.243481 3.824095 0.037379
0.243988 3.857751 0.037445
0.244495 3.804424 0.037118
0.245001 3.809710 0.037248
0.245508 3.814995 0.037851
0.246015 3.807297 0.037675
0.246521 3.823868 0.038299
0.247028 3.857481 0.037693
0.247534 3.781070 0.037760
0.248041 3.795285 0.036630
0.248548 3.790492 0.036314
0.249054 3.797482 0.037604
0.249561 3.803069 0.035755
0.250068 3.780463 0.036937
0.250574 3.776425 0.036685
0.251081 3.765104 0.036682
0.251587 3.817034 0.037177
0.252094 3.789403 0.035916
0.252601 3.814024 0.036444
0.253107 3.794088 0.036077
0.253614 3.820083 0.036439
0.254120 3.792487 0.037187
0.254627 3.814966 0.036207
0.255134 3.726334 0.035951
0.255640 3.787352 0.036207
0.256147 3.790932 0.036738
0.256654 3.801171 0.036463
0.257160 3.765920 0.036156
0.257667 3.761163 0.035305
0.258173 3.769290 0.035446
0.258680 3.738811 0.034768
0.259187 3.819295 0.034852
0.259693 3.749958 0.035561
0.260200 3.779987 0.035279
0.260706 3.760768 0.035296
0.261213 3.799578 0.035617
0.261720 3.765014 0.035771
0.262226 3.779040 0.036033
0.262733 3.777477 0.034988
0.263239 3.742736 0.034654
0.263746 3.797643 0.035486
0.264253 3.769949 0.034924
0.264759 3.764635 0.035557
0.265266 3.729785 0.034069
0.265772 3.803368 0.034665
0.266279 3.745233 0.035183
0.266786 3.772025 0.035594
0.267292 3.677965 0.034375
0.267799 3.685465 0.033929
0.268305 3.792849 0.034526
0.268812 3.757224 0.034541
0.269319 3.750330 0.033748
0.269825 3.737465 0.033762
0.270332 3.715017 0.034218
0.270838 3.700472 0.033839
0.271345 3.718929 0.033414
0.271852 3.748946 0.034663
0.272358 3.734451 0.033330
0.272865 3.728948 0.033536
0.273371 3.717719 0.034140
0.273878 3.733461 0.033832
0.274385 3.789169 0.034301
0.274891 3.692026 0.033065
0.275398 3.799041 0.033398
0.275904 3.675565 0.033045
0.276411 3.676460 0.033646
0.276917 3.722496 0.034079
0.277424 3.695352 0.033238
0.277931 3.710766 0.033549
0.278437 3.707923 0.033533
0.278944 3.652798 0.033076
0.279450 3.720924 0.033737
0.279957 3.678064 0.033902
0.280464 3.732403 0.033197
0.280970 3.807162 0.033929
0.281477 3.698010 0.033838
0.281983 3.754590 0.033080
0.282490 3.743228 0.034047
0.282996 3.693638 0.033190
0.283503 3.672547 0.032456
0.284010 3.769549 0.033519
0.284516 3.706446 0.032828
0.285023 3.717115 0.033041
0.285529 3.695421 0.032969
0.286036 3.703986 0.032710
0.286542 3.691639 0.033096
0.287049 3.689845 0.032772
0.287556 3.697180 0.032035
0.288062 3.718732 0.033130
0.288569 3.705212 0.032186
0.289075 3.727190 0.033670
0.289582 3.691702 0.032631
0.290088 3.680898 0.033142
0.290595 3.653305 0.032554
0.291102 3.711263 0.032302
0.291608 3.642477 0.032512
0.292115 3.610281 0.032828
0.292621 3.688288 0.032886
0.293128 3.661415 0.032323
0.293634 3.708886 0.033345
0.294141 3.660983 0.033558
0.294647 3.701343 0.033068
0.295154 3.636477 0.032301
0.295661 3.644930 0.032196
0.296167 3.647265 0.033076
0.296674 3.675243 0.033129
0.297180 3.674262 0.032923
0.297687 3.601933 0.033510
0.298193 3.657717 0.032133
0.298700 3.590731 0.033069
0.299206 3.585517 0.032220
0.299713 3.594390 0.032560
0.300220 3.669854 0.032361
0.300726 3.574499 0.032831
0.301233 3.666084 0.032705
0.301739 3.647548 0.032864
0.302246 3.621455 0.032479
0.302752 3.633472 0.032714
0.303259 3.602970 0.032138
0.303765 3.535464 0.032631
0.304272 3.595453 0.032227
0.304779 3.642032 0.032753
0.305285 3.665391 0.032421
0.305792 3.569983 0.031759
0.306298 3.657024 0.033141
0.306805 3.639550 0.032412
0.307311 3.641779 0.032227
0.307818 3.569176 0.031539
0.308324 3.633061 0.032779
0.308831 3.565350 0.032002
0.309337 3.599504 0.031924
0.309844 3.579103 0.032965
0.310350 3.592876 0.032890
0.310857 3.553534 0.033092
0.311364 3.626641 0.033212
0.311870 3.609296 0.034162
0.312377 3.641573 0.033978
0.312883 3.549605 0.034207
0.313390 3.620824 0.034453
0.313896 3.592095 0.035189
0.314403 3.618364 0.034393
0.314909 3.648337 0.034626
0.315416 3.645520 0.035096
0.315922 3.657712 0.035104
0.316429 3.585616 0.034460
0.316935 3.640461 0.035656
0.317442 3.564313 0.036302
0.317948 3.607101 0.035523
0.318455 3.596646 0.035139
0.318961 3.551515 0.036042
0.319468 3.633483 0.035761
0.319975 3.556479 0.035457
0.320481 3.642329 0.035971
0.320988 3.606973 0.035351
0.321494 3.587628 0.035984
0.322001 3.640726 0.036322
0.322507 3.567473 0.035177
0.323014 3.587709 0.035229
0.323520 3.598193 0.035222
0.324027 3.580187 0.035615
0.324533 3.613372 0.035914
0.325040 3.572005 0.035035
0.325546 3.631327 0.034711
0.326053 3.604617 0.035366
0.326559 3.530005 0.033761
0.327066 3.590127 0.035895
0.327572 3.609908 0.035568
0.328079 3.639948 0.036362
0.328585 3.623551 0.036367
0.329092 3.551725 0.033607
0.329598 3.592428 0.035779
0.330105 3.557976 0.035785
0.330611 3.636286 0.035795
0.331118 3.577963 0.036521
0.331624 3.540019 0.035411
0.332131 3.554712 0.035540
0.332637 3.597702 0.036317
0.333144 3.584047 0.036156
0.333650 3.595662 0.036823
0.334157 3.623665 0.037278
0.334663 3.578272 0.036043
0.335170 3.555645 0.036091
0.335676 3.598805 0.035959
0.336183 3.528355 0.035750
0.336689 3.558534 0.036313
0.337196 3.541897 0.035568
0.337702 3.552608 0.035941
0.338209 3.675324 0.036343
0.338715 3.532879 0.035869
0.339222 3.577443 0.035950
0.339728 3.560257 0.035580
0.340235 3.557455 0.036581
0.340741 3.551123 0.035359
0.341248 3.607512 0.036685
0.341754 3.494309 0.036990
0.342261 3.594579 0.037730
0.342767 3.613115 0.036776
0.343274 3.554437 0.035657
0.343780 3.485480 0.037311
0.344287 3.532733 0.036813
0.344793 3.560478 0.036797
0.345300 3.540294 0.036550
0.345806 3.554350 0.036857
0.346313 3.511787 0.037185
0.346819 3.574286 0.036199
0.347325 3.596758 0.036576
0.347832 3.613909 0.036375
0.348338 3.564902 0.036834
0.348845 3.568603 0.036271
0.349351 3.531398 0.036528
0.349858 3.555125 0.037005
0.350364 3.501955 0.036060
0.350871 3.559317 0.036519
0.351377 3.510414 0.037046
0.351884 3.529944 0.036892
0.352390 3.552509 0.037507
0.352897 3.515455 0.037264
0.353403 3.577428 0.036786
0.353910 3.550656 0.037072
0.354416 3.565428 0.037012
0.354923 3.516836 0.035802
0.355429 3.540719 0.035738
0.355935 3.508176 0.035468
0.356442 3.500421 0.034918
0.356948 3.585862 0.034288
0.357455 3.485787 0.035075
0.357961 3.503317 0.034753
0.358468 3.473380 0.035758
0.358974 3.461533 0.035108
0.359481 3.534919 0.035104
0.359987 3.517157 0.035377
0.360494 3.512014 0.035510
0.361000 3.534747 0.035293
0.361506 3.507471 0.035908
0.362013 3.496873 0.034824
0.362519 3.558348 0.035664
0.363026 3.528619 0.035408
0.363532 3.490134 0.035497
0.364039 3.524955 0.035892
0.364545 3.538480 0.035956
0.365052 3.515975 0.035787
0.365558 3.476373 0.035716
0.366064 3.482248 0.035887
0.366571 3.487967 0.036367
0.367077 3.447793 0.035647
0.367584 3.448935 0.035328
0.368090 3.507866 0.037052
0.368597 3.514546 0.035033
0.369103 3.489642 0.037436
0.369610 3.477565 0.037014
0.370116 3.469459 0.037307
0.370622 3.425840 0.037093
0.371129 3.473158 0.038604
0.371635 3.439271 0.037839
0.372142 3.369603 0.037023
0.372648 3.509999 0.038304
0.373155 3.465895 0.038193
0.373661 3.459658 0.037826
0.374167 3.477550 0.037193
0.374674 3.443050 0.038491
0.375180 3.522781 0.037767
0.375687 3.457862 0.037451
0.376193 3.491773 0.038815
0.376700 3.532527 0.037859
0.377206 3.483970 0.038668
0.377712 3.504970 0.038820
0.378219 3.454203 0.038242
0.378725 3.561709 0.041201
0.379232 3.442719 0.039237
0.379738 3.447482 0.040387
0.380245 3.396025 0.038467
0.380751 3.453298 0.038970
0.381257 3.468288 0.039489
0.381764 3.505840 0.041882
0.382270 3.504981 0.039940
0.382777 3.431775 0.041040
0.383283 3.516936 0.041156
0.383789 3.498823 0.040488
0.384296 3.495366 0.038979
0.384802 3.529046 0.041244
0.385309 3.443882 0.041855
0.385815 3.444318 0.040884
0.386321 3.455276 0.041247
0.386828 3.488730 0.042980
0.387334 3.417088 0.041830
0.387841 3.391266 0.042051
0.388347 3.388688 0.042933
0.388853 3.522006 0.042575
0.389360 3.450824 0.042085
0.389866 3.396741 0.042420
0.390373 3.390638 0.042248
0.390879 3.430651 0.042403
0.391385 3.492344 0.043656
0.391892 3.410020 0.043184
0.392398 3.384647 0.043801
0.392905 3.381925 0.043824
0.393411 3.366565 0.043361
0.393917 3.410983 0.043477
0.394424 3.446069 0.047574
0.394930 3.395113 0.045272
0.395437 3.479613 0.045959
0.395943 3.380479 0.045221
0.396449 3.414259 0.043518
0.396956 3.424825 0.046271
0.397462 3.461436 0.047861
0.397969 3.468867 0.045887
0.398475 3.407984 0.044588
0.398981 3.424199 0.047967
0.399488 3.461842 0.045757
0.399994 3.383569 0.047369
0.400500 3.372661 0.047350
0.401007 3.404868 0.046300
0.401513 3.421962 0.049110
0.402020 3.417364 0.048771
0.402526 3.446843 0.049101
0.403032 3.336465 0.049160
0.403539 3.365633 0.047962
0.404045 3.396352 0.047357
0.404551 3.437794 0.049143
0.405058 3.420225 0.049094
0.405564 3.405211 0.050294
0.406071 3.399656 0.049691
0.406577 3.412363 0.049221
0.407083 3.380130 0.049698
0.407590 3.423252 0.049789
0.408096 3.359126 0.051523
0.408602 3.363556 0.049234
0.409109 3.420590 0.049849
0.409615 3.372571 0.049790
0.410121 3.485184 0.050703
0.410628 3.384264 0.050404
0.411134 3.364105 0.048483
0.411641 3.418274 0.052504
0.412147 3.359094 0.051503
0.412653 3.423393 0.049657
0.413160 3.434437 0.051908
0.413666 3.310623 0.052633
0.414172 3.317727 0.050714
0.414679 3.297478 0.050894
0.415185 3.237586 0.049878
0.415691 3.346712 0.052830
0.416198 3.354582 0.051236
0.416704 3.356755 0.051544
0.417210 3.283166 0.052642
0.417717 3.271551 0.050687
0.418223 3.328810 0.051972
0.418729 3.347893 0.053298
0.419236 3.278740 0.052970
0.419742 3.317499 0.053589
0.420248 3.358017 0.051930
0.420755 3.331121 0.050310
0.421261 3.426750 0.055929
0.421767 3.335324 0.052079
0.422274 3.433057 0.055606
0.422780 3.397906 0.055949
0.423286 3.218115 0.051035
0.423793 3.389554 0.054437
0.424299 3.373392 0.057094
0.424805 3.341289 0.055597
0.425312 3.313980 0.053704
0.425818 3.480327 0.057868
0.426324 3.427784 0.058136
0.426831 3.214856 0.055526
0.427337 3.405648 0.056417
0.427843 3.258451 0.056314
0.428350 3.295826 0.057959
0.428856 3.410062 0.058049
0.429362 3.378756 0.058178
0.429869 3.283053 0.060129
0.430375 3.223621 0.061057
0.430881 3.384350 0.059516
0.431388 3.350558 0.060435
0.431894 3.359204 0.059404
0.432400 3.401117 0.061433
0.432907 3.366599 0.061989
0.433413 3.374487 0.064876
0.433919 3.338862 0.063865
0.434425 3.409965 0.063383
0.434932 3.342730 0.067498
0.435438 3.356325 0.062510
0.435944 3.360682 0.063276
0.436451 3.235465 0.064710
0.436957 3.324778 0.065756
0.437463 3.356450 0.067537
0.437970 3.517396 0.069659
0.438476 3.248480 0.067834
0.438982 3.339639 0.073245
0.439488 3.249657 0.065001
0.439995 3.375735 0.068645
