0.009882 109.944842 24.061350
0.010389 63.213017 13.372727
0.010896 71.077235 14.119974
0.011402 56.818458 10.150719
0.011909 33.561581 6.184034
0.012416 37.538677 6.752400
0.012923 27.959079 4.090893
0.013430 24.702870 3.512389
0.013936 19.641169 2.499564
0.014443 19.145449 1.697546
0.014950 16.406388 1.097696
0.015457 15.212465 0.831989
0.015963 14.687641 0.627360
0.016470 13.030808 0.550207
0.016977 12.314420 0.406230
0.017484 11.822717 0.394194
0.017990 10.995160 0.312313
0.018497 10.445680 0.241915
0.019004 10.138895 0.235329
0.019511 9.614174 0.224333
0.020018 8.898095 0.194404
0.020524 8.647912 0.184840
0.021031 8.656016 0.197587
0.021538 8.159995 0.177904
0.022045 8.007166 0.155263
0.022551 7.574030 0.165707
0.023058 7.685221 0.159010
0.023565 7.456680 0.160472
0.024072 7.040403 0.156480
0.024579 6.848111 0.136528
0.025085 6.825649 0.128805
0.025592 6.531499 0.136879
0.026099 6.724971 0.137253
0.026606 6.400173 0.121566
0.027112 6.265999 0.127873
0.027619 6.203571 0.125092
0.028126 6.260237 0.126418
0.028633 6.226303 0.114593
0.029139 5.943116 0.118055
0.029646 6.042709 0.111372
0.030153 5.863248 0.108794
0.030660 5.749667 0.110998
0.031167 5.730648 0.107532
0.031673 5.712435 0.116739
0.032180 5.736115 0.104851
0.032687 5.622453 0.102982
0.033194 5.550137 0.100105
0.033700 5.668216 0.103898
0.034207 5.498360 0.101058
0.034714 5.340358 0.098743
0.035221 5.294696 0.095661
0.035727 5.435981 0.101676
0.036234 5.521149 0.098970
0.036741 5.141628 0.089224
0.037248 5.355394 0.093428
0.037755 5.210369 0.094702
0.038261 5.265602 0.092448
0.038768 5.207538 0.091520
0.039275 5.274791 0.092493
0.039782 5.072309 0.091832
0.040288 5.104319 0.087936
0.040795 5.034751 0.089266
0.041302 5.210622 0.089249
0.041809 5.030873 0.083228
0.042315 5.172043 0.090899
0.042822 5.130540 0.085608
0.043329 5.084812 0.087679
0.043836 4.896965 0.083678
0.044343 4.891432 0.081916
0.044849 5.092702 0.085857
0.045356 4.785690 0.083703
0.045863 4.928576 0.077727
0.046370 5.003102 0.081808
0.046876 4.891226 0.079690
0.047383 4.872931 0.080193
0.047890 4.863947 0.079072
0.048397 4.817792 0.080581
0.048903 4.887506 0.078963
0.049410 4.783113 0.073961
0.049917 4.928869 0.077578
0.050424 4.925670 0.079511
0.050931 4.853607 0.075065
0.051437 4.964750 0.074793
0.051944 4.740799 0.072155
0.052451 4.808386 0.074302
0.052958 4.707545 0.071645
0.053464 4.732787 0.074558
0.053971 4.639506 0.070940
0.054478 4.715144 0.071086
0.054985 4.649763 0.069716
0.055491 4.658538 0.074777
0.055998 4.722794 0.071242
0.056505 4.696969 0.070913
0.057012 4.715795 0.070023
0.057519 4.644532 0.069407
0.058025 4.712315 0.069646
0.058532 4.616464 0.065325
0.059039 4.728661 0.071007
0.059546 4.581206 0.068781
0.060052 4.617109 0.066801
0.060559 4.622112 0.065965
0.061066 4.681313 0.067253
0.061573 4.618067 0.065457
0.062079 4.612121 0.064861
0.062586 4.676917 0.066889
0.063093 4.578182 0.064312
0.063600 4.565849 0.063631
0.064106 4.674000 0.066670
0.064613 4.594374 0.066494
0.065120 4.711200 0.065631
0.065627 4.634408 0.064186
0.066134 4.637064 0.064430
0.066640 4.537782 0.063532
0.067147 4.550615 0.063834
0.067654 4.567324 0.060916
0.068161 4.685797 0.063506
0.068667 4.472658 0.062035
0.069174 4.537828 0.062260
0.069681 4.525653 0.061383
0.070188 4.563529 0.063675
0.070694 4.556622 0.063687
0.071201 4.566997 0.061986
0.071708 4.694077 0.060110
0.072215 4.444975 0.059075
0.072721 4.439035 0.059102
0.073228 4.503361 0.060118
0.073735 4.408275 0.058642
0.074242 4.460519 0.058103
0.074748 4.425125 0.061394
0.075255 4.502581 0.060847
0.075762 4.454906 0.060102
0.076269 4.481477 0.059877
0.076776 4.489231 0.058644
0.077282 4.472875 0.059460
0.077789 4.480008 0.056984
0.078296 4.481246 0.058527
0.078803 4.534522 0.055166
0.079309 4.426154 0.055217
0.079816 4.536804 0.057141
0.080323 4.604113 0.060431
0.080830 4.428915 0.057935
0.081336 4.401444 0.058890
0.081843 4.440896 0.059164
0.082350 4.414842 0.059372
0.082857 4.552310 0.059985
0.083363 4.533542 0.057820
0.083870 4.528303 0.059475
0.084377 4.528520 0.059443
0.084884 4.481988 0.060049
0.085390 4.543375 0.056366
0.085897 4.466428 0.056841
0.086404 4.503686 0.058682
0.086911 4.451904 0.059064
0.087417 4.361664 0.056651
0.087924 4.531224 0.057589
0.088431 4.445264 0.059120
0.088938 4.426099 0.057668
0.089444 4.548769 0.057056
0.089951 4.328755 0.056080
0.090458 4.401707 0.056143
0.090965 4.340125 0.055864
0.091471 4.349135 0.058505
0.091978 4.506201 0.060948
0.092485 4.438620 0.058588
0.092992 4.382127 0.058945
0.093498 4.396020 0.057183
0.094005 4.378081 0.058322
0.094512 4.433925 0.058905
0.095019 4.328940 0.057497
0.095525 4.290336 0.056822
0.096032 4.367972 0.056409
0.096539 4.342511 0.058345
0.097046 4.476729 0.057586
0.097552 4.335945 0.057375
0.098059 4.370560 0.057443
0.098566 4.394403 0.054042
0.099073 4.371244 0.057447
0.099579 4.383173 0.056217
0.100086 4.395758 0.058703
0.100593 4.332537 0.056957
0.101100 4.277813 0.056895
0.101606 4.355292 0.055367
0.102113 4.313218 0.056497
0.102620 4.328983 0.057374
0.103127 4.306023 0.056776
0.103633 4.377316 0.058086
0.104140 4.399429 0.058452
0.104647 4.310306 0.055979
0.105154 4.234137 0.058126
0.105660 4.282983 0.057216
0.106167 4.184483 0.055920
0.106674 4.291424 0.057641
0.107181 4.330960 0.055338
0.107687 4.279701 0.053448
0.108194 4.247713 0.053126
0.108701 4.266079 0.052575
0.109208 4.329161 0.054451
0.109714 4.266343 0.051807
0.110221 4.291771 0.053075
0.110728 4.300864 0.052547
0.111235 4.297218 0.052772
0.111741 4.148206 0.050982
0.112248 4.217696 0.052173
0.112755 4.270565 0.049969
0.113262 4.227543 0.050408
0.113768 4.230963 0.050686
0.114275 4.278473 0.050566
0.114782 4.278277 0.050076
0.115289 4.398011 0.050417
0.115795 4.237814 0.049210
0.116302 4.236136 0.048929
0.116809 4.275043 0.049278
0.117316 4.304337 0.050123
0.117822 4.282700 0.048218
0.118329 4.228885 0.049675
0.118836 4.236437 0.048551
0.119342 4.242251 0.048295
0.119849 4.234209 0.047792
0.120356 4.181350 0.049034
0.120863 4.143846 0.048110
0.121369 4.188880 0.046993
0.121876 4.161753 0.048111
0.122383 4.095908 0.046480
0.122890 4.252628 0.049038
0.123396 4.283116 0.047155
0.123903 4.181822 0.047596
0.124410 4.202308 0.046152
0.124917 4.174227 0.048188
0.125423 4.153065 0.045755
0.125930 4.178788 0.047355
0.126437 4.244372 0.047356
0.126944 4.197341 0.046410
0.127450 4.196360 0.045691
0.127957 4.254511 0.046486
0.128464 4.231692 0.046153
0.128970 4.168583 0.044885
0.129477 4.222343 0.045258
0.129984 4.195943 0.043923
0.130491 4.200035 0.045034
0.130997 4.177082 0.045096
0.131504 4.209551 0.044717
0.132011 4.199704 0.045071
0.132518 4.182323 0.043903
0.133024 4.235023 0.045258
0.133531 4.149093 0.044646
0.134038 4.119071 0.043115
0.134545 4.286761 0.044446
0.135051 4.236598 0.044810
0.135558 4.150382 0.044979
0.136065 4.145364 0.044099
0.136571 4.174342 0.044102
0.137078 4.128588 0.042796
0.137585 4.165423 0.043847
0.138092 4.138320 0.043426
0.138598 4.159936 0.043298
0.139105 4.144724 0.041978
0.139612 4.139082 0.043143
0.140119 4.214452 0.042979
0.140625 4.201116 0.043405
0.141132 4.173608 0.042004
0.141639 4.115053 0.041460
0.142145 4.168161 0.043471
0.142652 4.158579 0.042061
0.143159 4.120949 0.042094
0.143666 4.220865 0.041716
0.144172 4.084058 0.041475
0.144679 4.187576 0.041868
0.145186 4.084491 0.042392
0.145692 4.162000 0.042181
0.146199 4.140148 0.041962
0.146706 4.102118 0.041145
0.147213 4.094930 0.039933
0.147719 4.137986 0.041072
0.148226 4.059882 0.040303
0.148733 4.076525 0.040730
0.149240 4.151751 0.040432
0.149746 4.078338 0.041530
0.150253 4.139454 0.041146
0.150760 4.115384 0.040263
0.151266 4.118931 0.040912
0.151773 4.118571 0.041316
0.152280 4.121188 0.039437
0.152787 4.046875 0.041075
0.153293 4.080675 0.040837
0.153800 4.025329 0.039468
0.154307 4.086033 0.040764
0.154813 4.062530 0.040714
0.155320 4.106294 0.040156
0.155827 4.109072 0.039129
0.156334 4.141831 0.039341
0.156840 4.141844 0.039494
0.157347 4.025624 0.039761
0.157854 4.021218 0.039477
0.158360 4.050270 0.039166
0.158867 4.111935 0.038883
0.159374 4.097249 0.038135
0.159881 4.072061 0.040335
0.160387 4.045134 0.038849
0.160894 4.080149 0.039461
0.161401 4.051352 0.039061
0.161907 4.063818 0.038856
0.162414 3.989624 0.037910
0.162921 4.045834 0.038645
0.163427 4.036588 0.037429
0.163934 4.049268 0.038487
0.164441 4.047824 0.038326
0.164948 4.071887 0.039035
0.165454 4.007248 0.038974
0.165961 3.989196 0.038046
0.166468 4.058648 0.037157
0.166974 4.058055 0.038266
0.167481 4.084298 0.038072
0.167988 4.021396 0.037536
0.168495 4.081535 0.038360
0.169001 4.055084 0.039629
0.169508 4.010506 0.039034
0.170015 4.066082 0.038618
0.170521 4.011035 0.039224
0.171028 4.032558 0.039337
0.171535 4.033681 0.039140
0.172041 4.064971 0.038541
0.172548 4.043372 0.038950
0.173055 4.006188 0.037614
0.173562 4.024622 0.038011
0.174068 4.043232 0.039356
0.174575 3.996943 0.038463
0.175082 3.956104 0.038638
0.175588 4.103979 0.040152
0.176095 3.990062 0.037882
0.176602 3.952296 0.039353
0.177108 4.015729 0.039212
0.177615 4.140163 0.039509
0.178122 4.028180 0.040864
0.178629 4.019679 0.038983
0.179135 4.022520 0.039516
0.179642 4.021399 0.038279
0.180149 4.041602 0.038564
0.180655 4.060186 0.038872
0.181162 4.045840 0.039509
0.181669 3.982247 0.039196
0.182175 4.009622 0.039379
0.182682 3.982104 0.039631
0.183189 3.997365 0.039298
0.183695 4.002761 0.041366
0.184202 3.961100 0.039401
0.184709 4.034022 0.040976
0.185216 4.027802 0.040591
0.185722 4.026462 0.039623
0.186229 4.038785 0.041430
0.186736 4.074614 0.041356
0.187242 3.993902 0.040410
0.187749 3.941268 0.041882
0.188256 3.976988 0.040455
0.188762 3.976880 0.040435
0.189269 3.974058 0.042066
0.189776 3.990991 0.040479
0.190282 4.044755 0.041489
0.190789 3.931368 0.041389
0.191296 4.059785 0.042901
0.191802 3.996819 0.041984
0.192309 3.979106 0.042565
0.192816 4.041132 0.040826
0.193323 4.043705 0.042329
0.193829 3.991763 0.042170
0.194336 4.004086 0.041988
0.194843 3.953744 0.041434
0.195349 3.994099 0.042717
0.195856 4.002345 0.042318
0.196363 4.056164 0.042663
0.196869 3.997323 0.043043
0.197376 4.011041 0.042596
0.197883 4.013836 0.040701
0.198389 4.065359 0.042899
0.198896 3.927879 0.041842
0.199403 3.992084 0.041772
0.199909 3.957998 0.042990
0.200416 3.990591 0.042082
0.200923 3.997044 0.043440
0.201429 4.021961 0.042455
0.201936 4.021638 0.042409
0.202443 3.900356 0.043081
0.202949 3.914348 0.041081
0.203456 3.995759 0.042889
0.203963 4.032395 0.043122
0.204469 3.933962 0.042666
0.204976 3.988857 0.042627
0.205483 3.999508 0.043194
0.205989 3.968749 0.042722
0.206496 3.956760 0.041745
0.207003 3.969221 0.041868
0.207509 3.987207 0.042945
0.208016 4.049003 0.042834
0.208523 3.950621 0.042396
0.209029 3.961073 0.043548
0.209536 3.946992 0.042378
0.210043 3.971253 0.042149
0.210549 4.013017 0.040677
0.211056 3.954682 0.043022
0.211563 4.019072 0.042176
0.212069 3.974115 0.043144
0.212576 3.974580 0.041656
0.213083 3.926018 0.042502
0.213589 3.975288 0.041830
0.214096 3.998353 0.042928
0.214603 3.848815 0.042367
0.215109 4.005813 0.042695
0.215616 3.934143 0.042231
0.216123 3.910544 0.042639
0.216629 3.898317 0.043468
0.217136 3.931632 0.041553
0.217643 3.941873 0.041361
0.218149 3.924807 0.042780
0.218656 3.833578 0.040242
0.219163 3.911821 0.040903
0.219669 3.935946 0.041930
0.220176 3.935228 0.041985
0.220683 3.918381 0.040909
0.221189 3.835496 0.041017
0.221696 3.892166 0.041353
0.222203 3.876018 0.041372
0.222709 3.924788 0.041862
0.223216 3.904734 0.041845
0.223722 3.936093 0.041730
0.224229 3.905367 0.041374
0.224736 3.858488 0.040673
0.225242 3.885242 0.043009
0.225749 3.996450 0.042374
0.226256 3.887309 0.040557
0.226762 3.828008 0.041755
0.227269 3.903553 0.041169
0.227776 3.860732 0.040747
0.228282 3.829209 0.040145
0.228789 3.790937 0.040129
0.229296 3.835738 0.039495
0.229802 3.880461 0.040405
0.230309 3.854258 0.042080
0.230816 3.853119 0.041020
0.231322 3.850544 0.039682
0.231829 3.841704 0.039840
0.232335 3.812127 0.040181
0.232842 3.875237 0.040108
0.233349 3.858569 0.038773
0.233855 3.854948 0.038266
0.234362 3.858996 0.040324
0.234869 3.817915 0.038581
0.235375 3.931220 0.039018
0.235882 3.849309 0.038528
0.236389 3.895260 0.038532
0.236895 3.856177 0.039586
0.237402 3.869860 0.039573
0.237908 3.791860 0.037835
0.238415 3.870435 0.038658
0.238922 3.854149 0.038963
0.239428 3.835743 0.038808
0.239935 3.871262 0.038400
0.240442 3.873985 0.039360
0.240948 3.867644 0.038688
0.241455 3.849554 0.038298
0.241962 3.749265 0.038079
0.242468 3.768558 0.038024
0.242975 3.780570 0.037705
0.243481 3.836615 0.037832
0.243988 3.769909 0.037456
0.244495 3.778528 0.037508
0.245001 3.792236 0.037083
0.245508 3.804863 0.037617
0.246015 3.869779 0.037230
0.246521 3.841706 0.037538
0.247028 3.787203 0.037454
0.247534 3.826616 0.037904
0.248041 3.865479 0.037697
0.248548 3.836373 0.037034
0.249054 3.759331 0.037654
0.249561 3.821721 0.037327
0.250068 3.750431 0.036726
0.250574 3.741715 0.037298
0.251081 3.712094 0.037184
0.251587 3.786202 0.036669
0.252094 3.786165 0.037220
0.252601 3.778208 0.037416
0.253107 3.794800 0.036030
0.253614 3.789737 0.036176
0.254120 3.813645 0.036656
0.254627 3.841831 0.036395
0.255134 3.772182 0.036064
0.255640 3.781461 0.036119
0.256147 3.775518 0.036755
0.256654 3.776222 0.036126
0.257160 3.792005 0.035520
0.257667 3.819224 0.035430
0.258173 3.831974 0.036070
0.258680 3.745557 0.035797
0.259187 3.797941 0.034370
0.259693 3.821574 0.035322
0.260200 3.791745 0.035992
0.260706 3.833589 0.034871
0.261213 3.798566 0.035776
0.261720 3.812582 0.035648
0.262226 3.827249 0.034743
0.262733 3.786754 0.034690
0.263239 3.792787 0.034961
0.263746 3.761246 0.034391
0.264253 3.807451 0.035289
0.264759 3.773597 0.034224
0.265266 3.748001 0.034631
0.265772 3.793598 0.034042
0.266279 3.809904 0.034939
0.266786 3.784947 0.034822
0.267292 3.770383 0.035784
0.267799 3.758949 0.034808
0.268305 3.760594 0.034860
0.268812 3.778664 0.035624
0.269319 3.703546 0.033431
0.269825 3.753070 0.034029
0.270332 3.741930 0.034277
0.270838 3.744575 0.034371
0.271345 3.735564 0.034286
0.271852 3.759689 0.033571
0.272358 3.748038 0.033622
0.272865 3.723000 0.033513
0.273371 3.806929 0.034660
0.273878 3.758075 0.033049
0.274385 3.719991 0.034802
0.274891 3.717568 0.033556
0.275398 3.721724 0.033579
0.275904 3.636918 0.034255
0.276411 3.706982 0.033516
0.276917 3.704443 0.033275
0.277424 3.692302 0.033179
0.277931 3.769318 0.033681
0.278437 3.677842 0.034093
0.278944 3.737636 0.032946
0.279450 3.679753 0.033503
0.279957 3.726838 0.033544
0.280464 3.762625 0.033352
0.280970 3.624346 0.032627
0.281477 3.739577 0.032646
0.281983 3.696864 0.033567
0.282490 3.693072 0.033093
0.282996 3.753326 0.033822
0.283503 3.684850 0.033069
0.284010 3.644007 0.032801
0.284516 3.745768 0.033150
0.285023 3.708753 0.033381
0.285529 3.685760 0.032974
0.286036 3.735876 0.033925
0.286542 3.654338 0.033143
0.287049 3.722652 0.032878
0.287556 3.662968 0.032297
0.288062 3.675413 0.033181
0.288569 3.725951 0.032493
0.289075 3.682986 0.032529
0.289582 3.677053 0.033224
0.290088 3.696862 0.033166
0.290595 3.622494 0.032211
0.291102 3.658207 0.033303
0.291608 3.669432 0.033087
0.292115 3.702589 0.033330
0.292621 3.636758 0.032744
0.293128 3.697568 0.033345
0.293634 3.630096 0.031780
0.294141 3.601430 0.033286
0.294647 3.664790 0.032847
0.295154 3.685651 0.033316
0.295661 3.652736 0.033130
0.296167 3.705530 0.032813
0.296674 3.641635 0.032388
0.297180 3.716775 0.033772
0.297687 3.623349 0.032711
0.298193 3.673368 0.032376
0.298700 3.641907 0.032532
0.299206 3.624194 0.032642
0.299713 3.634864 0.032339
0.300220 3.635138 0.032476
0.300726 3.640120 0.031905
0.301233 3.617420 0.032751
0.301739 3.605681 0.032841
0.302246 3.625596 0.032860
0.302752 3.641763 0.032702
0.303259 3.629328 0.032179
0.303765 3.570070 0.032428
0.304272 3.598405 0.031939
0.304779 3.657004 0.032158
0.305285 3.622478 0.032513
0.305792 3.621339 0.033117
0.306298 3.593778 0.032701
0.306805 3.593394 0.032391
0.307311 3.635057 0.031781
0.307818 3.589684 0.031951
0.308324 3.635233 0.032531
0.308831 3.661986 0.032591
0.309337 3.583247 0.031908
0.309844 3.656165 0.033065
0.310350 3.633909 0.033826
0.310857 3.586124 0.033457
0.311364 3.611945 0.033609
0.311870 3.610596 0.033984
0.312377 3.570587 0.033276
0.312883 3.666950 0.034363
0.313390 3.651706 0.034401
0.313896 3.572978 0.034397
0.314403 3.617358 0.035751
0.314909 3.575114 0.035472
0.315416 3.622648 0.034426
0.315922 3.611494 0.034774
0.316429 3.584930 0.034518
0.316935 3.595478 0.034854
0.317442 3.608098 0.034574
0.317948 3.633379 0.035204
0.318455 3.643234 0.035892
0.318961 3.643462 0.035401
0.319468 3.666937 0.036468
0.319975 3.566824 0.035610
0.320481 3.580582 0.035903
0.320988 3.595917 0.035850
0.321494 3.611633 0.035641
0.322001 3.632662 0.036140
0.322507 3.643636 0.036260
0.323014 3.602752 0.035189
0.323520 3.583097 0.034619
0.324027 3.551823 0.034909
0.324533 3.687972 0.035181
0.325040 3.569187 0.035076
0.325546 3.554357 0.035342
0.326053 3.660778 0.035801
0.326559 3.610408 0.034685
0.327066 3.636798 0.035687
0.327572 3.636410 0.036264
0.328079 3.586983 0.035259
0.328585 3.606693 0.036037
0.329092 3.688012 0.035715
0.329598 3.532457 0.036061
0.330105 3.605534 0.035552
0.330611 3.497890 0.035449
0.331118 3.516798 0.035064
0.331624 3.503335 0.035561
0.332131 3.586795 0.035405
0.332637 3.497928 0.035135
0.333144 3.546099 0.035382
0.333650 3.571319 0.035598
0.334157 3.595094 0.035874
0.334663 3.578273 0.035855
0.335170 3.595214 0.036398
0.335676 3.640979 0.036500
0.336183 3.598301 0.036575
0.336689 3.647657 0.037233
0.337196 3.637594 0.037462
0.337702 3.566478 0.035572
0.338209 3.569610 0.036468
0.338715 3.615588 0.036006
0.339222 3.532310 0.035805
0.339728 3.603066 0.036401
0.340235 3.594349 0.037084
0.340741 3.609591 0.036084
0.341248 3.598520 0.036459
0.341754 3.539501 0.036297
0.342261 3.524982 0.037242
0.342767 3.567382 0.037284
0.343274 3.586872 0.037144
0.343780 3.582059 0.036266
0.344287 3.618322 0.036297
0.344793 3.512994 0.035674
0.345300 3.554803 0.036595
0.345806 3.580082 0.037226
0.346313 3.601695 0.036843
0.346819 3.539417 0.035847
0.347325 3.532453 0.036363
0.347832 3.614295 0.036729
0.348338 3.590703 0.037614
0.348845 3.566641 0.037594
0.349351 3.537600 0.036641
0.349858 3.572793 0.036984
0.350364 3.607579 0.037326
0.350871 3.608285 0.037480
0.351377 3.573164 0.037212
0.351884 3.561666 0.037244
0.352390 3.509456 0.037617
0.352897 3.529055 0.036683
0.353403 3.531138 0.036969
0.353910 3.556086 0.036287
0.354416 3.511489 0.036463
0.354923 3.512766 0.036360
0.355429 3.519061 0.034623
0.355935 3.523148 0.035555
0.356442 3.457641 0.034752
0.356948 3.495511 0.034628
0.357455 3.526154 0.034585
0.357961 3.517679 0.034520
0.358468 3.469880 0.034832
0.358974 3.535771 0.035526
0.359481 3.583841 0.035212
0.359987 3.505881 0.035347
0.360494 3.545731 0.035514
0.361000 3.587020 0.035633
0.361506 3.527143 0.035671
0.362013 3.517722 0.036003
0.362519 3.481927 0.034915
0.363026 3.487989 0.034914
0.363532 3.497114 0.035571
0.364039 3.508294 0.034506
0.364545 3.500396 0.034931
0.365052 3.520439 0.035845
0.365558 3.517323 0.034901
0.366064 3.518309 0.036192
0.366571 3.495945 0.036054
0.367077 3.462311 0.036336
0.367584 3.553617 0.036763
0.368090 3.489236 0.036324
0.368597 3.513970 0.036579
0.369103 3.519976 0.037497
0.369610 3.452866 0.037337
0.370116 3.475665 0.036758
0.370622 3.460346 0.037839
0.371129 3.486600 0.037927
0.371635 3.439833 0.037809
0.372142 3.479079 0.038023
0.372648 3.401207 0.038361
0.373155 3.511671 0.037856
0.373661 3.526688 0.038806
0.374167 3.544082 0.037181
0.374674 3.520460 0.038405
0.375180 3.481076 0.037975
0.375687 3.448873 0.037473
0.376193 3.519778 0.037662
0.376700 3.425554 0.038572
0.377206 3.398569 0.038228
0.377712 3.464465 0.038508
0.378219 3.394470 0.038339
0.378725 3.438768 0.038068
0.379232 3.427331 0.039477
0.379738 3.501257 0.039149
0.380245 3.444222 0.038630
0.380751 3.434226 0.038309
0.381257 3.501732 0.040386
0.381764 3.458854 0.040440
0.382270 3.501402 0.040721
0.382777 3.506832 0.040517
0.383283 3.464420 0.041639
0.383789 3.433177 0.041707
0.384296 3.435298 0.039888
0.384802 3.432945 0.041626
0.385309 3.406818 0.041360
0.385815 3.477934 0.041245
0.386321 3.393252 0.041810
0.386828 3.499652 0.041602
0.387334 3.488206 0.042655
0.387841 3.362602 0.043473
0.388347 3.422074 0.041846
0.388853 3.466507 0.041671
0.389360 3.444585 0.043985
0.389866 3.489974 0.042498
0.390373 3.469896 0.044962
0.390879 3.396674 0.042698
0.391385 3.384120 0.042747
0.391892 3.453258 0.043358
0.392398 3.453279 0.043495
0.392905 3.459636 0.044301
0.393411 3.497431 0.045121
0.393917 3.439507 0.044660
0.394424 3.370569 0.046881
0.394930 3.468437 0.045732
0.395437 3.550864 0.045718
0.395943 3.441550 0.046185
0.396449 3.397715 0.045126
0.396956 3.449319 0.048186
0.397462 3.396790 0.046898
0.397969 3.465687 0.047034
0.398475 3.420835 0.046934
0.398981 3.489909 0.047897
0.399488 3.452009 0.046971
0.399994 3.504506 0.046571
0.400500 3.465661 0.046154
0.401007 3.438134 0.047273
0.401513 3.402151 0.048439
0.402020 3.361913 0.046903
0.402526 3.405554 0.048577
0.403032 3.330629 0.049675
0.403539 3.472749 0.048034
0.404045 3.414857 0.048195
0.404551 3.374894 0.048273
0.405058 3.294424 0.048656
0.405564 3.353562 0.046783
0.406071 3.452742 0.049457
0.406577 3.457361 0.052056
0.407083 3.455761 0.048924
0.407590 3.475567 0.050731
0.408096 3.415982 0.051419
0.408602 3.384494 0.051130
0.409109 3.385365 0.050570
0.409615 3.307583 0.049622
0.410121 3.306872 0.050024
0.410628 3.393492 0.051525
0.411134 3.370106 0.050942
0.411641 3.312418 0.052550
0.412147 3.299193 0.049454
0.412653 3.372869 0.048096
0.413160 3.333924 0.050413
0.413666 3.422740 0.051847
0.414172 3.283961 0.050513
0.414679 3.264852 0.051763
0.415185 3.291533 0.050797
0.415691 3.333816 0.050812
0.416198 3.361711 0.053189
0.416704 3.297767 0.054685
0.417210 3.354067 0.053067
0.417717 3.403661 0.055406
0.418223 3.302848 0.050591
0.418729 3.292372 0.051375
0.419236 3.371906 0.052506
0.419742 3.418694 0.051829
0.420248 3.350502 0.050591
0.420755 3.345069 0.051489
0.421261 3.392482 0.054681
0.421767 3.274297 0.051765
0.422274 3.400403 0.054901
0.422780 3.322880 0.052924
0.423286 3.391026 0.055120
0.423793 3.298989 0.052577
0.424299 3.324543 0.054677
0.424805 3.292003 0.053978
0.425312 3.343628 0.054407
0.425818 3.274934 0.055551
0.426324 3.291960 0.057239
0.426831 3.281336 0.053932
0.427337 3.354223 0.057037
0.427843 3.308502 0.056383
0.428350 3.347127 0.056714
0.428856 3.289815 0.056512
0.429362 3.310435 0.056670
0.429869 3.228372 0.059038
0.430375 3.412201 0.060774
0.430881 3.318916 0.057359
0.431388 3.319462 0.057135
0.431894 3.310182 0.061123
0.432400 3.238610 0.062360
0.432907 3.290531 0.061366
0.433413 3.345217 0.064278
0.433919 3.353426 0.064167
0.434425 3.285093 0.059816
0.434932 3.301890 0.060367
0.435438 3.304530 0.064626
0.435944 3.116222 0.061060
0.436451 3.347834 0.066321
0.436957 3.282394 0.064523
0.437463 3.297348 0.064225
0.437970 3.417873 0.069385
0.438476 3.356528 0.067837
0.438982 3.262915 0.065229
0.439488 3.318487 0.069043
0.439995 3.283067 0.068917
