0.009882 66.333573 11.472903
0.010389 47.771024 6.809388
0.010896 42.634803 6.067999
0.011402 35.654718 4.780716
0.011909 22.965034 2.906269
0.012416 23.369365 3.205575
0.012923 17.630247 1.924622
0.013430 15.351455 1.738802
0.013936 12.782144 1.117626
0.014443 11.854794 0.836972
0.014950 10.976655 0.590462
0.015457 9.863102 0.447318
0.015963 9.093255 0.342002
0.016470 8.323256 0.290216
0.016977 7.874371 0.253780
0.017484 7.320940 0.222988
0.017990 6.683250 0.181337
0.018497 6.193150 0.169297
0.019004 5.842185 0.174482
0.019511 5.377271 0.155661
0.020018 5.147017 0.141082
0.020524 4.728821 0.131866
0.021031 4.854333 0.143185
0.021538 4.684097 0.135786
0.022045 4.182533 0.127604
0.022551 4.158701 0.125412
0.023058 3.912417 0.112409
0.023565 4.052881 0.114029
0.024072 3.721444 0.103286
0.024579 3.631663 0.101947
0.025085 3.717541 0.103841
0.025592 3.231688 0.087930
0.026099 3.468755 0.098826
0.026606 3.213074 0.089774
0.027112 3.306422 0.093705
0.027619 3.150213 0.086314
0.028126 3.087564 0.088387
0.028633 2.921022 0.079662
0.029139 2.895071 0.082737
0.029646 2.959831 0.081136
0.030153 2.960973 0.078664
0.030660 2.872674 0.077380
0.031167 2.928370 0.075517
0.031673 2.898662 0.077138
0.032180 2.828741 0.079441
0.032687 2.848602 0.073112
0.033194 2.737885 0.072035
0.033700 2.693477 0.070393
0.034207 2.675592 0.070150
0.034714 2.619345 0.069745
0.035221 2.648274 0.071080
0.035727 2.753706 0.069989
0.036234 2.589967 0.069760
0.036741 2.569069 0.067877
0.037248 2.546199 0.064443
0.037755 2.573250 0.063192
0.038261 2.644707 0.066629
0.038768 2.551134 0.065016
0.039275 2.592449 0.063856
0.039782 2.443349 0.060893
0.040288 2.580961 0.063646
0.040795 2.416430 0.058960
0.041302 2.500164 0.057541
0.041809 2.363518 0.058450
0.042315 2.394743 0.057443
0.042822 2.347799 0.059495
0.043329 2.494995 0.057548
0.043836 2.389230 0.060633
0.044343 2.406607 0.056955
0.044849 2.299479 0.057227
0.045356 2.350469 0.055560
0.045863 2.472576 0.059452
0.046370 2.381918 0.057150
0.046876 2.379695 0.058515
0.047383 2.321582 0.053887
0.047890 2.315165 0.053833
0.048397 2.351248 0.057438
0.048903 2.293359 0.055398
0.049410 2.371292 0.053921
0.049917 2.336027 0.054783
0.050424 2.299477 0.053870
0.050931 2.297659 0.052376
0.051437 2.355425 0.052586
0.051944 2.223498 0.050130
0.052451 2.297380 0.050872
0.052958 2.300133 0.048968
0.053464 2.261119 0.050770
0.053971 2.257462 0.049905
0.054478 2.249979 0.048754
0.054985 2.134993 0.047756
0.055491 2.326437 0.051258
0.055998 2.268248 0.049472
0.056505 2.206217 0.047860
0.057012 2.264738 0.048762
0.057519 2.193129 0.046537
0.058025 2.224757 0.047625
0.058532 2.115117 0.046444
0.059039 2.198848 0.048178
0.059546 2.203814 0.047962
0.060052 2.322613 0.046055
0.060559 2.280687 0.048074
0.061066 2.207903 0.045048
0.061573 2.195491 0.045021
0.062079 2.080736 0.044373
0.062586 2.187893 0.048893
0.063093 2.240961 0.046623
0.063600 2.237463 0.044944
0.064106 2.232935 0.044389
0.064613 2.164207 0.044837
0.065120 2.233141 0.046374
0.065627 2.128536 0.044422
0.066134 2.164450 0.043386
0.066640 2.180302 0.045344
0.067147 2.184544 0.043473
0.067654 2.175045 0.044484
0.068161 2.192429 0.044743
0.068667 2.206887 0.043112
0.069174 2.172726 0.043575
0.069681 2.144005 0.042781
0.070188 2.166653 0.043667
0.070694 2.163170 0.043691
0.071201 2.147031 0.041918
0.071708 2.143403 0.042036
0.072215 2.137767 0.040797
0.072721 2.056441 0.041032
0.073228 2.163070 0.041597
0.073735 2.095488 0.040371
0.074242 2.173402 0.041923
0.074748 2.106614 0.041561
0.075255 2.149594 0.041531
0.075762 2.075730 0.040655
0.076269 2.141107 0.039372
0.076776 2.182888 0.039519
0.077282 2.192287 0.040990
0.077789 2.136586 0.039866
0.078296 2.134652 0.038832
0.078803 2.196664 0.041203
0.079309 2.119017 0.038832
0.079816 2.136997 0.041839
0.080323 2.126896 0.041941
0.080830 2.123208 0.039313
0.081336 2.158740 0.041655
0.081843 2.121859 0.039623
0.082350 2.135803 0.041631
0.082857 2.153088 0.040591
0.083363 2.156206 0.041639
0.083870 2.089741 0.039064
0.084377 2.095514 0.040203
0.084884 2.104118 0.041912
0.085390 2.100514 0.039619
0.085897 2.100835 0.040241
0.086404 2.089634 0.042434
0.086911 2.091374 0.041397
0.087417 2.247155 0.042652
0.087924 2.075873 0.039871
0.088431 2.087589 0.040820
0.088938 2.186643 0.040656
0.089444 2.075177 0.039865
0.089951 2.177927 0.040278
0.090458 2.112475 0.040947
0.090965 2.105613 0.039896
0.091471 2.035382 0.038415
0.091978 2.084147 0.039060
0.092485 2.066337 0.040050
0.092992 2.111221 0.039342
0.093498 2.041348 0.039996
0.094005 2.136016 0.040862
0.094512 2.100803 0.039517
0.095019 2.040837 0.038539
0.095525 2.112548 0.039693
0.096032 2.036578 0.038738
0.096539 2.043356 0.037787
0.097046 2.027559 0.039208
0.097552 2.071432 0.039253
0.098059 2.035885 0.038050
0.098566 2.070266 0.039548
0.099073 2.103461 0.039155
0.099579 1.998510 0.039062
0.100086 2.081105 0.039014
0.100593 2.056944 0.039330
0.101100 2.038867 0.040280
0.101606 1.949744 0.037361
0.102113 2.013490 0.039379
0.102620 2.069652 0.039273
0.103127 2.085837 0.037880
0.103633 2.115505 0.039703
0.104140 2.098462 0.041116
0.104647 2.102933 0.039253
0.105154 2.024177 0.038060
0.105660 2.077351 0.039283
0.106167 2.089938 0.038063
0.106674 2.050644 0.038390
0.107181 2.076910 0.037921
0.107687 2.043816 0.039326
0.108194 2.088026 0.038024
0.108701 2.027495 0.036380
0.109208 2.007791 0.036682
0.109714 2.035663 0.036655
0.110221 2.094284 0.036116
0.110728 2.080229 0.037245
0.111235 2.027805 0.035634
0.111741 2.028922 0.035439
0.112248 2.072891 0.036976
0.112755 2.061717 0.035972
0.113262 1.998475 0.036291
0.113768 2.022318 0.035646
0.114275 1.996087 0.033869
0.114782 2.016807 0.034937
0.115289 2.011979 0.034373
0.115795 2.082018 0.033408
0.116302 2.069636 0.035103
0.116809 2.067080 0.033894
0.117316 1.991733 0.033847
0.117822 2.034836 0.035097
0.118329 2.062391 0.035234
0.118836 1.953422 0.033310
0.119342 1.980627 0.033475
0.119849 2.013502 0.033157
0.120356 1.997678 0.033091
0.120863 2.052057 0.033550
0.121369 2.019579 0.033110
0.121876 1.984485 0.033424
0.122383 2.011500 0.032622
0.122890 2.044363 0.033208
0.123396 2.031651 0.034318
0.123903 1.964537 0.032836
0.124410 2.020443 0.032536
0.124917 2.025603 0.032614
0.125423 2.051783 0.033103
0.125930 1.893984 0.032135
0.126437 2.000191 0.031787
0.126944 1.967068 0.032060
0.127450 2.042648 0.032336
0.127957 2.041110 0.031936
0.128464 1.941418 0.030299
0.128970 2.026552 0.032095
0.129477 1.986216 0.031625
0.129984 2.037890 0.031356
0.130491 1.982527 0.031234
0.130997 1.978895 0.030359
0.131504 1.965203 0.029886
0.132011 2.044008 0.031315
0.132518 1.977514 0.031225
0.133024 2.034973 0.031726
0.133531 2.035559 0.031010
0.134038 1.960826 0.030269
0.134545 1.993346 0.029615
0.135051 1.963163 0.030320
0.135558 1.936941 0.030587
0.136065 1.973692 0.030727
0.136571 1.950177 0.030433
0.137078 2.049687 0.030199
0.137585 1.926802 0.029444
0.138092 1.956514 0.030115
0.138598 1.969889 0.030647
0.139105 2.001502 0.030291
0.139612 1.967582 0.029386
0.140119 1.953437 0.028781
0.140625 1.958881 0.029560
0.141132 1.940366 0.028618
0.141639 1.946033 0.029472
0.142145 1.963862 0.029311
0.142652 1.959787 0.029492
0.143159 1.969580 0.028894
0.143666 1.967648 0.029619
0.144172 1.999876 0.028103
0.144679 1.995024 0.028941
0.145186 2.009375 0.029509
0.145692 1.949132 0.028415
0.146199 1.960748 0.028565
0.146706 1.938354 0.028349
0.147213 1.967756 0.028458
0.147719 1.905061 0.028165
0.148226 1.967558 0.028562
0.148733 1.958607 0.028912
0.149240 1.964135 0.028092
0.149746 1.891515 0.027582
0.150253 2.005541 0.028827
0.150760 1.995551 0.028836
0.151266 1.945737 0.028256
0.151773 1.903817 0.027269
0.152280 1.980644 0.027736
0.152787 1.887671 0.027973
0.153293 1.905584 0.028090
0.153800 1.931661 0.027946
0.154307 1.932834 0.027579
0.154813 1.940146 0.027750
0.155320 1.928684 0.027817
0.155827 1.922646 0.027384
0.156334 1.964797 0.027168
0.156840 1.957222 0.026962
0.157347 1.931048 0.027695
0.157854 1.910078 0.027926
0.158360 1.921414 0.027696
0.158867 1.947738 0.027288
0.159374 1.952442 0.026453
0.159881 1.940133 0.027521
0.160387 1.956552 0.027404
0.160894 1.933081 0.027347
0.161401 1.955084 0.027262
0.161907 1.914924 0.027229
0.162414 1.940723 0.025938
0.162921 1.899305 0.027257
0.163427 1.968506 0.026862
0.163934 1.993445 0.027089
0.164441 1.946801 0.026529
0.164948 1.934455 0.026440
0.165454 1.915241 0.026922
0.165961 1.927455 0.026718
0.166468 1.924522 0.026311
0.166974 1.906913 0.026482
0.167481 1.922981 0.026349
0.167988 1.838601 0.025133
0.168495 1.883857 0.027052
0.169001 1.878461 0.026142
0.169508 1.898799 0.026256
0.170015 1.947925 0.026549
0.170521 1.912538 0.027068
0.171028 1.861830 0.026157
0.171535 1.916879 0.026897
0.172041 1.898973 0.027259
0.172548 1.939136 0.027425
0.173055 1.929090 0.027397
0.173562 1.949789 0.027161
0.174068 1.894258 0.026664
0.174575 1.895586 0.027106
0.175082 1.912723 0.027053
0.175588 1.946753 0.027633
0.176095 1.948060 0.028146
0.176602 1.943644 0.027685
0.177108 1.928790 0.026917
0.177615 1.949981 0.027235
0.178122 1.895094 0.026524
0.178629 1.904486 0.026953
0.179135 1.932368 0.027057
0.179642 1.879595 0.026434
0.180149 1.883618 0.026331
0.180655 1.923530 0.026670
0.181162 1.911017 0.027879
0.181669 1.882524 0.027510
0.182175 1.893850 0.027591
0.182682 1.899538 0.027382
0.183189 1.967482 0.028898
0.183695 1.867927 0.027618
0.184202 1.926066 0.028423
0.184709 1.856951 0.027287
0.185216 1.929326 0.027787
0.185722 1.874716 0.028344
0.186229 1.885171 0.027052
0.186736 1.872921 0.028633
0.187242 1.897837 0.028750
0.187749 1.953713 0.029058
0.188256 1.973793 0.029385
0.188762 1.915013 0.028198
0.189269 1.944575 0.028831
0.189776 1.911965 0.029134
0.190282 1.880606 0.028692
0.190789 1.886673 0.028920
0.191296 1.906280 0.029217
0.191802 1.922746 0.028891
0.192309 1.914500 0.029153
0.192816 1.917871 0.029682
0.193323 1.888326 0.028641
0.193829 1.908495 0.029056
0.194336 1.873787 0.027785
0.194843 1.875953 0.028145
0.195349 1.905095 0.029382
0.195856 1.908810 0.029482
0.196363 1.902711 0.029843
0.196869 1.873817 0.028895
0.197376 1.863062 0.028982
0.197883 1.843494 0.029122
0.198389 1.883208 0.029027
0.198896 1.858690 0.029096
0.199403 1.900253 0.029677
0.199909 1.872690 0.029134
0.200416 1.862675 0.029125
0.200923 1.827668 0.028283
0.201429 1.876117 0.028734
0.201936 1.856179 0.029091
0.202443 1.861365 0.028919
0.202949 1.934620 0.029252
0.203456 1.872272 0.029606
0.203963 1.967413 0.030486
0.204469 1.879502 0.028897
0.204976 1.907431 0.028905
0.205483 1.922324 0.029955
0.205989 1.911983 0.030153
0.206496 1.934365 0.028997
0.207003 1.903588 0.029810
0.207509 1.885869 0.028787
0.208016 1.886526 0.029345
0.208523 1.913043 0.028977
0.209029 1.871819 0.029284
0.209536 1.884153 0.029445
0.210043 1.895213 0.029076
0.210549 1.871172 0.029329
0.211056 1.800077 0.029129
0.211563 1.917751 0.029397
0.212069 1.902583 0.029713
0.212576 1.882119 0.028791
0.213083 1.893272 0.029055
0.213589 1.837124 0.029066
0.214096 1.881578 0.028930
0.214603 1.872485 0.029195
0.215109 1.819690 0.028720
0.215616 1.871993 0.029361
0.216123 1.868127 0.029288
0.216629 1.872310 0.029209
0.217136 1.879459 0.029161
0.217643 1.845014 0.028655
0.218149 1.834794 0.028966
0.218656 1.823049 0.028961
0.219163 1.797470 0.028876
0.219669 1.864720 0.030050
0.220176 1.881915 0.029602
0.220683 1.899726 0.028793
0.221189 1.808137 0.028393
0.221696 1.837676 0.028599
0.222203 1.872235 0.028461
0.222709 1.889379 0.028687
0.223216 1.837951 0.029001
0.223722 1.880164 0.028921
0.224229 1.853553 0.028827
0.224736 1.858607 0.029047
0.225242 1.863257 0.028089
0.225749 1.829900 0.028860
0.226256 1.846603 0.028444
0.226762 1.840046 0.028465
0.227269 1.780962 0.028172
0.227776 1.883000 0.028898
0.228282 1.785637 0.027637
0.228789 1.812981 0.027849
0.229296 1.841323 0.028551
0.229802 1.865279 0.028296
0.230309 1.837333 0.028641
0.230816 1.839671 0.027038
0.231322 1.805164 0.026965
0.231829 1.848123 0.027479
0.232335 1.880683 0.028269
0.232842 1.787625 0.027042
0.233349 1.807430 0.026764
0.233855 1.844032 0.026730
0.234362 1.827451 0.026534
0.234869 1.834287 0.027213
0.235375 1.851614 0.026701
0.235882 1.821674 0.026625
0.236389 1.797843 0.026802
0.236895 1.806772 0.027015
0.237402 1.839703 0.026421
0.237908 1.858043 0.026602
0.238415 1.756548 0.026111
0.238922 1.786138 0.026127
0.239428 1.853077 0.026891
0.239935 1.824923 0.026436
0.240442 1.747092 0.025751
0.240948 1.810004 0.026901
0.241455 1.820893 0.026290
0.241962 1.811603 0.026297
0.242468 1.803887 0.025886
0.242975 1.777135 0.025609
0.243481 1.810375 0.025833
0.243988 1.799415 0.026274
0.244495 1.811957 0.026638
0.245001 1.743786 0.025623
0.245508 1.797466 0.025633
0.246015 1.836774 0.026617
0.246521 1.790670 0.026035
0.247028 1.804276 0.025710
0.247534 1.812887 0.026274
0.248041 1.802380 0.025175
0.248548 1.757053 0.025715
0.249054 1.785666 0.025815
0.249561 1.818998 0.025993
0.250068 1.808119 0.025211
0.250574 1.792750 0.025054
0.251081 1.802602 0.026374
0.251587 1.766160 0.025341
0.252094 1.798408 0.025762
0.252601 1.820517 0.025463
0.253107 1.772355 0.025570
0.253614 1.762237 0.026034
0.254120 1.785420 0.025116
0.254627 1.719674 0.024947
0.255134 1.775979 0.024992
0.255640 1.820318 0.024860
0.256147 1.794857 0.025201
0.256654 1.784446 0.025296
0.257160 1.808479 0.024980
0.257667 1.814679 0.025188
0.258173 1.784076 0.024433
0.258680 1.830257 0.024821
0.259187 1.787964 0.024362
0.259693 1.771568 0.024229
0.260200 1.818073 0.024705
0.260706 1.780760 0.023922
0.261213 1.788605 0.024120
0.261720 1.773950 0.024078
0.262226 1.772680 0.024224
0.262733 1.772100 0.024103
0.263239 1.810502 0.023859
0.263746 1.776830 0.023831
0.264253 1.764340 0.023679
0.264759 1.801993 0.023766
0.265266 1.791620 0.024612
0.265772 1.799506 0.024094
0.266279 1.746819 0.023842
0.266786 1.771004 0.024076
0.267292 1.785466 0.024294
0.267799 1.785703 0.023757
0.268305 1.805305 0.023923
0.268812 1.771985 0.024029
0.269319 1.785665 0.023713
0.269825 1.774395 0.023628
0.270332 1.789103 0.023809
0.270838 1.764747 0.023299
0.271345 1.772759 0.023078
0.271852 1.778577 0.023960
0.272358 1.778596 0.023395
0.272865 1.795949 0.024112
0.273371 1.747501 0.023460
0.273878 1.780825 0.023324
0.274385 1.780174 0.023468
0.274891 1.754766 0.022635
0.275398 1.758185 0.023026
0.275904 1.781456 0.023909
0.276411 1.754750 0.022193
0.276917 1.763948 0.022967
0.277424 1.793618 0.023484
0.277931 1.780441 0.023264
0.278437 1.797901 0.022882
0.278944 1.823226 0.022981
0.279450 1.781017 0.022949
0.279957 1.736706 0.022773
0.280464 1.780673 0.022238
0.280970 1.718351 0.022904
0.281477 1.696388 0.022357
0.281983 1.777710 0.023511
0.282490 1.743053 0.022940
0.282996 1.770158 0.023150
0.283503 1.792913 0.022718
0.284010 1.760851 0.022988
0.284516 1.754093 0.022788
0.285023 1.732822 0.022697
0.285529 1.703860 0.022102
0.286036 1.753566 0.022249
0.286542 1.772884 0.023074
0.287049 1.778050 0.022881
0.287556 1.803830 0.022850
0.288062 1.762803 0.023234
0.288569 1.767850 0.022757
0.289075 1.794687 0.023195
0.289582 1.775748 0.022811
0.290088 1.756265 0.022675
0.290595 1.731895 0.022646
0.291102 1.774408 0.023178
0.291608 1.754675 0.022389
0.292115 1.686382 0.022464
0.292621 1.715169 0.022203
0.293128 1.781705 0.022857
0.293634 1.736328 0.022936
0.294141 1.760412 0.022528
0.294647 1.734723 0.022472
0.295154 1.706828 0.022928
0.295661 1.748528 0.022571
0.296167 1.752153 0.022275
0.296674 1.694789 0.022532
0.297180 1.730395 0.022717
0.297687 1.725604 0.022584
0.298193 1.782658 0.022575
0.298700 1.714860 0.022607
0.299206 1.773121 0.023014
0.299713 1.724284 0.022496
0.300220 1.680038 0.021895
0.300726 1.711703 0.022370
0.301233 1.728742 0.021942
0.301739 1.709049 0.022851
0.302246 1.721108 0.022520
0.302752 1.732340 0.022719
0.303259 1.684440 0.022279
0.303765 1.716555 0.021959
0.304272 1.725238 0.022535
0.304779 1.790138 0.023018
0.305285 1.734901 0.021981
0.305792 1.778388 0.022584
0.306298 1.744578 0.022274
0.306805 1.722382 0.022325
0.307311 1.686641 0.022178
0.307818 1.731415 0.022155
0.308324 1.748467 0.022855
0.308831 1.762102 0.022247
0.309337 1.750971 0.022516
0.309844 1.710621 0.022204
0.310350 1.671163 0.022863
0.310857 1.725399 0.022870
0.311364 1.715562 0.023153
0.311870 1.732020 0.023922
0.312377 1.687424 0.022728
0.312883 1.709916 0.023073
0.313390 1.680243 0.023411
0.313896 1.714882 0.023531
0.314403 1.714526 0.023857
0.314909 1.688075 0.024057
0.315416 1.705285 0.024178
0.315922 1.678136 0.023549
0.316429 1.728222 0.024025
0.316935 1.698533 0.023991
0.317442 1.697192 0.023973
0.317948 1.719107 0.024196
0.318455 1.708707 0.024071
0.318961 1.739547 0.024657
0.319468 1.727197 0.025082
0.319975 1.730210 0.024223
0.320481 1.718551 0.024664
0.320988 1.715568 0.024610
0.321494 1.732671 0.025770
0.322001 1.728294 0.024699
0.322507 1.736358 0.024342
0.323014 1.743909 0.024705
0.323520 1.703779 0.024364
0.324027 1.752614 0.024512
0.324533 1.732438 0.024326
0.325040 1.685978 0.024318
0.325546 1.699573 0.024656
0.326053 1.672984 0.023818
0.326559 1.686355 0.023914
0.327066 1.730707 0.024331
0.327572 1.711483 0.024321
0.328079 1.705991 0.024332
0.328585 1.725010 0.023860
0.329092 1.725831 0.024108
0.329598 1.701715 0.024377
0.330105 1.716237 0.024759
0.330611 1.689787 0.024588
0.331118 1.740452 0.024653
0.331624 1.699117 0.025052
0.332131 1.731394 0.024605
0.332637 1.714792 0.024459
0.333144 1.749286 0.025226
0.333650 1.703396 0.024557
0.334157 1.743520 0.024963
0.334663 1.676921 0.025436
0.335170 1.725865 0.025593
0.335676 1.724200 0.025037
0.336183 1.695424 0.024436
0.336689 1.679679 0.024721
0.337196 1.723216 0.025079
0.337702 1.741958 0.024884
0.338209 1.674861 0.025268
0.338715 1.693088 0.025112
0.339222 1.686706 0.024518
0.339728 1.709344 0.024886
0.340235 1.679265 0.024704
0.340741 1.718224 0.025394
0.341248 1.684230 0.025370
0.341754 1.711538 0.025464
0.342261 1.698630 0.025079
0.342767 1.697374 0.025690
0.343274 1.687739 0.025561
0.343780 1.700052 0.025111
0.344287 1.695803 0.024708
0.344793 1.695637 0.026217
0.345300 1.652740 0.024571
0.345806 1.662921 0.025507
0.346313 1.662984 0.025546
0.346819 1.716527 0.025630
0.347325 1.661781 0.025345
0.347832 1.673892 0.025681
0.348338 1.693684 0.025118
0.348845 1.675627 0.025299
0.349351 1.737684 0.026033
0.349858 1.688838 0.025784
0.350364 1.716760 0.025556
0.350871 1.653520 0.025571
0.351377 1.717688 0.025795
0.351884 1.679388 0.025133
0.352390 1.701602 0.026024
0.352897 1.649120 0.025192
0.353403 1.651774 0.025223
0.353910 1.690973 0.025841
0.354416 1.641470 0.025147
0.354923 1.654263 0.024601
0.355429 1.667541 0.024228
0.355935 1.654214 0.024374
0.356442 1.682298 0.024103
0.356948 1.721172 0.023646
0.357455 1.683910 0.024893
0.357961 1.706995 0.024441
0.358468 1.673495 0.024106
0.358974 1.623563 0.024038
0.359481 1.618577 0.023955
0.359987 1.665639 0.024446
0.360494 1.675479 0.024482
0.361000 1.692929 0.024066
0.361506 1.719491 0.024256
0.362013 1.665402 0.024844
0.362519 1.641615 0.023510
0.363026 1.628282 0.024500
0.363532 1.712737 0.025171
0.364039 1.638265 0.024683
0.364545 1.674092 0.024049
0.365052 1.653131 0.024153
0.365558 1.654419 0.024731
0.366064 1.700045 0.025102
0.366571 1.664261 0.025442
0.367077 1.646482 0.024528
0.367584 1.642126 0.024424
0.368090 1.615535 0.024643
0.368597 1.684946 0.025371
0.369103 1.691612 0.025548
0.369610 1.626671 0.025445
0.370116 1.645714 0.025791
0.370622 1.680571 0.026765
0.371129 1.659683 0.025955
0.371635 1.629170 0.025764
0.372142 1.685606 0.026055
0.372648 1.623044 0.025802
0.373155 1.670006 0.025711
0.373661 1.679042 0.026269
0.374167 1.670371 0.026087
0.374674 1.656236 0.026404
0.375180 1.670266 0.025958
0.375687 1.624485 0.026800
0.376193 1.628015 0.026071
0.376700 1.684797 0.026226
0.377206 1.669503 0.026651
0.377712 1.665380 0.027300
0.378219 1.679719 0.027314
0.378725 1.645979 0.027119
0.379232 1.679949 0.026478
0.379738 1.641592 0.027295
0.380245 1.646108 0.027204
0.380751 1.649899 0.026890
0.381257 1.648179 0.027323
0.381764 1.649754 0.028527
0.382270 1.637308 0.028413
0.382777 1.618538 0.027936
0.383283 1.591852 0.027901
0.383789 1.622039 0.029029
0.384296 1.619356 0.028275
0.384802 1.679492 0.029278
0.385309 1.604403 0.028574
0.385815 1.649595 0.028099
0.386321 1.592477 0.028959
0.386828 1.628386 0.029190
0.387334 1.637934 0.028520
0.387841 1.666608 0.029182
0.388347 1.605007 0.029703
0.388853 1.660679 0.029608
0.389360 1.661981 0.030331
0.389866 1.630763 0.029057
0.390373 1.653033 0.029415
0.390879 1.585905 0.030155
0.391385 1.624274 0.029711
0.391892 1.672438 0.030529
0.392398 1.659152 0.031172
0.392905 1.660556 0.030412
0.393411 1.673620 0.030165
0.393917 1.693606 0.031379
0.394424 1.601694 0.038699
0.394930 1.599291 0.031672
0.395437 1.676234 0.032212
0.395943 1.641506 0.031908
0.396449 1.635437 0.030297
0.396956 1.605702 0.032346
0.397462 1.631509 0.032910
0.397969 1.639030 0.031643
0.398475 1.583196 0.032857
0.398981 1.676590 0.032726
0.399488 1.615221 0.031525
0.399994 1.624042 0.032866
0.400500 1.578994 0.032493
0.401007 1.621156 0.034385
0.401513 1.583571 0.033968
0.402020 1.606681 0.032700
0.402526 1.578752 0.032686
0.403032 1.639349 0.034183
0.403539 1.648413 0.033343
0.404045 1.714546 0.034786
0.404551 1.592736 0.033559
0.405058 1.552504 0.033246
0.405564 1.591776 0.034188
0.406071 1.617005 0.033663
0.406577 1.629685 0.035688
0.407083 1.570800 0.033269
0.407590 1.634443 0.034475
0.408096 1.609645 0.035581
0.408602 1.550167 0.032769
0.409109 1.636846 0.035108
0.409615 1.553320 0.034264
0.410121 1.587052 0.035761
0.410628 1.560252 0.033922
0.411134 1.603669 0.033677
0.411641 1.558261 0.034246
0.412147 1.566747 0.033814
0.412653 1.589214 0.034257
0.413160 1.578821 0.036293
0.413666 1.616228 0.036496
0.414172 1.579945 0.034626
0.414679 1.632815 0.034953
0.415185 1.573623 0.036348
0.415691 1.583884 0.035917
0.416198 1.577090 0.037154
0.416704 1.658051 0.036603
0.417210 1.540260 0.035627
0.417717 1.537719 0.035081
0.418223 1.603632 0.036467
0.418729 1.578648 0.035140
0.419236 1.565009 0.036793
0.419742 1.554182 0.036391
0.420248 1.631419 0.036832
0.420755 1.570587 0.037333
0.421261 1.617602 0.035858
0.421767 1.540945 0.034947
0.422274 1.579736 0.037462
0.422780 1.598164 0.036181
0.423286 1.595619 0.037188
0.423793 1.629643 0.036957
0.424299 1.555649 0.038203
0.424805 1.523445 0.036679
0.425312 1.544425 0.038340
0.425818 1.556067 0.037811
0.426324 1.603724 0.038728
0.426831 1.562777 0.038366
0.427337 1.547581 0.037929
0.427843 1.591431 0.038979
0.428350 1.581955 0.041927
0.428856 1.514897 0.039310
0.429362 1.611741 0.039546
0.429869 1.560599 0.041959
0.430375 1.559780 0.041468
0.430881 1.510353 0.037876
0.431388 1.611422 0.042226
0.431894 1.596731 0.043508
0.432400 1.549001 0.041703
0.432907 1.546722 0.041225
0.433413 1.598826 0.042810
0.433919 1.619063 0.043523
0.434425 1.592815 0.043477
0.434932 1.603917 0.044906
0.435438 1.531841 0.041882
0.435944 1.607003 0.044620
0.436451 1.592546 0.046604
0.436957 1.564012 0.046672
0.437463 1.594382 0.047379
0.437970 1.537838 0.044974
0.438476 1.608103 0.047769
0.438982 1.524334 0.044616
0.439488 1.556730 0.048407
0.439995 1.620941 0.047780
