0.009882 108.555948 24.756853
0.010389 74.583630 13.555874
0.010896 71.634930 13.631596
0.011402 58.491193 10.825241
0.011909 33.193158 5.980171
0.012416 39.379014 6.005341
0.012923 27.520720 3.931416
0.013430 21.438501 3.621834
0.013936 21.295027 2.408149
0.014443 19.316391 1.607546
0.014950 16.836079 1.091905
0.015457 15.274110 0.820708
0.015963 13.643881 0.666577
0.016470 13.853801 0.515806
0.016977 12.270248 0.388825
0.017484 12.446380 0.347841
0.017990 11.010085 0.297081
0.018497 10.623900 0.232803
0.019004 10.024061 0.238225
0.019511 9.451891 0.211462
0.020018 9.171568 0.189911
0.020524 8.724836 0.190385
0.021031 8.579092 0.183320
0.021538 8.226911 0.166800
0.022045 7.786109 0.155736
0.022551 7.409078 0.146941
0.023058 7.506645 0.152393
0.023565 7.515687 0.151396
0.024072 7.210686 0.149948
0.024579 7.026478 0.136110
0.025085 6.576335 0.133892
0.025592 6.942953 0.130447
0.026099 6.673198 0.133901
0.026606 6.646933 0.129091
0.027112 6.331823 0.119221
0.027619 6.222942 0.122310
0.028126 6.101839 0.116075
0.028633 6.123448 0.113230
0.029139 6.009328 0.117355
0.029646 6.040562 0.119159
0.030153 6.076299 0.120501
0.030660 6.149250 0.110783
0.031167 5.841522 0.116819
0.031673 5.702083 0.109423
0.032180 5.992173 0.108800
0.032687 5.723467 0.099571
0.033194 5.720398 0.100268
0.033700 5.513912 0.105472
0.034207 5.507794 0.100208
0.034714 5.440178 0.099327
0.035221 5.431740 0.095487
0.035727 5.462768 0.100279
0.036234 5.537484 0.094011
0.036741 5.377242 0.095092
0.037248 5.318541 0.092747
0.037755 5.430550 0.094659
0.038261 5.294516 0.095366
0.038768 5.210827 0.088715
0.039275 5.128715 0.087005
0.039782 5.065908 0.091700
0.040288 5.081917 0.082569
0.040795 5.105178 0.092563
0.041302 5.071984 0.089413
0.041809 5.070570 0.083303
0.042315 4.923532 0.085745
0.042822 5.026982 0.086964
0.043329 5.132223 0.087893
0.043836 4.882018 0.083354
0.044343 5.029710 0.085080
0.044849 4.950034 0.080571
0.045356 4.911406 0.082623
0.045863 4.993498 0.081825
0.046370 4.989660 0.083253
0.046876 4.940498 0.082803
0.047383 4.724180 0.078625
0.047890 4.892821 0.084029
0.048397 4.833338 0.076743
0.048903 4.793589 0.077774
0.049410 4.911266 0.077883
0.049917 4.890593 0.076283
0.050424 4.898236 0.080116
0.050931 4.847486 0.074358
0.051437 4.872964 0.073184
0.051944 4.928832 0.074611
0.052451 4.792871 0.076043
0.052958 4.772142 0.074371
0.053464 4.728210 0.072815
0.053971 4.864445 0.072516
0.054478 4.807685 0.072392
0.054985 4.712131 0.071019
0.055491 4.678925 0.072548
0.055998 4.736956 0.069812
0.056505 4.633267 0.068172
0.057012 4.788609 0.068865
0.057519 4.688910 0.070995
0.058025 4.705931 0.071447
0.058532 4.673382 0.067164
0.059039 4.747016 0.072172
0.059546 4.662828 0.065886
0.060052 4.636188 0.067096
0.060559 4.641345 0.065865
0.061066 4.757172 0.067510
0.061573 4.695373 0.067956
0.062079 4.620843 0.066222
0.062586 4.570287 0.064413
0.063093 4.577220 0.066425
0.063600 4.549491 0.062845
0.064106 4.572289 0.065003
0.064613 4.568153 0.066761
0.065120 4.581756 0.062923
0.065627 4.618041 0.064357
0.066134 4.558656 0.063420
0.066640 4.580208 0.060108
0.067147 4.616463 0.063696
0.067654 4.509395 0.063554
0.068161 4.567192 0.062759
0.068667 4.625416 0.060132
0.069174 4.664048 0.063507
0.069681 4.533488 0.061651
0.070188 4.565234 0.063605
0.070694 4.645491 0.061866
0.071201 4.542416 0.061772
0.071708 4.546891 0.062068
0.072215 4.495150 0.061947
0.072721 4.434853 0.061317
0.073228 4.432149 0.060876
0.073735 4.551276 0.059879
0.074242 4.452510 0.060254
0.074748 4.477467 0.058155
0.075255 4.491414 0.057790
0.075762 4.590881 0.061969
0.076269 4.479914 0.059385
0.076776 4.412956 0.061144
0.077282 4.535294 0.055631
0.077789 4.553053 0.058506
0.078296 4.554434 0.056695
0.078803 4.479531 0.057600
0.079309 4.472801 0.055112
0.079816 4.397162 0.059015
0.080323 4.535453 0.057973
0.080830 4.466968 0.056689
0.081336 4.444347 0.059902
0.081843 4.368544 0.054471
0.082350 4.436327 0.058557
0.082857 4.436713 0.058132
0.083363 4.359512 0.058282
0.083870 4.520339 0.059242
0.084377 4.583081 0.059834
0.084884 4.506875 0.059404
0.085390 4.527635 0.057752
0.085897 4.508727 0.057322
0.086404 4.405089 0.058056
0.086911 4.504532 0.058861
0.087417 4.479484 0.057707
0.087924 4.461382 0.057259
0.088431 4.475288 0.060648
0.088938 4.374074 0.058261
0.089444 4.369366 0.057825
0.089951 4.432503 0.055793
0.090458 4.530755 0.058248
0.090965 4.385664 0.055427
0.091471 4.399266 0.056837
0.091978 4.434865 0.057576
0.092485 4.410588 0.057909
0.092992 4.366773 0.056102
0.093498 4.439003 0.056090
0.094005 4.501540 0.059729
0.094512 4.346041 0.058638
0.095019 4.355915 0.057595
0.095525 4.323733 0.058675
0.096032 4.397452 0.057728
0.096539 4.283890 0.055258
0.097046 4.418470 0.057155
0.097552 4.377753 0.057526
0.098059 4.427658 0.055853
0.098566 4.358135 0.057561
0.099073 4.420692 0.056470
0.099579 4.328976 0.056443
0.100086 4.368238 0.057749
0.100593 4.367730 0.057419
0.101100 4.342764 0.056102
0.101606 4.339753 0.055018
0.102113 4.293090 0.057642
0.102620 4.481186 0.059774
0.103127 4.497301 0.059270
0.103633 4.416067 0.056869
0.104140 4.447030 0.059189
0.104647 4.311334 0.057919
0.105154 4.281555 0.057330
0.105660 4.228720 0.056544
0.106167 4.310402 0.057579
0.106674 4.307022 0.056425
0.107181 4.313031 0.054358
0.107687 4.326135 0.054604
0.108194 4.225231 0.055155
0.108701 4.312390 0.053835
0.109208 4.361412 0.053959
0.109714 4.233617 0.053490
0.110221 4.342386 0.052905
0.110728 4.282323 0.052522
0.111235 4.328646 0.051904
0.111741 4.213865 0.050910
0.112248 4.235990 0.051459
0.112755 4.273695 0.052105
0.113262 4.264085 0.052754
0.113768 4.265298 0.050015
0.114275 4.348663 0.052742
0.114782 4.330488 0.051154
0.115289 4.219803 0.050339
0.115795 4.259408 0.050417
0.116302 4.234933 0.051196
0.116809 4.254648 0.050375
0.117316 4.217410 0.050001
0.117822 4.155232 0.049692
0.118329 4.228885 0.049452
0.118836 4.197707 0.049697
0.119342 4.199590 0.048495
0.119849 4.178002 0.046847
0.120356 4.214071 0.047721
0.120863 4.203723 0.048558
0.121369 4.183852 0.048162
0.121876 4.199531 0.046981
0.122383 4.222256 0.047661
0.122890 4.162924 0.046452
0.123396 4.125872 0.047852
0.123903 4.305461 0.048000
0.124410 4.269656 0.046801
0.124917 4.212936 0.047153
0.125423 4.174887 0.045537
0.125930 4.223272 0.046381
0.126437 4.294744 0.048188
0.126944 4.206045 0.045101
0.127450 4.219412 0.045793
0.127957 4.253994 0.046091
0.128464 4.270397 0.047010
0.128970 4.189204 0.045683
0.129477 4.169042 0.047020
0.129984 4.273571 0.045596
0.130491 4.140665 0.044661
0.130997 4.211468 0.044949
0.131504 4.243704 0.044173
0.132011 4.222246 0.045339
0.132518 4.196438 0.044103
0.133024 4.267649 0.044694
0.133531 4.157276 0.045280
0.134038 4.188550 0.043755
0.134545 4.146919 0.044490
0.135051 4.153953 0.044053
0.135558 4.160885 0.043125
0.136065 4.171698 0.043778
0.136571 4.148252 0.043432
0.137078 4.183772 0.043153
0.137585 4.124568 0.043645
0.138092 4.136546 0.042448
0.138598 4.201119 0.043702
0.139105 4.146166 0.043081
0.139612 4.153095 0.043110
0.140119 4.218988 0.042743
0.140625 4.084214 0.041998
0.141132 4.189231 0.042981
0.141639 4.263415 0.042702
0.142145 4.138882 0.042426
0.142652 4.129831 0.042033
0.143159 4.109395 0.042351
0.143666 4.094187 0.040548
0.144172 4.189657 0.042167
0.144679 4.177898 0.041886
0.145186 4.080623 0.041253
0.145692 4.162000 0.040957
0.146199 4.161232 0.041702
0.146706 4.171345 0.041901
0.147213 4.196667 0.041788
0.147719 4.149202 0.042138
0.148226 4.093173 0.041216
0.148733 4.182568 0.041798
0.149240 4.166789 0.041363
0.149746 4.045957 0.040600
0.150253 4.062010 0.040999
0.150760 4.097570 0.039536
0.151266 4.182387 0.041584
0.151773 4.177936 0.041607
0.152280 4.133801 0.040935
0.152787 4.114426 0.040674
0.153293 4.122055 0.039754
0.153800 4.093902 0.040672
0.154307 4.090876 0.039613
0.154813 4.081723 0.040650
0.155320 4.045973 0.040046
0.155827 4.110214 0.040930
0.156334 4.081990 0.039991
0.156840 4.148171 0.040005
0.157347 4.073138 0.038841
0.157854 4.089421 0.039472
0.158360 4.089930 0.039305
0.158867 4.135331 0.039775
0.159374 4.033127 0.038770
0.159881 4.074018 0.039819
0.160387 4.053361 0.039350
0.160894 4.086587 0.038531
0.161401 4.089119 0.038076
0.161907 4.044160 0.039722
0.162414 4.145035 0.038390
0.162921 4.034459 0.037731
0.163427 4.090147 0.038764
0.163934 4.106009 0.038335
0.164441 4.088438 0.039539
0.164948 4.116744 0.040019
0.165454 4.052904 0.038576
0.165961 4.090738 0.038065
0.166468 4.058649 0.038173
0.166974 4.049163 0.038772
0.167481 4.005469 0.036594
0.167988 4.010900 0.038004
0.168495 4.048964 0.038730
0.169001 4.028810 0.038206
0.169508 3.997293 0.038911
0.170015 4.109310 0.038763
0.170521 4.103406 0.038102
0.171028 3.959650 0.038013
0.171535 4.124067 0.037985
0.172041 4.038269 0.039302
0.172548 4.002303 0.037755
0.173055 4.084794 0.038045
0.173562 4.021554 0.038952
0.174068 4.012574 0.039177
0.174575 4.039408 0.038153
0.175082 4.087527 0.038747
0.175588 3.954616 0.038781
0.176095 3.986955 0.039003
0.176602 4.046890 0.039502
0.177108 4.031622 0.038741
0.177615 4.047270 0.039054
0.178122 4.011909 0.039747
0.178629 4.038658 0.039473
0.179135 3.920837 0.038390
0.179642 4.022576 0.038656
0.180149 4.021598 0.039365
0.180655 3.957670 0.038600
0.181162 3.979941 0.039282
0.181669 4.060535 0.039419
0.182175 4.062365 0.039098
0.182682 4.057541 0.039963
0.183189 3.968836 0.040636
0.183695 4.027618 0.039970
0.184202 4.009062 0.040312
0.184709 4.036979 0.040182
0.185216 4.025259 0.040432
0.185722 3.979612 0.040656
0.186229 3.949015 0.040854
0.186736 4.055275 0.040059
0.187242 4.001602 0.041240
0.187749 4.036720 0.040838
0.188256 3.994540 0.040932
0.188762 3.995118 0.041201
0.189269 4.001192 0.041493
0.189776 4.049871 0.042156
0.190282 4.001672 0.040660
0.190789 3.984120 0.042069
0.191296 4.022232 0.042068
0.191802 3.912254 0.040895
0.192309 3.972888 0.040735
0.192816 4.047844 0.041694
0.193323 3.928222 0.042136
0.193829 3.919095 0.042432
0.194336 4.027771 0.041864
0.194843 3.984587 0.041644
0.195349 3.986360 0.041752
0.195856 3.983791 0.041679
0.196363 4.021185 0.042981
0.196869 4.013816 0.042439
0.197376 3.999264 0.042446
0.197883 3.946400 0.042278
0.198389 4.045613 0.041731
0.198896 3.979604 0.042342
0.199403 4.094422 0.042382
0.199909 3.964886 0.041569
0.200416 3.985525 0.043134
0.200923 3.973032 0.042856
0.201429 3.996185 0.042326
0.201936 3.905304 0.042443
0.202443 3.961250 0.042591
0.202949 3.994899 0.043659
0.203456 3.973935 0.042105
0.203963 3.883449 0.042045
0.204469 4.077185 0.043346
0.204976 3.996766 0.043175
0.205483 3.972678 0.042596
0.205989 4.003288 0.043253
0.206496 4.143138 0.043021
0.207003 3.981390 0.042998
0.207509 3.918749 0.041875
0.208016 4.011956 0.041701
0.208523 3.965105 0.041405
0.209029 3.955416 0.042939
0.209536 3.959242 0.040734
0.210043 3.952754 0.042403
0.210549 3.961236 0.041474
0.211056 3.956582 0.042623
0.211563 3.922670 0.042819
0.212069 3.963946 0.041742
0.212576 3.960000 0.042840
0.213083 3.998583 0.042611
0.213589 3.929648 0.042295
0.214096 3.971090 0.042924
0.214603 3.945141 0.042916
0.215109 3.895375 0.043093
0.215616 3.853742 0.040465
0.216123 3.916619 0.042668
0.216629 3.947686 0.041565
0.217136 3.912592 0.042658
0.217643 3.963552 0.044095
0.218149 3.901605 0.041354
0.218656 3.914834 0.041399
0.219163 3.881448 0.042253
0.219669 3.909168 0.042169
0.220176 3.936144 0.043350
0.220683 3.938653 0.041294
0.221189 3.977266 0.041697
0.221696 3.948766 0.042461
0.222203 3.803063 0.041257
0.222709 3.895492 0.041834
0.223216 3.878295 0.042094
0.223722 3.907863 0.041382
0.224229 3.917747 0.041519
0.224736 3.912435 0.042392
0.225242 3.815798 0.042056
0.225749 3.775991 0.040878
0.226256 3.910394 0.042229
0.226762 3.926471 0.041418
0.227269 3.881257 0.041872
0.227776 3.846905 0.040249
0.228282 3.882368 0.041062
0.228789 3.851878 0.040915
0.229296 3.837856 0.039678
0.229802 3.822970 0.040608
0.230309 3.818269 0.040435
0.230816 3.956709 0.040673
0.231322 3.885931 0.040428
0.231829 3.912101 0.039403
0.232335 3.826010 0.040583
0.232842 3.841008 0.039512
0.233349 3.858158 0.039160
0.233855 3.839896 0.039742
0.234362 3.866511 0.039339
0.234869 3.875645 0.040143
0.235375 3.817036 0.039658
0.235882 3.839867 0.039875
0.236389 3.836144 0.040344
0.236895 3.911358 0.039822
0.237402 3.891603 0.039020
0.237908 3.849288 0.038497
0.238415 3.872418 0.038430
0.238922 3.850975 0.038253
0.239428 3.821081 0.037935
0.239935 3.854441 0.038931
0.240442 3.829441 0.038459
0.240948 3.793822 0.038935
0.241455 3.839827 0.038382
0.241962 3.843229 0.038412
0.242468 3.835449 0.038324
0.242975 3.866780 0.038220
0.243481 3.844961 0.037652
0.243988 3.874629 0.038816
0.244495 3.723309 0.038293
0.245001 3.863400 0.037627
0.245508 3.807865 0.036382
0.246015 3.833644 0.038188
0.246521 3.837531 0.037801
0.247028 3.796081 0.037331
0.247534 3.821802 0.037628
0.248041 3.764831 0.037696
0.248548 3.801504 0.037613
0.249054 3.782489 0.037785
0.249561 3.784783 0.036485
0.250068 3.848953 0.037459
0.250574 3.861281 0.035743
0.251081 3.785073 0.037367
0.251587 3.781580 0.037140
0.252094 3.773576 0.036285
0.252601 3.788237 0.036392
0.253107 3.830782 0.037182
0.253614 3.801162 0.036658
0.254120 3.768241 0.036049
0.254627 3.843599 0.036612
0.255134 3.795942 0.036729
0.255640 3.795669 0.036104
0.256147 3.834307 0.036769
0.256654 3.761463 0.036333
0.257160 3.787200 0.035889
0.257667 3.809201 0.035845
0.258173 3.784100 0.035381
0.258680 3.777266 0.035575
0.259187 3.770147 0.035773
0.259693 3.782356 0.035208
0.260200 3.776631 0.035241
0.260706 3.849098 0.035857
0.261213 3.835037 0.035921
0.261720 3.761616 0.035105
0.262226 3.731073 0.036150
0.262733 3.787822 0.035270
0.263239 3.813614 0.035777
0.263746 3.780909 0.035169
0.264253 3.762900 0.035372
0.264759 3.698915 0.035001
0.265266 3.726582 0.034115
0.265772 3.775563 0.034983
0.266279 3.784468 0.035402
0.266786 3.779455 0.034477
0.267292 3.777619 0.035347
0.267799 3.752853 0.033881
0.268305 3.760594 0.034392
0.268812 3.748128 0.034796
0.269319 3.747783 0.034186
0.269825 3.747975 0.033718
0.270332 3.789278 0.034742
0.270838 3.743616 0.034012
0.271345 3.750003 0.033882
0.271852 3.766247 0.034784
0.272358 3.763836 0.034774
0.272865 3.730200 0.033728
0.273371 3.735874 0.034027
0.273878 3.765240 0.034456
0.274385 3.733451 0.034453
0.274891 3.713568 0.032946
0.275398 3.780795 0.033832
0.275904 3.678993 0.033364
0.276411 3.757956 0.033563
0.276917 3.697406 0.032465
0.277424 3.738670 0.033886
0.277931 3.713919 0.033367
0.278437 3.707012 0.033574
0.278944 3.787281 0.033782
0.279450 3.689817 0.032944
0.279957 3.670793 0.032684
0.280464 3.724847 0.032969
0.280970 3.687094 0.033017
0.281477 3.722889 0.033867
0.281983 3.648810 0.034128
0.282490 3.693979 0.033232
0.282996 3.672016 0.033196
0.283503 3.760391 0.033620
0.284010 3.676380 0.033555
0.284516 3.637708 0.032111
0.285023 3.736519 0.031892
0.285529 3.686062 0.032452
0.286036 3.725445 0.032667
0.286542 3.675869 0.033502
0.287049 3.702846 0.033173
0.287556 3.658195 0.032666
0.288062 3.704593 0.032956
0.288569 3.715131 0.032411
0.289075 3.665065 0.032630
0.289582 3.685723 0.033235
0.290088 3.716138 0.033140
0.290595 3.703375 0.032276
0.291102 3.662380 0.032528
0.291608 3.681412 0.032643
0.292115 3.687001 0.032720
0.292621 3.620163 0.032192
0.293128 3.721771 0.032963
0.293634 3.632217 0.032969
0.294141 3.694368 0.032856
0.294647 3.642619 0.031592
0.295154 3.721250 0.032816
0.295661 3.623613 0.032612
0.296167 3.610203 0.032607
0.296674 3.651237 0.032351
0.297180 3.683910 0.033175
0.297687 3.626948 0.032716
0.298193 3.698175 0.032962
0.298700 3.565592 0.032348
0.299206 3.671265 0.032580
0.299713 3.656780 0.033112
0.300220 3.676085 0.032406
0.300726 3.687522 0.032555
0.301233 3.626026 0.032320
0.301739 3.671599 0.033095
0.302246 3.642641 0.032552
0.302752 3.597344 0.032106
0.303259 3.616057 0.032561
0.303765 3.582849 0.032172
0.304272 3.612282 0.032437
0.304779 3.630421 0.032215
0.305285 3.656237 0.031738
0.305792 3.665358 0.033150
0.306298 3.624219 0.032230
0.306805 3.634258 0.032976
0.307311 3.603491 0.031772
0.307818 3.606850 0.032328
0.308324 3.648769 0.032868
0.308831 3.571166 0.032134
0.309337 3.631211 0.032436
0.309844 3.592310 0.033046
0.310350 3.666860 0.033184
0.310857 3.647269 0.033654
0.311364 3.616098 0.033416
0.311870 3.599547 0.034735
0.312377 3.637378 0.033814
0.312883 3.621446 0.034348
0.313390 3.566698 0.034607
0.313896 3.595449 0.033814
0.314403 3.552871 0.033769
0.314909 3.540021 0.034421
0.315416 3.606936 0.034228
0.315922 3.599939 0.033753
0.316429 3.647163 0.034339
0.316935 3.537943 0.034499
0.317442 3.612268 0.034430
0.317948 3.650539 0.035077
0.318455 3.614873 0.036130
0.318961 3.607962 0.035234
0.319468 3.646865 0.035993
0.319975 3.528195 0.034055
0.320481 3.578084 0.035401
0.320988 3.615890 0.035896
0.321494 3.602511 0.035810
0.322001 3.606854 0.035169
0.322507 3.551383 0.035960
0.323014 3.525085 0.034913
0.323520 3.592576 0.035588
0.324027 3.583400 0.036099
0.324533 3.580844 0.035256
0.325040 3.618847 0.035636
0.325546 3.522373 0.034321
0.326053 3.555565 0.035065
0.326559 3.535622 0.034058
0.327066 3.629486 0.035587
0.327572 3.594509 0.035055
0.328079 3.592613 0.036386
0.328585 3.532162 0.035362
0.329092 3.622738 0.035103
0.329598 3.576436 0.036394
0.330105 3.584350 0.035739
0.330611 3.624096 0.036234
0.331118 3.596276 0.035607
0.331624 3.601866 0.035545
0.332131 3.600493 0.035106
0.332637 3.622188 0.035711
0.333144 3.561573 0.036259
0.333650 3.564373 0.036485
0.334157 3.588501 0.036318
0.334663 3.524401 0.036325
0.335170 3.542702 0.036144
0.335676 3.585118 0.036838
0.336183 3.593502 0.036242
0.336689 3.616822 0.036600
0.337196 3.549698 0.036586
0.337702 3.609055 0.036390
0.338209 3.670150 0.037499
0.338715 3.550843 0.036129
0.339222 3.567372 0.036306
0.339728 3.579784 0.035987
0.340235 3.617550 0.037443
0.340741 3.591485 0.036025
0.341248 3.576623 0.036218
0.341754 3.570523 0.036610
0.342261 3.593432 0.036236
0.342767 3.525634 0.036417
0.343274 3.569414 0.036898
0.343780 3.594395 0.037164
0.344287 3.630115 0.036740
0.344793 3.535488 0.036097
0.345300 3.535446 0.036748
0.345806 3.555887 0.036660
0.346313 3.575893 0.035874
0.346819 3.558959 0.037006
0.347325 3.581169 0.036053
0.347832 3.547389 0.036553
0.348338 3.495968 0.035947
0.348845 3.518777 0.036892
0.349351 3.626757 0.036633
0.349858 3.604673 0.037048
0.350364 3.593937 0.037714
0.350871 3.544040 0.036667
0.351377 3.563780 0.037114
0.351884 3.572735 0.036670
0.352390 3.571864 0.037356
0.352897 3.557810 0.037247
0.353403 3.555826 0.036890
0.353910 3.570436 0.037447
0.354416 3.530642 0.036399
0.354923 3.570486 0.036634
0.355429 3.532416 0.035081
0.355935 3.530639 0.035860
0.356442 3.515037 0.035000
0.356948 3.571267 0.035694
0.357455 3.528590 0.034406
0.357961 3.499113 0.035184
0.358468 3.557810 0.035343
0.358974 3.567678 0.035267
0.359481 3.524847 0.035083
0.359987 3.518976 0.035092
0.360494 3.480614 0.034957
0.361000 3.482641 0.036184
0.361506 3.520221 0.035771
0.362013 3.539848 0.035963
0.362519 3.498113 0.035436
0.363026 3.551485 0.035388
0.363532 3.568588 0.036690
0.364039 3.484402 0.036037
0.364545 3.512480 0.035602
0.365052 3.547225 0.036316
0.365558 3.508351 0.035373
0.366064 3.609018 0.035793
0.366571 3.485687 0.036059
0.367077 3.469111 0.035542
0.367584 3.536895 0.036800
0.368090 3.564518 0.035381
0.368597 3.506696 0.037005
0.369103 3.488086 0.036841
0.369610 3.453202 0.037640
0.370116 3.467907 0.036721
0.370622 3.430545 0.036811
0.371129 3.422553 0.038041
0.371635 3.469690 0.037261
0.372142 3.432391 0.037940
0.372648 3.506934 0.037183
0.373155 3.550499 0.038189
0.373661 3.492144 0.038126
0.374167 3.469649 0.037523
0.374674 3.459212 0.038153
0.375180 3.459157 0.038162
0.375687 3.502808 0.037841
0.376193 3.580162 0.038581
0.376700 3.482804 0.037607
0.377206 3.543763 0.038655
0.377712 3.551638 0.038545
0.378219 3.500463 0.038637
0.378725 3.470945 0.038958
0.379232 3.552241 0.040310
0.379738 3.502863 0.039797
0.380245 3.460906 0.039074
0.380751 3.538196 0.039512
0.381257 3.543184 0.040495
0.381764 3.416583 0.040174
0.382270 3.459289 0.039245
0.382777 3.493380 0.040821
0.383283 3.517419 0.039567
0.383789 3.474329 0.041276
0.384296 3.463594 0.040635
0.384802 3.462631 0.042009
0.385309 3.384478 0.041326
0.385815 3.409264 0.040814
0.386321 3.372060 0.042723
0.386828 3.516815 0.042148
0.387334 3.521034 0.043440
0.387841 3.488371 0.042733
0.388347 3.479692 0.042509
0.388853 3.492655 0.043510
0.389360 3.368172 0.042957
0.389866 3.404920 0.043161
0.390373 3.445721 0.044351
0.390879 3.432323 0.044941
0.391385 3.421129 0.043799
0.391892 3.490731 0.044479
0.392398 3.469292 0.044687
0.392905 3.428468 0.044920
0.393411 3.425124 0.044681
0.393917 3.457929 0.044559
0.394424 3.439478 0.048502
0.394930 3.449204 0.045144
0.395437 3.385636 0.045725
0.395943 3.429465 0.046638
0.396449 3.465730 0.045142
0.396956 3.512434 0.047461
0.397462 3.536963 0.046362
0.397969 3.416713 0.046722
0.398475 3.433043 0.046968
0.398981 3.452076 0.046659
0.399488 3.314348 0.045692
0.399994 3.463749 0.046959
0.400500 3.458335 0.046711
0.401007 3.431896 0.046826
0.401513 3.402834 0.048343
0.402020 3.409833 0.047906
0.402526 3.397073 0.047732
0.403032 3.438001 0.047692
0.403539 3.396562 0.047577
0.404045 3.408451 0.049838
0.404551 3.278014 0.047021
0.405058 3.419511 0.050000
0.405564 3.390147 0.049949
0.406071 3.413473 0.050244
0.406577 3.374865 0.050990
0.407083 3.357585 0.048972
0.407590 3.298730 0.047807
0.408096 3.417518 0.049491
0.408602 3.314950 0.049755
0.409109 3.398106 0.049187
0.409615 3.419423 0.050528
0.410121 3.413866 0.051134
0.410628 3.358888 0.051080
0.411134 3.382858 0.049183
0.411641 3.430847 0.050374
0.412147 3.316307 0.051029
0.412653 3.353731 0.050509
0.413160 3.369491 0.050719
0.413666 3.315360 0.051220
0.414172 3.284746 0.050186
0.414679 3.302138 0.050254
0.415185 3.278840 0.051047
0.415691 3.370893 0.052927
0.416198 3.379138 0.051976
0.416704 3.293782 0.051078
0.417210 3.378257 0.055157
0.417717 3.317502 0.050537
0.418223 3.364508 0.050596
0.418729 3.324112 0.052303
0.419236 3.353957 0.053151
0.419742 3.384962 0.052091
0.420248 3.265341 0.050399
0.420755 3.321531 0.053938
0.421261 3.334491 0.054546
0.421767 3.455684 0.056016
0.422274 3.347452 0.051506
0.422780 3.388867 0.053220
0.423286 3.269182 0.053386
0.423793 3.333278 0.055041
0.424299 3.290724 0.053522
0.424805 3.347959 0.053792
0.425312 3.347334 0.054717
0.425818 3.393249 0.056679
0.426324 3.362387 0.057004
0.426831 3.277367 0.056882
0.427337 3.400796 0.056407
0.427843 3.337103 0.057712
0.428350 3.382723 0.060500
0.428856 3.433700 0.057120
0.429362 3.234869 0.058102
0.429869 3.356325 0.060835
0.430375 3.385578 0.060307
0.430881 3.292098 0.059959
0.431388 3.348337 0.061138
0.431894 3.414062 0.061996
0.432400 3.236305 0.060224
0.432907 3.334327 0.060010
0.433413 3.303754 0.064098
0.433919 3.381341 0.064434
0.434425 3.315110 0.063886
0.434932 3.311790 0.061789
0.435438 3.299350 0.063977
0.435944 3.324656 0.062139
0.436451 3.315544 0.064927
0.436957 3.409682 0.065055
0.437463 3.404556 0.068318
0.437970 3.312896 0.067393
0.438476 3.291979 0.065437
0.438982 3.377276 0.069858
0.439488 3.274552 0.066128
0.439995 3.196284 0.062365
