0.009882 109.305951 24.786394
0.010389 72.521122 13.224247
0.010896 68.846456 13.064994
0.011402 57.891190 10.785524
0.011909 33.368597 6.364890
0.012416 39.333559 5.878522
0.012923 27.863188 3.634132
0.013430 24.310976 3.519564
0.013936 20.653996 2.263480
0.014443 18.769378 1.858589
0.014950 16.687640 1.031674
0.015457 15.438495 0.850755
0.015963 14.270577 0.736065
0.016470 13.570691 0.557159
0.016977 12.234419 0.417531
0.017484 11.519052 0.326276
0.017990 10.930827 0.273897
0.018497 10.455581 0.263642
0.019004 9.904442 0.252283
0.019511 9.631718 0.221529
0.020018 9.142996 0.179409
0.020524 8.773420 0.192866
0.021031 8.558848 0.180285
0.021538 8.100515 0.165683
0.022045 7.793127 0.161360
0.022551 7.842076 0.158777
0.023058 7.672233 0.155640
0.023565 7.462891 0.156830
0.024072 7.210686 0.148664
0.024579 6.938756 0.136954
0.025085 6.820108 0.138377
0.025592 6.697715 0.131231
0.026099 6.681373 0.133705
0.026606 6.537839 0.124725
0.027112 6.169794 0.125713
0.027619 6.266527 0.120552
0.028126 5.933986 0.114950
0.028633 6.228102 0.124887
0.029139 6.155451 0.116854
0.029646 6.100876 0.116646
0.030153 5.858900 0.115361
0.030660 6.015335 0.117092
0.031167 5.671950 0.112239
0.031673 5.650321 0.105287
0.032180 5.939752 0.104808
0.032687 5.681041 0.112077
0.033194 5.675387 0.102890
0.033700 5.683841 0.098878
0.034207 5.562514 0.098705
0.034714 5.434632 0.102537
0.035221 5.379886 0.102631
0.035727 5.412765 0.102675
0.036234 5.414066 0.102215
0.036741 5.193986 0.095586
0.037248 5.258237 0.094200
0.037755 5.042364 0.093592
0.038261 5.279208 0.090737
0.038768 5.365441 0.095073
0.039275 5.212187 0.089434
0.039782 5.181115 0.087620
0.040288 5.109119 0.091592
0.040795 5.113003 0.088558
0.041302 5.054849 0.090979
0.041809 5.198823 0.085858
0.042315 5.084688 0.091655
0.042822 5.047693 0.084007
0.043329 5.061107 0.081076
0.043836 4.942758 0.087278
0.044343 4.990601 0.082880
0.044849 5.003185 0.083291
0.045356 5.018759 0.087267
0.045863 4.947914 0.077206
0.046370 4.964121 0.085566
0.046876 4.956478 0.077071
0.047383 4.833087 0.079588
0.047890 4.756326 0.079168
0.048397 4.820383 0.078778
0.048903 4.712363 0.075933
0.049410 4.898702 0.078329
0.049917 4.870838 0.076265
0.050424 4.713679 0.076547
0.050931 4.793625 0.075281
0.051437 4.889653 0.070829
0.051944 4.798384 0.071265
0.052451 4.884766 0.075723
0.052958 4.830972 0.074704
0.053464 4.772837 0.070721
0.053971 4.768702 0.073577
0.054478 4.853398 0.074013
0.054985 4.725496 0.072426
0.055491 4.737822 0.072551
0.055998 4.709720 0.071335
0.056505 4.674674 0.067574
0.057012 4.655830 0.070907
0.057519 4.609896 0.069509
0.058025 4.684651 0.068979
0.058532 4.695743 0.065905
0.059039 4.731764 0.068497
0.059546 4.655596 0.068369
0.060052 4.589996 0.062943
0.060559 4.675763 0.065999
0.061066 4.673328 0.068040
0.061573 4.625798 0.063045
0.062079 4.729386 0.067074
0.062586 4.553502 0.065001
0.063093 4.586846 0.065740
0.063600 4.579910 0.064235
0.064106 4.596775 0.064713
0.064613 4.612167 0.065136
0.065120 4.615281 0.063900
0.065627 4.571670 0.065196
0.066134 4.570508 0.064320
0.066640 4.481816 0.063986
0.067147 4.649387 0.063908
0.067654 4.472284 0.062075
0.068161 4.456552 0.061030
0.068667 4.611762 0.061991
0.069174 4.593539 0.062924
0.069681 4.576142 0.060702
0.070188 4.530274 0.061854
0.070694 4.564168 0.059740
0.071201 4.561063 0.060525
0.071708 4.585360 0.060401
0.072215 4.557662 0.059701
0.072721 4.509283 0.059329
0.073228 4.521164 0.059237
0.073735 4.453013 0.060474
0.074242 4.520579 0.062892
0.074748 4.513941 0.061229
0.075255 4.494605 0.061367
0.075762 4.449528 0.057458
0.076269 4.491636 0.058486
0.076776 4.535625 0.059526
0.077282 4.458412 0.056525
0.077789 4.535465 0.059781
0.078296 4.603988 0.057407
0.078803 4.455008 0.057233
0.079309 4.484272 0.056364
0.079816 4.482673 0.058151
0.080323 4.474596 0.057945
0.080830 4.564042 0.059311
0.081336 4.556369 0.060061
0.081843 4.568622 0.059854
0.082350 4.511128 0.056370
0.082857 4.449295 0.058913
0.083363 4.486442 0.059327
0.083870 4.484501 0.058985
0.084377 4.485030 0.058695
0.084884 4.464327 0.058465
0.085390 4.434768 0.058758
0.085897 4.405330 0.057994
0.086404 4.395547 0.058800
0.086911 4.348259 0.058570
0.087417 4.444372 0.058193
0.087924 4.398524 0.058448
0.088431 4.375732 0.059646
0.088938 4.406393 0.058330
0.089444 4.470329 0.062057
0.089951 4.323336 0.057440
0.090458 4.391540 0.057772
0.090965 4.413451 0.057739
0.091471 4.379214 0.056733
0.091978 4.321888 0.058851
0.092485 4.402579 0.060297
0.092992 4.369076 0.058472
0.093498 4.374137 0.057997
0.094005 4.330596 0.059367
0.094512 4.352919 0.059029
0.095019 4.305820 0.056132
0.095525 4.407614 0.058979
0.096032 4.278416 0.055259
0.096539 4.391235 0.055374
0.097046 4.368643 0.057768
0.097552 4.427924 0.056569
0.098059 4.375790 0.056984
0.098566 4.389114 0.057265
0.099073 4.390262 0.056338
0.099579 4.411777 0.056357
0.100086 4.357081 0.056772
0.100593 4.370725 0.056489
0.101100 4.359935 0.056896
0.101606 4.273159 0.056920
0.102113 4.254515 0.055238
0.102620 4.342490 0.057416
0.103127 4.273591 0.058202
0.103633 4.285578 0.058560
0.104140 4.351022 0.056762
0.104647 4.279681 0.056340
0.105154 4.360843 0.057513
0.105660 4.321197 0.057744
0.106167 4.381039 0.057007
0.106674 4.245376 0.053549
0.107181 4.231991 0.053731
0.107687 4.348649 0.054778
0.108194 4.281437 0.053435
0.108701 4.386624 0.055628
0.109208 4.331220 0.053320
0.109714 4.279700 0.051215
0.110221 4.176079 0.049987
0.110728 4.309841 0.050612
0.111235 4.358111 0.051266
0.111741 4.255471 0.050057
0.112248 4.257438 0.051394
0.112755 4.243017 0.049498
0.113262 4.315315 0.052051
0.113768 4.196968 0.050682
0.114275 4.247688 0.050205
0.114782 4.220602 0.050566
0.115289 4.224805 0.051940
0.115795 4.294798 0.051240
0.116302 4.298105 0.050697
0.116809 4.132881 0.047873
0.117316 4.245414 0.050509
0.117822 4.173276 0.049422
0.118329 4.238139 0.050119
0.118836 4.340023 0.049670
0.119342 4.267279 0.048668
0.119849 4.221259 0.047363
0.120356 4.268605 0.048697
0.120863 4.326835 0.047503
0.121369 4.161506 0.047219
0.121876 4.179531 0.047143
0.122383 4.166639 0.047271
0.122890 4.174553 0.049077
0.123396 4.151989 0.047226
0.123903 4.124927 0.047202
0.124410 4.208722 0.047827
0.124917 4.184832 0.046853
0.125423 4.197241 0.046742
0.125930 4.192187 0.048558
0.126437 4.182456 0.048305
0.126944 4.181702 0.044674
0.127450 4.235775 0.046497
0.127957 4.181041 0.045705
0.128464 4.174409 0.046502
0.128970 4.147961 0.045859
0.129477 4.210778 0.046381
0.129984 4.208964 0.045055
0.130491 4.123412 0.044945
0.130997 4.166617 0.044077
0.131504 4.189548 0.044098
0.132011 4.196274 0.043281
0.132518 4.090334 0.043178
0.133024 4.190315 0.044373
0.133531 4.217924 0.043864
0.134038 4.132098 0.043078
0.134545 4.198590 0.043767
0.135051 4.187011 0.043963
0.135558 4.215415 0.045065
0.136065 4.122321 0.042821
0.136571 4.169217 0.044339
0.137078 4.121632 0.044041
0.137585 4.164954 0.042807
0.138092 4.141532 0.043429
0.138598 4.099534 0.042707
0.139105 4.110834 0.041631
0.139612 4.186092 0.042357
0.140119 4.129165 0.041650
0.140625 4.209367 0.043062
0.141132 4.188339 0.042619
0.141639 4.153699 0.040852
0.142145 4.154409 0.041783
0.142652 4.173851 0.042697
0.143159 4.224495 0.042174
0.143666 4.167321 0.041038
0.144172 4.156630 0.042479
0.144679 4.101352 0.042367
0.145186 4.183756 0.043161
0.145692 4.139206 0.040677
0.146199 4.153057 0.042202
0.146706 4.129133 0.041256
0.147213 4.050420 0.040300
0.147719 4.034019 0.042186
0.148226 4.144164 0.040664
0.148733 4.064273 0.042419
0.149240 4.110814 0.040481
0.149746 4.029136 0.040571
0.150253 4.114201 0.040846
0.150760 4.118284 0.040597
0.151266 4.003966 0.039789
0.151773 4.140158 0.041630
0.152280 4.053647 0.039679
0.152787 4.118133 0.040429
0.153293 4.035185 0.039977
0.153800 4.118764 0.039389
0.154307 4.037198 0.039260
0.154813 4.115210 0.040733
0.155320 4.093426 0.039539
0.155827 4.017970 0.039299
0.156334 4.074410 0.039361
0.156840 4.091223 0.040385
0.157347 4.056508 0.039361
0.157854 4.112681 0.038876
0.158360 4.103287 0.039359
0.158867 4.060853 0.038669
0.159374 4.007018 0.039374
0.159881 4.077148 0.039252
0.160387 3.974221 0.039369
0.160894 4.074089 0.038520
0.161401 4.034948 0.039017
0.161907 4.087716 0.038904
0.162414 4.019716 0.038289
0.162921 4.065172 0.040299
0.163427 4.033947 0.039075
0.163934 3.981630 0.038605
0.164441 4.046696 0.039445
0.164948 4.044225 0.038607
0.165454 4.059640 0.038540
0.165961 4.062041 0.038049
0.166468 3.997283 0.037986
0.166974 4.019894 0.037622
0.167481 4.112055 0.038726
0.167988 4.012351 0.037819
0.168495 4.053457 0.037719
0.169001 4.077171 0.039285
0.169508 4.062244 0.038632
0.170015 4.141061 0.039423
0.170521 4.060862 0.040229
0.171028 4.023349 0.039298
0.171535 4.019127 0.038865
0.172041 4.006922 0.039538
0.172548 4.023225 0.037845
0.173055 4.085913 0.039438
0.173562 4.022321 0.038819
0.174068 4.034191 0.039286
0.174575 4.003568 0.039164
0.175082 4.044230 0.039365
0.175588 3.947226 0.038355
0.176095 3.950470 0.038074
0.176602 4.000177 0.037858
0.177108 4.083175 0.039526
0.177615 4.024338 0.038967
0.178122 3.965022 0.038061
0.178629 4.034784 0.039444
0.179135 3.974978 0.038246
0.179642 4.013988 0.040144
0.180149 4.000812 0.038663
0.180655 3.957651 0.038905
0.181162 4.076993 0.039277
0.181669 3.998707 0.039646
0.182175 4.052628 0.039899
0.182682 4.075267 0.039780
0.183189 4.149441 0.041078
0.183695 3.949319 0.039882
0.184202 4.084792 0.041119
0.184709 4.039090 0.040748
0.185216 3.995583 0.040255
0.185722 4.005785 0.040944
0.186229 3.964627 0.040963
0.186736 4.063870 0.041029
0.187242 4.005879 0.041944
0.187749 3.984222 0.041334
0.188256 4.017797 0.041369
0.188762 4.051137 0.041238
0.189269 3.916723 0.040868
0.189776 3.994085 0.041259
0.190282 4.054865 0.041482
0.190789 3.999066 0.042337
0.191296 3.972146 0.042339
0.191802 4.019524 0.041715
0.192309 4.009748 0.041728
0.192816 4.013389 0.042477
0.193323 3.985513 0.042072
0.193829 4.068945 0.041771
0.194336 3.984423 0.041747
0.194843 3.966444 0.041341
0.195349 4.052367 0.040806
0.195856 3.914510 0.042272
0.196363 3.975174 0.041498
0.196869 3.918980 0.042028
0.197376 4.034143 0.043002
0.197883 3.951412 0.041340
0.198389 3.982243 0.042059
0.198896 3.986470 0.043594
0.199403 3.997997 0.041297
0.199909 4.001624 0.042392
0.200416 3.961120 0.042269
0.200923 3.920852 0.041823
0.201429 3.931250 0.043002
0.201936 3.975290 0.041426
0.202443 3.998005 0.043101
0.202949 3.982472 0.042174
0.203456 3.958146 0.042874
0.203963 3.931055 0.043159
0.204469 3.951168 0.042319
0.204976 3.946056 0.041835
0.205483 4.011746 0.043759
0.205989 3.993826 0.043087
0.206496 3.921842 0.041880
0.207003 3.970625 0.042334
0.207509 4.049981 0.044023
0.208016 4.064676 0.044303
0.208523 3.959043 0.042632
0.209029 3.969086 0.042380
0.209536 3.945578 0.043127
0.210043 4.012876 0.043139
0.210549 3.941465 0.042994
0.211056 3.970357 0.042394
0.211563 3.956201 0.043031
0.212069 3.982000 0.043199
0.212576 3.972682 0.043000
0.213083 3.975023 0.041502
0.213589 3.869256 0.042171
0.214096 3.968300 0.042197
0.214603 3.998708 0.042383
0.215109 3.906927 0.042167
0.215616 3.965663 0.041672
0.216123 3.941851 0.042372
0.216629 3.954206 0.042884
0.217136 3.946110 0.042833
0.217643 3.921538 0.043156
0.218149 3.931303 0.043771
0.218656 3.842203 0.042219
0.219163 3.878727 0.041528
0.219669 3.898499 0.041957
0.220176 3.959486 0.042053
0.220683 3.938203 0.041458
0.221189 3.914761 0.041180
0.221696 3.899926 0.041501
0.222203 3.869767 0.041115
0.222709 3.930647 0.041244
0.223216 3.848210 0.041968
0.223722 3.908715 0.041748
0.224229 3.955931 0.042605
0.224736 3.853020 0.042550
0.225242 3.847814 0.042032
0.225749 3.936803 0.042658
0.226256 3.877197 0.040876
0.226762 3.959885 0.041639
0.227269 3.855027 0.039835
0.227776 3.829621 0.040325
0.228282 3.785777 0.041032
0.228789 3.930230 0.041522
0.229296 3.864973 0.039364
0.229802 3.818711 0.041330
0.230309 3.802240 0.041155
0.230816 3.834515 0.039726
0.231322 3.779769 0.039609
0.231829 3.832375 0.040285
0.232335 3.863311 0.040097
0.232842 3.859215 0.038845
0.233349 3.874176 0.039707
0.233855 3.831226 0.040075
0.234362 3.822616 0.038718
0.234869 3.851252 0.039530
0.235375 3.830136 0.038378
0.235882 3.797958 0.038694
0.236389 3.844067 0.039144
0.236895 3.799779 0.038534
0.237402 3.818244 0.039736
0.237908 3.791062 0.038915
0.238415 3.858537 0.038526
0.238922 3.839866 0.038643
0.239428 3.764710 0.038871
0.239935 3.882607 0.038999
0.240442 3.827022 0.039084
0.240948 3.847724 0.039561
0.241455 3.841383 0.038056
0.241962 3.811908 0.038826
0.242468 3.834809 0.038963
0.242975 3.803701 0.037938
0.243481 3.795642 0.037057
0.243988 3.785253 0.038146
0.244495 3.847457 0.038113
0.245001 3.852057 0.037217
0.245508 3.805989 0.036511
0.246015 3.859616 0.038201
0.246521 3.829940 0.037281
0.247028 3.777587 0.037473
0.247534 3.768850 0.037184
0.248041 3.780058 0.037233
0.248548 3.755623 0.036750
0.249054 3.758596 0.037623
0.249561 3.882430 0.037592
0.250068 3.873125 0.037822
0.250574 3.762043 0.036478
0.251081 3.748765 0.037229
0.251587 3.877088 0.037743
0.252094 3.862062 0.036953
0.252601 3.777850 0.036363
0.253107 3.829000 0.037106
0.253614 3.780373 0.036518
0.254120 3.807016 0.036513
0.254627 3.717046 0.036751
0.255134 3.763671 0.036228
0.255640 3.785619 0.035366
0.256147 3.781123 0.037228
0.256654 3.777627 0.036170
0.257160 3.779306 0.036673
0.257667 3.804709 0.036004
0.258173 3.769979 0.035407
0.258680 3.764101 0.035375
0.259187 3.797263 0.034558
0.259693 3.809638 0.035573
0.260200 3.831932 0.035403
0.260706 3.764476 0.034561
0.261213 3.747746 0.035927
0.261720 3.825091 0.036377
0.262226 3.791762 0.034819
0.262733 3.720248 0.035638
0.263239 3.843174 0.035966
0.263746 3.797379 0.035297
0.264253 3.794675 0.034717
0.264759 3.721389 0.034587
0.265266 3.761512 0.034559
0.265772 3.774579 0.034924
0.266279 3.747849 0.034449
0.266786 3.766533 0.034795
0.267292 3.711512 0.034667
0.267799 3.727502 0.033720
0.268305 3.744789 0.034875
0.268812 3.758523 0.034608
0.269319 3.775790 0.034811
0.269825 3.769949 0.034402
0.270332 3.719502 0.033515
0.270838 3.781966 0.034774
0.271345 3.759420 0.033274
0.271852 3.702499 0.033639
0.272358 3.724656 0.033224
0.272865 3.762753 0.033660
0.273371 3.733057 0.034251
0.273878 3.725672 0.033733
0.274385 3.692444 0.033745
0.274891 3.767116 0.033406
0.275398 3.713993 0.032999
0.275904 3.729485 0.034118
0.276411 3.681344 0.033816
0.276917 3.757683 0.034599
0.277424 3.768490 0.033192
0.277931 3.723407 0.032948
0.278437 3.718558 0.033712
0.278944 3.695712 0.033515
0.279450 3.703236 0.032794
0.279957 3.736835 0.033614
0.280464 3.726661 0.033153
0.280970 3.712737 0.033240
0.281477 3.735936 0.033576
0.281983 3.760937 0.033431
0.282490 3.708180 0.033064
0.282996 3.716783 0.032913
0.283503 3.669546 0.032596
0.284010 3.758694 0.032593
0.284516 3.710949 0.033475
0.285023 3.647187 0.032955
0.285529 3.657382 0.033128
0.286036 3.639312 0.032850
0.286542 3.689213 0.033291
0.287049 3.655131 0.033335
0.287556 3.674304 0.033469
0.288062 3.736179 0.033452
0.288569 3.666141 0.032983
0.289075 3.696725 0.033113
0.289582 3.673466 0.032512
0.290088 3.704090 0.033344
0.290595 3.671253 0.033137
0.291102 3.667447 0.033310
0.291608 3.619716 0.032790
0.292115 3.643273 0.032787
0.292621 3.717349 0.032975
0.293128 3.654841 0.032817
0.293634 3.669794 0.033468
0.294141 3.624890 0.032862
0.294647 3.669482 0.033075
0.295154 3.676601 0.033705
0.295661 3.641327 0.032958
0.296167 3.621737 0.032844
0.296674 3.637134 0.032662
0.297180 3.652854 0.033271
0.297687 3.660236 0.033203
0.298193 3.642066 0.032592
0.298700 3.590305 0.032350
0.299206 3.561832 0.032964
0.299713 3.638733 0.032646
0.300220 3.621192 0.032275
0.300726 3.628631 0.032227
0.301233 3.603649 0.032836
0.301739 3.633467 0.032625
0.302246 3.575610 0.031766
0.302752 3.580465 0.032382
0.303259 3.597195 0.032335
0.303765 3.593533 0.032488
0.304272 3.656277 0.032366
0.304779 3.620597 0.032485
0.305285 3.620143 0.032628
0.305792 3.586123 0.031909
0.306298 3.646975 0.032210
0.306805 3.590330 0.032161
0.307311 3.615650 0.032599
0.307818 3.651792 0.032703
0.308324 3.559021 0.031975
0.308831 3.637279 0.032246
0.309337 3.673033 0.032723
0.309844 3.585924 0.031620
0.310350 3.569873 0.032723
0.310857 3.663408 0.033366
0.311364 3.626002 0.033746
0.311870 3.568026 0.034521
0.312377 3.561407 0.034625
0.312883 3.650628 0.034694
0.313390 3.609202 0.034799
0.313896 3.617250 0.034322
0.314403 3.604961 0.034776
0.314909 3.613244 0.035113
0.315416 3.626917 0.035249
0.315922 3.608095 0.035419
0.316429 3.583265 0.034173
0.316935 3.647435 0.036075
0.317442 3.612963 0.035445
0.317948 3.567138 0.034907
0.318455 3.574304 0.035302
0.318961 3.605121 0.036018
0.319468 3.600029 0.035940
0.319975 3.594215 0.035841
0.320481 3.633763 0.036204
0.320988 3.611253 0.035325
0.321494 3.598302 0.035964
0.322001 3.572783 0.035307
0.322507 3.545304 0.035898
0.323014 3.592257 0.034107
0.323520 3.552391 0.035416
0.324027 3.583757 0.035422
0.324533 3.627867 0.035064
0.325040 3.604055 0.035164
0.325546 3.639763 0.035548
0.326053 3.584356 0.035167
0.326559 3.582670 0.034447
0.327066 3.557151 0.035654
0.327572 3.560487 0.035451
0.328079 3.554774 0.034887
0.328585 3.617506 0.035610
0.329092 3.577391 0.035122
0.329598 3.538999 0.035691
0.330105 3.603379 0.035745
0.330611 3.573542 0.035440
0.331118 3.607264 0.035886
0.331624 3.593473 0.035384
0.332131 3.603016 0.036387
0.332637 3.584179 0.036445
0.333144 3.611679 0.036477
0.333650 3.586310 0.036214
0.334157 3.555902 0.036277
0.334663 3.578644 0.035916
0.335170 3.559713 0.035792
0.335676 3.547384 0.035844
0.336183 3.603099 0.036197
0.336689 3.524314 0.036275
0.337196 3.568848 0.036843
0.337702 3.569440 0.035950
0.338209 3.575840 0.036423
0.338715 3.555708 0.036112
0.339222 3.544992 0.035214
0.339728 3.559882 0.036418
0.340235 3.593588 0.035936
0.340741 3.571870 0.036997
0.341248 3.591400 0.036194
0.341754 3.562097 0.037289
0.342261 3.551368 0.036148
0.342767 3.546319 0.036626
0.343274 3.503377 0.036559
0.343780 3.584372 0.037394
0.344287 3.507046 0.036932
0.344793 3.572090 0.036276
0.345300 3.543963 0.036324
0.345806 3.596596 0.036731
0.346313 3.515613 0.036745
0.346819 3.579268 0.036959
0.347325 3.498937 0.036646
0.347832 3.566470 0.037064
0.348338 3.568753 0.036654
0.348845 3.610190 0.037347
0.349351 3.490104 0.036501
0.349858 3.524209 0.037095
0.350364 3.519494 0.036284
0.350871 3.542473 0.037067
0.351377 3.536599 0.037319
0.351884 3.574509 0.037524
0.352390 3.607412 0.036811
0.352897 3.544210 0.038030
0.353403 3.580900 0.037025
0.353910 3.561339 0.037725
0.354416 3.448561 0.035790
0.354923 3.518316 0.036333
0.355429 3.500290 0.034640
0.355935 3.572811 0.035741
0.356442 3.544626 0.035332
0.356948 3.528176 0.034935
0.357455 3.546337 0.035326
0.357961 3.482812 0.034999
0.358468 3.543517 0.035042
0.358974 3.504555 0.034620
0.359481 3.505239 0.035278
0.359987 3.474961 0.035454
0.360494 3.599536 0.035233
0.361000 3.479229 0.035143
0.361506 3.453554 0.035004
0.362013 3.602751 0.035588
0.362519 3.490660 0.036199
0.363026 3.520749 0.035277
0.363532 3.545976 0.036753
0.364039 3.488302 0.035589
0.364545 3.511748 0.035522
0.365052 3.491422 0.035111
0.365558 3.487043 0.035848
0.366064 3.517565 0.035413
0.366571 3.522730 0.036695
0.367077 3.532760 0.036548
0.367584 3.497945 0.035754
0.368090 3.464522 0.036249
0.368597 3.475512 0.035587
0.369103 3.519198 0.037279
0.369610 3.514614 0.037530
0.370116 3.434713 0.036529
0.370622 3.449759 0.037546
0.371129 3.431646 0.037198
0.371635 3.370138 0.036730
0.372142 3.509265 0.038555
0.372648 3.417781 0.037418
0.373155 3.546003 0.036810
0.373661 3.482686 0.036928
0.374167 3.482955 0.037501
0.374674 3.414978 0.037775
0.375180 3.499843 0.037755
0.375687 3.459574 0.038394
0.376193 3.565722 0.039009
0.376700 3.392839 0.037568
0.377206 3.483095 0.038368
0.377712 3.465345 0.038124
0.378219 3.459143 0.039415
0.378725 3.527934 0.039450
0.379232 3.431405 0.038611
0.379738 3.481882 0.039896
0.380245 3.452100 0.039029
0.380751 3.391605 0.039655
0.381257 3.476982 0.040253
0.381764 3.479588 0.039991
0.382270 3.527116 0.040672
0.382777 3.457475 0.039769
0.383283 3.413411 0.038835
0.383789 3.505430 0.040767
0.384296 3.490898 0.040740
0.384802 3.528543 0.041257
0.385309 3.409357 0.041189
0.385815 3.428451 0.041192
0.386321 3.430983 0.042083
0.386828 3.417479 0.042307
0.387334 3.538883 0.043305
0.387841 3.507897 0.041535
0.388347 3.450075 0.043004
0.388853 3.406740 0.042063
0.389360 3.402012 0.042422
0.389866 3.495972 0.043083
0.390373 3.521947 0.043126
0.390879 3.444577 0.043049
0.391385 3.468793 0.043071
0.391892 3.430197 0.043388
0.392398 3.425826 0.044500
0.392905 3.359784 0.042661
0.393411 3.446205 0.044087
0.393917 3.506657 0.046719
0.394424 3.401129 0.049195
0.394930 3.336815 0.044018
0.395437 3.430475 0.044894
0.395943 3.384797 0.046293
0.396449 3.404455 0.045584
0.396956 3.390909 0.046296
0.397462 3.442234 0.044919
0.397969 3.432239 0.046184
0.398475 3.422763 0.046183
0.398981 3.476634 0.048366
0.399488 3.483475 0.047694
0.399994 3.459739 0.047278
0.400500 3.396401 0.046284
0.401007 3.384077 0.048896
0.401513 3.305142 0.047033
0.402020 3.386558 0.046049
0.402526 3.399901 0.047211
0.403032 3.437299 0.049813
0.403539 3.424959 0.047703
0.404045 3.444749 0.047782
0.404551 3.455459 0.050168
0.405058 3.399497 0.048642
0.405564 3.383691 0.049241
0.406071 3.408383 0.049386
0.406577 3.359865 0.049885
0.407083 3.376494 0.048777
0.407590 3.487356 0.050684
0.408096 3.392163 0.048820
0.408602 3.287282 0.048108
0.409109 3.326156 0.048179
0.409615 3.277356 0.050408
0.410121 3.373757 0.049674
0.410628 3.402719 0.050170
0.411134 3.467616 0.050190
0.411641 3.383698 0.052170
0.412147 3.270409 0.050210
0.412653 3.364448 0.049976
0.413160 3.364851 0.049756
0.413666 3.350890 0.052035
0.414172 3.315602 0.052722
0.414679 3.361175 0.052168
0.415185 3.384353 0.053224
0.415691 3.308022 0.051568
0.416198 3.329235 0.052161
0.416704 3.263490 0.052231
0.417210 3.342389 0.051329
0.417717 3.370018 0.052490
0.418223 3.240378 0.051554
0.418729 3.250109 0.051564
0.419236 3.348828 0.053040
0.419742 3.287984 0.051232
0.420248 3.353007 0.050294
0.420755 3.361633 0.051654
0.421261 3.378424 0.051162
0.421767 3.280230 0.052914
0.422274 3.288321 0.052335
0.422780 3.349094 0.054707
0.423286 3.369524 0.053907
0.423793 3.312524 0.052905
0.424299 3.332997 0.054268
0.424805 3.393690 0.054883
0.425312 3.407554 0.056560
0.425818 3.328885 0.055448
0.426324 3.329186 0.057870
0.426831 3.431164 0.058323
0.427337 3.329967 0.054875
0.427843 3.315652 0.057890
0.428350 3.348174 0.059657
0.428856 3.325787 0.057431
0.429362 3.322857 0.059103
0.429869 3.344296 0.058060
0.430375 3.249134 0.056310
0.430881 3.249191 0.056540
0.431388 3.356111 0.061924
0.431894 3.353368 0.062448
0.432400 3.303151 0.063419
0.432907 3.299751 0.060534
0.433413 3.356194 0.063757
0.433919 3.235698 0.061823
0.434425 3.319913 0.062927
0.434932 3.452875 0.066176
0.435438 3.320068 0.063224
0.435944 3.401853 0.065931
0.436451 3.243214 0.064883
0.436957 3.294581 0.066431
0.437463 3.345454 0.069539
0.437970 3.202466 0.065275
0.438476 3.367754 0.066734
0.438982 3.286076 0.067254
0.439488 3.340454 0.071303
0.439995 3.213935 0.066911
