0.009882 107.167054 25.373948
0.010389 74.750298 13.819937
0.010896 70.673387 14.153743
0.011402 58.236646 10.223405
0.011909 34.158075 5.870177
0.012416 40.409323 5.892511
0.012923 27.917983 3.651035
0.013430 21.917957 3.766251
0.013936 21.795030 2.273834
0.014443 19.077073 1.727904
0.014950 16.820454 1.037472
0.015457 15.931650 0.806455
0.015963 14.143886 0.650355
0.016470 13.171914 0.525360
0.016977 12.413928 0.443977
0.017484 11.573107 0.400998
0.017990 11.381328 0.286091
0.018497 10.168449 0.247443
0.019004 10.000137 0.237509
0.019511 9.368556 0.214470
0.020018 9.004219 0.182676
0.020524 8.664106 0.191065
0.021031 8.546702 0.182109
0.021538 8.070774 0.168797
0.022045 7.919445 0.156651
0.022551 7.780219 0.174414
0.023058 7.571582 0.156098
0.023565 7.149220 0.149099
0.024072 6.959906 0.144040
0.024579 6.929984 0.141093
0.025085 6.858890 0.133767
0.025592 6.675916 0.121933
0.026099 6.561479 0.128514
0.026606 6.457317 0.129550
0.027112 6.311570 0.128663
0.027619 6.259262 0.126174
0.028126 6.345346 0.125936
0.028633 6.053678 0.115156
0.029139 6.091522 0.111721
0.029646 6.053895 0.118355
0.030153 5.941511 0.117866
0.030660 5.974297 0.108849
0.031167 5.654558 0.102985
0.031673 5.774549 0.106149
0.032180 5.665548 0.106772
0.032687 5.739629 0.100556
0.033194 5.655816 0.108600
0.033700 5.654543 0.106585
0.034207 5.687048 0.096582
0.034714 5.576968 0.102922
0.035221 5.544708 0.098969
0.035727 5.427052 0.096483
0.036234 5.404991 0.103609
0.036741 5.307430 0.094277
0.037248 5.144328 0.093772
0.037755 5.183477 0.093294
0.038261 5.153351 0.091625
0.038768 5.340769 0.093286
0.039275 5.361474 0.090204
0.039782 5.195516 0.087877
0.040288 5.062716 0.089528
0.040795 5.044141 0.092229
0.041302 5.082888 0.087713
0.041809 4.934683 0.083155
0.042315 5.105773 0.088729
0.042822 4.886440 0.082213
0.043329 5.087775 0.085341
0.043836 4.871852 0.085498
0.044343 5.038091 0.082515
0.044849 4.929053 0.082148
0.045356 4.825241 0.079984
0.045863 4.866416 0.081533
0.046370 4.847176 0.081770
0.046876 4.901748 0.081527
0.047383 4.967229 0.080395
0.047890 5.029316 0.078631
0.048397 4.975838 0.079800
0.048903 4.863392 0.079027
0.049410 4.871061 0.079240
0.049917 4.891828 0.073507
0.050424 4.828403 0.078988
0.050931 4.908692 0.074702
0.051437 4.751379 0.070992
0.051944 4.978191 0.077248
0.052451 4.914603 0.073548
0.052958 4.701777 0.074451
0.053464 4.604627 0.071635
0.053971 4.765241 0.071631
0.054478 4.799881 0.072668
0.054985 4.707676 0.070490
0.055491 4.643813 0.071155
0.055998 4.662873 0.072063
0.056505 4.688476 0.069200
0.057012 4.695450 0.068982
0.057519 4.638038 0.071006
0.058025 4.644220 0.069048
0.058532 4.792300 0.069087
0.059039 4.592138 0.068712
0.059546 4.553309 0.067840
0.060052 4.677358 0.065816
0.060559 4.697021 0.067732
0.061066 4.630407 0.068790
0.061573 4.578448 0.068360
0.062079 4.570448 0.064161
0.062586 4.631500 0.067888
0.063093 4.552192 0.063889
0.063600 4.760819 0.061898
0.064106 4.707904 0.064302
0.064613 4.594374 0.066151
0.065120 4.621800 0.065020
0.065627 4.703510 0.064472
0.066134 4.556832 0.063904
0.066640 4.643396 0.062725
0.067147 4.655308 0.066055
0.067654 4.631254 0.064843
0.068161 4.522051 0.062072
0.068667 4.631390 0.059854
0.069174 4.629229 0.063862
0.069681 4.622277 0.062167
0.070188 4.497873 0.060397
0.070694 4.533147 0.060218
0.071201 4.539873 0.060706
0.071708 4.553581 0.058979
0.072215 4.519003 0.058369
0.072721 4.540226 0.060694
0.073228 4.433767 0.059463
0.073735 4.576502 0.059246
0.074242 4.518177 0.058749
0.074748 4.499352 0.059223
0.075255 4.505772 0.058654
0.075762 4.472575 0.059140
0.076269 4.476007 0.059384
0.076776 4.518326 0.056363
0.077282 4.478204 0.060043
0.077789 4.436054 0.057539
0.078296 4.395860 0.057089
0.078803 4.446090 0.056156
0.079309 4.461330 0.056085
0.079816 4.467768 0.057453
0.080323 4.515167 0.058492
0.080830 4.440563 0.057233
0.081336 4.584176 0.059433
0.081843 4.356277 0.058056
0.082350 4.447468 0.057716
0.082857 4.470897 0.057536
0.083363 4.472073 0.060144
0.083870 4.626259 0.060549
0.084377 4.421313 0.059499
0.084884 4.474763 0.059051
0.085390 4.375743 0.056739
0.085897 4.428046 0.058062
0.086404 4.525950 0.057182
0.086911 4.519393 0.060493
0.087417 4.385072 0.059316
0.087924 4.539760 0.058529
0.088431 4.365461 0.057507
0.088938 4.510443 0.057803
0.089444 4.396548 0.057376
0.089951 4.375210 0.057285
0.090458 4.534666 0.057973
0.090965 4.414995 0.056647
0.091471 4.379214 0.058100
0.091978 4.445551 0.058167
0.092485 4.300864 0.058985
0.092992 4.462738 0.058345
0.093498 4.349910 0.057899
0.094005 4.289443 0.059441
0.094512 4.415584 0.056766
0.095019 4.291177 0.056995
0.095525 4.364897 0.059261
0.096032 4.377899 0.057226
0.096539 4.387428 0.056907
0.097046 4.358678 0.055857
0.097552 4.324542 0.055724
0.098059 4.376537 0.056975
0.098566 4.368714 0.057152
0.099073 4.346900 0.057482
0.099579 4.348547 0.055525
0.100086 4.334024 0.056823
0.100593 4.339276 0.056059
0.101100 4.373373 0.057717
0.101606 4.400429 0.056070
0.102113 4.278388 0.054817
0.102620 4.284407 0.058030
0.103127 4.338662 0.055167
0.103633 4.355172 0.056946
0.104140 4.306648 0.058994
0.104647 4.407679 0.055832
0.105154 4.217036 0.056212
0.105660 4.382339 0.055810
0.106167 4.276619 0.055662
0.106674 4.291425 0.054806
0.107181 4.233426 0.053870
0.107687 4.371866 0.055153
0.108194 4.337642 0.055416
0.108701 4.262673 0.052697
0.109208 4.409445 0.052743
0.109714 4.222263 0.051687
0.110221 4.284540 0.051903
0.110728 4.233184 0.051604
0.111235 4.195729 0.049988
0.111741 4.199563 0.051295
0.112248 4.266901 0.053210
0.112755 4.157243 0.050031
0.113262 4.243924 0.049837
0.113768 4.370614 0.051745
0.114275 4.245841 0.050658
0.114782 4.216352 0.051312
0.115289 4.328674 0.050900
0.115795 4.243957 0.049736
0.116302 4.175972 0.049535
0.116809 4.200063 0.049966
0.117316 4.288002 0.049819
0.117822 4.213437 0.049362
0.118329 4.257803 0.049990
0.118836 4.289407 0.050134
0.119342 4.247371 0.048605
0.119849 4.211124 0.046783
0.120356 4.259420 0.050021
0.120863 4.158483 0.049811
0.121369 4.283295 0.049194
0.121876 4.184531 0.047227
0.122383 4.179153 0.046942
0.122890 4.188499 0.046653
0.123396 4.212928 0.048120
0.123903 4.219023 0.047081
0.124410 4.251483 0.047568
0.124917 4.251115 0.048124
0.125423 4.254723 0.047044
0.125930 4.165925 0.048547
0.126437 4.200821 0.046118
0.126944 4.254729 0.047077
0.127450 4.318951 0.045627
0.127957 4.198633 0.045161
0.128464 4.221887 0.046024
0.128970 4.141775 0.046974
0.129477 4.163008 0.044608
0.129984 4.210967 0.044727
0.130491 4.226422 0.046125
0.130997 4.175089 0.044774
0.131504 4.149541 0.044360
0.132011 4.259000 0.045135
0.132518 4.177943 0.045353
0.133024 4.170745 0.043535
0.133531 4.253543 0.045098
0.134038 4.133546 0.045282
0.134545 4.140756 0.042787
0.135051 4.145453 0.044087
0.135558 4.179983 0.043301
0.136065 4.280329 0.044375
0.136571 4.176671 0.044326
0.137078 4.244985 0.045193
0.137585 4.197827 0.044069
0.138092 4.105283 0.042359
0.138598 4.224455 0.044168
0.139105 4.197009 0.043295
0.139612 4.172608 0.043462
0.140119 4.098770 0.041852
0.140625 4.195614 0.043252
0.141132 4.167359 0.042935
0.141639 4.142593 0.042089
0.142145 4.184211 0.042774
0.142652 4.092998 0.041345
0.143159 4.164056 0.041962
0.143666 4.216512 0.042780
0.144172 4.128383 0.040905
0.144679 4.082436 0.041914
0.145186 4.124025 0.042119
0.145692 4.128883 0.041586
0.146199 4.091957 0.040824
0.146706 4.153616 0.042662
0.147213 4.135625 0.039876
0.147719 4.160850 0.041454
0.148226 4.183355 0.040914
0.148733 4.158487 0.041610
0.149240 4.155093 0.042055
0.149746 4.135951 0.041189
0.150253 4.058643 0.041251
0.150760 4.112898 0.041463
0.151266 4.057122 0.039573
0.151773 4.102796 0.041383
0.152280 4.071143 0.039850
0.152787 4.080683 0.040688
0.153293 4.126921 0.041235
0.153800 4.077460 0.040326
0.154307 4.021457 0.040419
0.154813 4.122153 0.041941
0.155320 4.086187 0.040319
0.155827 4.084589 0.039620
0.156334 4.053665 0.040202
0.156840 4.138733 0.038790
0.157347 4.119860 0.039151
0.157854 4.167086 0.040337
0.158360 4.124500 0.038751
0.158867 4.123633 0.039744
0.159374 4.069220 0.039335
0.159881 4.105323 0.038910
0.160387 4.075301 0.039644
0.160894 4.143398 0.038147
0.161401 4.013966 0.038735
0.161907 4.067312 0.039364
0.162414 4.014383 0.038054
0.162921 4.054934 0.038049
0.163427 4.102972 0.039245
0.163934 4.001546 0.038212
0.164441 4.035426 0.038671
0.164948 4.011704 0.038398
0.165454 3.997138 0.037982
0.165961 4.035552 0.037595
0.166468 3.932590 0.037725
0.166974 4.027304 0.038618
0.167481 4.082448 0.037594
0.167988 3.990270 0.037155
0.168495 4.051210 0.038790
0.169001 3.992253 0.039690
0.169508 4.070930 0.039259
0.170015 4.054625 0.038493
0.170521 4.121803 0.040166
0.171028 4.052512 0.039920
0.171535 4.022191 0.039236
0.172041 4.090900 0.039952
0.172548 4.031749 0.040220
0.173055 3.976674 0.038438
0.173562 4.016186 0.038706
0.174068 4.060134 0.039705
0.174575 4.019541 0.039666
0.175082 4.019325 0.038832
0.175588 4.086475 0.039688
0.176095 4.027337 0.039324
0.176602 3.954242 0.038405
0.177108 4.058755 0.039922
0.177615 3.969146 0.039244
0.178122 4.014231 0.038385
0.178629 4.042918 0.039875
0.179135 3.982003 0.039292
0.179642 4.027640 0.040137
0.180149 3.999658 0.039227
0.180655 4.032823 0.039205
0.181162 4.036654 0.039543
0.181669 3.970202 0.039094
0.182175 4.056279 0.039363
0.182682 4.031983 0.040803
0.183189 4.002738 0.039754
0.183695 4.080645 0.039364
0.184202 3.975800 0.039873
0.184709 4.018825 0.040818
0.185216 4.038824 0.039891
0.185722 4.016756 0.040118
0.186229 4.005392 0.040862
0.186736 4.011868 0.039940
0.187242 4.061487 0.041731
0.187749 4.052339 0.041522
0.188256 3.942732 0.040436
0.188762 4.001632 0.040988
0.189269 4.062905 0.041649
0.189776 4.033048 0.041869
0.190282 3.990684 0.041754
0.190789 4.031158 0.042134
0.191296 3.989596 0.041779
0.191802 4.030645 0.042594
0.192309 4.005751 0.041227
0.192816 3.983408 0.041610
0.193323 4.007617 0.042829
0.193829 4.004934 0.042726
0.194336 3.983519 0.042089
0.194843 3.965990 0.040953
0.195349 3.944480 0.042242
0.195856 3.934463 0.042193
0.196363 3.967354 0.041574
0.196869 3.958839 0.042748
0.197376 4.025084 0.041345
0.197883 4.037530 0.042361
0.198389 4.006121 0.041770
0.198896 3.995162 0.042072
0.199403 3.980259 0.041987
0.199909 3.934086 0.042301
0.200416 3.936253 0.041283
0.200923 4.009050 0.041011
0.201429 3.989281 0.042512
0.201936 3.992902 0.041591
0.202443 3.885942 0.041574
0.202949 3.931379 0.041653
0.203456 4.027335 0.042947
0.203963 3.921157 0.042515
0.204469 3.944192 0.042663
0.204976 3.978157 0.043327
0.205483 3.937376 0.042579
0.205989 4.037828 0.042897
0.206496 3.981941 0.041981
0.207003 3.924286 0.042918
0.207509 3.961060 0.042339
0.208016 4.007681 0.043675
0.208523 3.932374 0.040462
0.209029 3.948817 0.041154
0.209536 3.973848 0.043121
0.210043 4.002701 0.043065
0.210549 3.941465 0.042803
0.211056 3.980806 0.043246
0.211563 3.938970 0.042764
0.212069 3.932005 0.042543
0.212576 3.942568 0.042685
0.213083 3.910940 0.042529
0.213589 3.889541 0.042079
0.214096 3.956304 0.041495
0.214603 3.902382 0.043136
0.215109 3.899996 0.041841
0.215616 3.887035 0.041883
0.216123 3.861949 0.042431
0.216629 3.928590 0.042051
0.217136 3.912593 0.041332
0.217643 3.946024 0.043232
0.218149 3.965158 0.042983
0.218656 3.947972 0.042100
0.219163 3.943101 0.041387
0.219669 3.929482 0.042067
0.220176 3.859251 0.040650
0.220683 3.846753 0.041528
0.221189 3.884867 0.042508
0.221696 3.941006 0.042197
0.222203 3.908528 0.042635
0.222709 3.919380 0.042479
0.223216 3.941201 0.042406
0.223722 3.913689 0.040533
0.224229 3.964358 0.042588
0.224736 3.885933 0.042745
0.225242 3.909548 0.041554
0.225749 3.880695 0.040945
0.226256 3.887309 0.040755
0.226762 3.887264 0.039460
0.227269 3.865894 0.041644
0.227776 3.850362 0.041141
0.228282 3.881498 0.040574
0.228789 3.904113 0.041153
0.229296 3.879803 0.040869
0.229802 3.874868 0.040877
0.230309 3.862580 0.040336
0.230816 3.829018 0.039709
0.231322 3.860119 0.040332
0.231829 3.943482 0.039757
0.232335 3.849775 0.040067
0.232842 3.833657 0.039237
0.233349 3.882390 0.040220
0.233855 3.817493 0.039480
0.234362 3.767126 0.037792
0.234869 3.869140 0.040376
0.235375 3.859201 0.039023
0.235882 3.805211 0.039281
0.236389 3.932407 0.038806
0.236895 3.898374 0.039841
0.237402 3.840466 0.039096
0.237908 3.839318 0.038902
0.238415 3.866469 0.038786
0.238922 3.868830 0.038208
0.239428 3.851992 0.038614
0.239935 3.879086 0.038787
0.240442 3.880296 0.038562
0.240948 3.856317 0.038980
0.241455 3.820762 0.037897
0.241962 3.849354 0.037986
0.242468 3.871615 0.038444
0.242975 3.809970 0.038006
0.243481 3.814990 0.037718
0.243988 3.781417 0.036910
0.244495 3.848219 0.037621
0.245001 3.829304 0.037342
0.245508 3.816872 0.037689
0.246015 3.806920 0.037729
0.246521 3.785913 0.037175
0.247028 3.742818 0.037744
0.247534 3.753298 0.037319
0.248041 3.807541 0.037967
0.248548 3.815085 0.037380
0.249054 3.889090 0.038174
0.249561 3.830132 0.036916
0.250068 3.850418 0.038378
0.250574 3.748739 0.036464
0.251081 3.756027 0.036257
0.251587 3.822822 0.037114
0.252094 3.824653 0.037363
0.252601 3.769971 0.035408
0.253107 3.827575 0.035733
0.253614 3.846860 0.036410
0.254120 3.848611 0.037462
0.254627 3.775374 0.036196
0.255134 3.815092 0.036365
0.255640 3.809184 0.036066
0.256147 3.767462 0.036537
0.256654 3.820499 0.036872
0.257160 3.775530 0.036566
0.257667 3.763928 0.036483
0.258173 3.828530 0.035620
0.258680 3.784810 0.035561
0.259187 3.763368 0.035109
0.259693 3.789517 0.035232
0.260200 3.749839 0.035320
0.260706 3.744922 0.035390
0.261213 3.843462 0.035705
0.261720 3.747686 0.034874
0.262226 3.815531 0.036317
0.262733 3.794447 0.034271
0.263239 3.828729 0.035834
0.263746 3.815716 0.035315
0.264253 3.790017 0.035565
0.264759 3.735426 0.034736
0.265266 3.781283 0.034885
0.265772 3.787696 0.035301
0.266279 3.759946 0.034696
0.266786 3.779455 0.034622
0.267292 3.766765 0.034144
0.267799 3.764084 0.034490
0.268305 3.740596 0.034212
0.268812 3.787435 0.035233
0.269319 3.767515 0.034682
0.269825 3.717721 0.034314
0.270332 3.755067 0.033977
0.270838 3.748090 0.034783
0.271345 3.737134 0.033592
0.271852 3.776603 0.035007
0.272358 3.690215 0.033342
0.272865 3.746163 0.034326
0.273371 3.717719 0.034180
0.273878 3.765552 0.034300
0.274385 3.728442 0.033739
0.274891 3.744343 0.033716
0.275398 3.746466 0.033770
0.275904 3.758158 0.033615
0.276411 3.693053 0.032559
0.276917 3.703525 0.033849
0.277424 3.771004 0.033151
0.277931 3.763197 0.034090
0.278437 3.696680 0.032802
0.278944 3.751620 0.033495
0.279450 3.755385 0.033597
0.279957 3.703814 0.032812
0.280464 3.626022 0.033526
0.280970 3.703385 0.033207
0.281477 3.716214 0.033499
0.281983 3.712278 0.033763
0.282490 3.715431 0.033194
0.282996 3.732009 0.033935
0.283503 3.786873 0.033777
0.284010 3.715276 0.032769
0.284516 3.722355 0.032294
0.285023 3.710866 0.033467
0.285529 3.646514 0.032721
0.286036 3.760315 0.032857
0.286542 3.744407 0.033909
0.287049 3.679739 0.032933
0.287556 3.690711 0.033083
0.288062 3.732268 0.033686
0.288569 3.666141 0.032664
0.289075 3.709568 0.032659
0.289582 3.702670 0.032801
0.290088 3.642044 0.032757
0.290595 3.695782 0.032855
0.291102 3.675793 0.033040
0.291608 3.687102 0.032319
0.292115 3.673430 0.032943
0.292621 3.671211 0.032285
0.293128 3.693983 0.032860
0.293634 3.609490 0.032885
0.294141 3.690458 0.032962
0.294647 3.623028 0.031905
0.295154 3.639985 0.032465
0.295661 3.611603 0.032654
0.296167 3.670691 0.033303
0.296674 3.644636 0.032620
0.297180 3.649839 0.032663
0.297687 3.637744 0.033516
0.298193 3.640589 0.032754
0.298700 3.696076 0.033010
0.299206 3.626592 0.032396
0.299713 3.671171 0.032451
0.300220 3.647600 0.032897
0.300726 3.665512 0.032856
0.301233 3.670831 0.032569
0.301739 3.671007 0.033041
0.302246 3.680018 0.033031
0.302752 3.649167 0.033138
0.303259 3.607729 0.032685
0.303765 3.645443 0.032650
0.304272 3.640923 0.032581
0.304779 3.640246 0.032234
0.305285 3.635322 0.032226
0.305792 3.599036 0.032379
0.306298 3.618603 0.032944
0.306805 3.634846 0.032516
0.307311 3.615182 0.032329
0.307818 3.670249 0.032616
0.308324 3.627288 0.032275
0.308831 3.584956 0.031855
0.309337 3.645033 0.032063
0.309844 3.678058 0.032846
0.310350 3.574847 0.032743
0.310857 3.600712 0.033189
0.311364 3.635586 0.033772
0.311870 3.623269 0.034226
0.312377 3.666095 0.034529
0.312883 3.664339 0.034410
0.313390 3.578652 0.033765
0.313896 3.629995 0.034338
0.314403 3.613337 0.034519
0.314909 3.647662 0.035513
0.315416 3.600046 0.034774
0.315922 3.643779 0.034545
0.316429 3.608230 0.034126
0.316935 3.593735 0.035213
0.317442 3.604275 0.035152
0.317948 3.590621 0.034450
0.318455 3.614165 0.036166
0.318961 3.627132 0.035453
0.319468 3.679263 0.035711
0.319975 3.606857 0.035456
0.320481 3.545961 0.035420
0.320988 3.568453 0.036243
0.321494 3.629875 0.035352
0.322001 3.619474 0.035091
0.322507 3.601800 0.035290
0.323014 3.569166 0.034962
0.323520 3.547287 0.034932
0.324027 3.584828 0.034889
0.324533 3.590037 0.034685
0.325040 3.561984 0.035085
0.325546 3.612348 0.034887
0.326053 3.563030 0.035241
0.326559 3.617079 0.035942
0.327066 3.642473 0.036232
0.327572 3.566575 0.034780
0.328079 3.615470 0.035589
0.328585 3.539817 0.035202
0.329092 3.595839 0.035059
0.329598 3.570095 0.035558
0.330105 3.601225 0.035468
0.330611 3.546652 0.035253
0.331118 3.595910 0.036419
0.331624 3.609895 0.035710
0.332131 3.547142 0.035576
0.332637 3.537034 0.035602
0.333144 3.600994 0.036026
0.333650 3.636399 0.035472
0.334157 3.533192 0.035916
0.334663 3.578273 0.035782
0.335170 3.580792 0.037057
0.335676 3.514643 0.035230
0.336183 3.632347 0.035748
0.336689 3.595387 0.037171
0.337196 3.570500 0.036167
0.337702 3.590016 0.035972
0.338209 3.614473 0.036927
0.338715 3.607729 0.037392
0.339222 3.536786 0.036191
0.339728 3.619589 0.037193
0.340235 3.626299 0.036614
0.340741 3.485487 0.035693
0.341248 3.574914 0.036003
0.341754 3.541033 0.036114
0.342261 3.576988 0.035572
0.342767 3.537669 0.036717
0.343274 3.563342 0.036481
0.343780 3.569723 0.037360
0.344287 3.527788 0.035664
0.344793 3.576284 0.036731
0.345300 3.622942 0.036983
0.345806 3.548410 0.036926
0.346313 3.523264 0.036244
0.346819 3.555127 0.036848
0.347325 3.539282 0.036855
0.347832 3.561666 0.037153
0.348338 3.629214 0.035803
0.348845 3.606659 0.037532
0.349351 3.551555 0.037392
0.349858 3.543603 0.036700
0.350364 3.547166 0.036906
0.350871 3.632029 0.037678
0.351377 3.564348 0.036835
0.351884 3.557564 0.037880
0.352390 3.538685 0.036916
0.352897 3.597056 0.037449
0.353403 3.585915 0.036057
0.353910 3.506442 0.036943
0.354416 3.576373 0.037084
0.354923 3.613405 0.036766
0.355429 3.525742 0.035481
0.355935 3.473850 0.035012
0.356442 3.572789 0.035042
0.356948 3.512886 0.035310
0.357455 3.519194 0.035597
0.357961 3.600349 0.035068
0.358468 3.543685 0.035057
0.358974 3.532061 0.034244
0.359481 3.504879 0.035527
0.359987 3.535345 0.036025
0.360494 3.534438 0.035381
0.361000 3.488242 0.035689
0.361506 3.536439 0.036255
0.362013 3.464965 0.035180
0.362519 3.542336 0.036189
0.363026 3.547460 0.035608
0.363532 3.506299 0.035785
0.364039 3.551611 0.035826
0.364545 3.509551 0.034500
0.365052 3.564710 0.036260
0.365558 3.490781 0.035417
0.366064 3.519052 0.036066
0.366571 3.505443 0.036136
0.367077 3.513879 0.035757
0.367584 3.483685 0.036260
0.368090 3.516611 0.036196
0.368597 3.534445 0.036841
0.369103 3.492364 0.035941
0.369610 3.437429 0.037033
0.370116 3.466356 0.036868
0.370622 3.469364 0.037101
0.371129 3.492925 0.038032
0.371635 3.479961 0.037013
0.372142 3.402761 0.037656
0.372648 3.439407 0.037621
0.373155 3.496548 0.037289
0.373661 3.454312 0.037250
0.374167 3.495014 0.037685
0.374674 3.509401 0.038592
0.375180 3.488166 0.037307
0.375687 3.493391 0.038386
0.376193 3.448455 0.038354
0.376700 3.513149 0.038784
0.377206 3.524701 0.038004
0.377712 3.472390 0.039467
0.378219 3.524942 0.039659
0.378725 3.465788 0.040769
0.379232 3.526445 0.039265
0.379738 3.477731 0.039341
0.380245 3.434026 0.038291
0.380751 3.518884 0.039967
0.381257 3.518689 0.039940
0.381764 3.474120 0.040190
0.382270 3.448341 0.040425
0.382777 3.422778 0.041210
0.383283 3.484523 0.040153
0.383789 3.528956 0.041652
0.384296 3.454658 0.040852
0.384802 3.521498 0.041079
0.385309 3.443882 0.041540
0.385815 3.437540 0.040841
0.386321 3.393252 0.042160
0.386828 3.483009 0.041499
0.387334 3.406589 0.041118
0.387841 3.377018 0.042152
0.388347 3.442225 0.042241
0.388853 3.478491 0.042405
0.389360 3.324128 0.042545
0.389866 3.428910 0.042820
0.390373 3.496909 0.043658
0.390879 3.420069 0.041829
0.391385 3.432344 0.043089
0.391892 3.400439 0.044662
0.392398 3.433833 0.044531
0.392905 3.478106 0.045771
0.393411 3.427467 0.043863
0.393917 3.415143 0.045585
0.394424 3.429291 0.046148
0.394930 3.438386 0.045380
0.395437 3.400991 0.045120
0.395943 3.342850 0.044970
0.396449 3.370753 0.044320
0.396956 3.446179 0.046040
0.397462 3.451835 0.047955
0.397969 3.426253 0.045427
0.398475 3.382926 0.044533
0.398981 3.402296 0.047184
0.399488 3.410711 0.046125
0.399994 3.392924 0.045375
0.400500 3.414382 0.045833
0.401007 3.380612 0.048445
0.401513 3.326320 0.047960
0.402020 3.447484 0.049947
0.402526 3.299550 0.048481
0.403032 3.346068 0.047194
0.403539 3.432578 0.048738
0.404045 3.405165 0.047683
0.404551 3.398753 0.048451
0.405058 3.420226 0.047292
0.405564 3.334195 0.049061
0.406071 3.361842 0.047800
0.406577 3.403363 0.049320
0.407083 3.303771 0.046409
0.407590 3.370938 0.049561
0.408096 3.343759 0.050277
0.408602 3.486941 0.049063
0.409109 3.457314 0.049329
0.409615 3.471564 0.049516
0.410121 3.442404 0.052743
0.410628 3.373498 0.049873
0.411134 3.403109 0.048171
0.411641 3.365624 0.050871
0.412147 3.359871 0.050604
0.412653 3.365214 0.050514
0.413160 3.355573 0.051318
0.413666 3.295621 0.050306
0.414172 3.345212 0.051936
0.414679 3.323889 0.048975
0.415185 3.380386 0.050944
0.415691 3.249986 0.052126
0.416198 3.283292 0.051732
0.416704 3.260302 0.050348
0.417210 3.304019 0.053360
0.417717 3.296168 0.052451
0.418223 3.355583 0.052022
0.418729 3.386842 0.051799
0.419236 3.358230 0.053532
0.419742 3.368940 0.052678
0.420248 3.395588 0.052724
0.420755 3.358146 0.054634
0.421261 3.463653 0.052281
0.421767 3.364431 0.053835
0.422274 3.268906 0.052789
0.422780 3.333727 0.056758
0.423286 3.345334 0.054551
0.423793 3.295380 0.053454
0.424299 3.286966 0.054342
0.424805 3.386068 0.056303
0.425312 3.395510 0.057440
0.425818 3.328886 0.055802
0.426324 3.322143 0.057846
0.426831 3.299470 0.057577
0.427337 3.291156 0.056020
0.427843 3.482150 0.059074
0.428350 3.368066 0.059291
0.428856 3.419312 0.058862
0.429362 3.289732 0.057580
0.429869 3.348670 0.059979
0.430375 3.293505 0.056920
0.430881 3.410095 0.058660
0.431388 3.360553 0.061718
0.431894 3.250654 0.062980
0.432400 3.298541 0.060308
0.432907 3.262869 0.060517
0.433413 3.359853 0.063159
0.433919 3.455376 0.063385
0.434425 3.406362 0.062712
0.434932 3.324166 0.060691
0.435438 3.305825 0.066775
0.435944 3.233305 0.066578
0.436451 3.258714 0.060665
0.436957 3.296303 0.062630
0.437463 3.366071 0.070951
0.437970 3.396059 0.070028
0.438476 3.388802 0.065309
0.438982 3.228172 0.067388
0.439488 3.305306 0.067633
0.439995 3.447809 0.069912
