0.009882 109.278173 24.808728
0.010389 75.396133 13.562305
0.010896 69.000303 13.638783
0.011402 59.236651 10.583087
0.011909 34.649306 5.719950
0.012416 40.575990 6.027446
0.012923 27.917983 3.875215
0.013430 23.931669 3.378889
0.013936 20.923229 2.137227
0.014443 19.085620 1.815622
0.014950 16.750141 1.029223
0.015457 14.786340 0.772258
0.015963 13.578747 0.645723
0.016470 13.372088 0.582747
0.016977 12.554422 0.398082
0.017484 11.881858 0.364273
0.017990 10.766301 0.266200
0.018497 10.074388 0.220946
0.019004 10.062339 0.225655
0.019511 9.658034 0.219885
0.020018 9.053199 0.190852
0.020524 8.842247 0.194202
0.021031 8.372610 0.177483
0.021538 7.988988 0.172253
0.022045 7.821197 0.162011
0.022551 7.422824 0.167333
0.023058 7.516386 0.161785
0.023565 7.410095 0.170157
0.024072 7.167341 0.151768
0.024579 6.985541 0.142017
0.025085 7.144216 0.135157
0.025592 6.575096 0.136561
0.026099 6.586002 0.131333
0.026606 6.644335 0.122060
0.027112 6.635629 0.129922
0.027619 6.445709 0.115417
0.028126 6.222410 0.117236
0.028633 5.995526 0.114307
0.029139 6.155451 0.124249
0.029646 6.152332 0.110003
0.030153 5.961077 0.109594
0.030660 5.961338 0.110288
0.031167 5.817608 0.105761
0.031673 5.677237 0.108687
0.032180 5.689742 0.103873
0.032687 5.681041 0.107694
0.033194 5.430758 0.103061
0.033700 5.765417 0.107420
0.034207 5.502134 0.096812
0.034714 5.538149 0.102263
0.035221 5.531745 0.100355
0.035727 5.344905 0.095811
0.036234 5.470330 0.101594
0.036741 5.289977 0.100592
0.037248 5.368795 0.098376
0.037755 5.218773 0.092421
0.038261 5.371050 0.093885
0.038768 5.154903 0.087183
0.039275 5.380736 0.091411
0.039782 5.097910 0.089277
0.040288 5.077117 0.085696
0.040795 5.188125 0.088939
0.041302 5.212180 0.094229
0.041809 5.003390 0.086612
0.042315 5.140414 0.088131
0.042822 4.987038 0.084867
0.043329 5.024067 0.085748
0.043836 5.190930 0.086722
0.044343 5.127483 0.082153
0.044849 4.945838 0.078239
0.045356 5.093624 0.083398
0.045863 4.891280 0.079452
0.046370 4.898255 0.077641
0.046876 4.795346 0.085148
0.047383 4.896838 0.081287
0.047890 4.907258 0.082657
0.048397 4.895520 0.075831
0.048903 4.958579 0.080425
0.049410 4.948958 0.081974
0.049917 4.877012 0.076348
0.050424 4.914447 0.078145
0.050931 4.776487 0.074420
0.051437 4.846740 0.074567
0.051944 4.808961 0.071618
0.052451 4.685461 0.071076
0.052958 4.798673 0.071124
0.053464 4.654976 0.073249
0.053971 4.728328 0.072091
0.054478 4.693618 0.070835
0.054985 4.734405 0.071220
0.055491 4.667599 0.069194
0.055998 4.646532 0.068053
0.056505 4.771288 0.070156
0.057012 4.751131 0.067697
0.057519 4.732206 0.070192
0.058025 4.592086 0.070005
0.058532 4.511776 0.066710
0.059039 4.598344 0.068750
0.059546 4.554342 0.067016
0.060052 4.677358 0.068811
0.060559 4.769906 0.066622
0.061066 4.595472 0.064807
0.061573 4.593909 0.065623
0.062079 4.697405 0.066653
0.062586 4.582135 0.065629
0.063093 4.558930 0.062963
0.063600 4.669895 0.069188
0.064106 4.674000 0.065136
0.064613 4.466076 0.063347
0.065120 4.534262 0.065607
0.065627 4.581672 0.065527
0.066134 4.628859 0.064290
0.066640 4.628953 0.066178
0.067147 4.503454 0.063153
0.067654 4.627063 0.066898
0.068161 4.660129 0.064764
0.068667 4.672353 0.064343
0.069174 4.545662 0.063006
0.069681 4.536970 0.061576
0.070188 4.579370 0.064883
0.070694 4.628723 0.065215
0.071201 4.692445 0.060400
0.071708 4.502567 0.060300
0.072215 4.399736 0.060732
0.072721 4.567824 0.058848
0.073228 4.561625 0.060538
0.073735 4.449018 0.059557
0.074242 4.591051 0.059842
0.074748 4.569869 0.059776
0.075255 4.599891 0.061148
0.075762 4.619305 0.056709
0.076269 4.487728 0.059140
0.076776 4.457777 0.057771
0.077282 4.537578 0.056998
0.077789 4.512524 0.057667
0.078296 4.404246 0.056342
0.078803 4.371035 0.057714
0.079309 4.449095 0.060617
0.079816 4.416775 0.059930
0.080323 4.545596 0.057398
0.080830 4.555499 0.058344
0.081336 4.388733 0.056709
0.081843 4.449677 0.057676
0.082350 4.480889 0.059120
0.082857 4.422559 0.058479
0.083363 4.488837 0.058755
0.083870 4.331593 0.058479
0.084377 4.382235 0.057066
0.084884 4.537381 0.058167
0.085390 4.479628 0.058287
0.085897 4.364598 0.060307
0.086404 4.483012 0.058873
0.086911 4.427801 0.058074
0.087417 4.308607 0.058893
0.087924 4.435773 0.058808
0.088431 4.450795 0.058294
0.088938 4.385412 0.057649
0.089444 4.509160 0.056954
0.089951 4.468892 0.059013
0.090458 4.448634 0.059028
0.090965 4.405732 0.057170
0.091471 4.420414 0.058828
0.091978 4.368360 0.058632
0.092485 4.452235 0.058104
0.092992 4.369844 0.057702
0.093498 4.356162 0.058290
0.094005 4.405780 0.056885
0.094512 4.414820 0.057531
0.095019 4.357456 0.059366
0.095525 4.331500 0.056653
0.096032 4.290625 0.055611
0.096539 4.323478 0.054819
0.097046 4.282022 0.055508
0.097552 4.354949 0.059849
0.098059 4.392226 0.055249
0.098566 4.429915 0.058722
0.099073 4.324838 0.058383
0.099579 4.329729 0.057400
0.100086 4.319148 0.055984
0.100593 4.222464 0.054317
0.101100 4.336792 0.054507
0.101606 4.405608 0.056087
0.102113 4.296072 0.058568
0.102620 4.460185 0.058169
0.103127 4.479843 0.057391
0.103633 4.345682 0.055851
0.104140 4.376032 0.058281
0.104647 4.294601 0.056527
0.105154 4.282332 0.057205
0.105660 4.283748 0.056798
0.106167 4.403305 0.057339
0.106674 4.368667 0.052847
0.107181 4.336698 0.053450
0.107687 4.285329 0.053381
0.108194 4.285652 0.055540
0.108701 4.290111 0.055197
0.109208 4.307890 0.057360
0.109714 4.342480 0.053639
0.110221 4.258247 0.052216
0.110728 4.209597 0.051344
0.111235 4.219956 0.051433
0.111741 4.261321 0.053258
0.112248 4.210127 0.050911
0.112755 4.256165 0.050457
0.113262 4.273535 0.051324
0.113768 4.246491 0.050208
0.114275 4.275395 0.050938
0.114782 4.153305 0.050236
0.115289 4.264811 0.050758
0.115795 4.231216 0.049188
0.116302 4.239144 0.048516
0.116809 4.210260 0.048519
0.117316 4.217994 0.050867
0.117822 4.289103 0.048627
0.118329 4.307541 0.048169
0.118836 4.277047 0.049881
0.119342 4.260453 0.048329
0.119849 4.129480 0.046599
0.120356 4.259420 0.048455
0.120863 4.197567 0.048530
0.121369 4.216814 0.047816
0.121876 4.254532 0.048470
0.122383 4.207990 0.047831
0.122890 4.242661 0.046493
0.123396 4.168312 0.047046
0.123903 4.185105 0.047001
0.124410 4.131219 0.046756
0.124917 4.218239 0.047651
0.125423 4.219595 0.047125
0.125930 4.270971 0.049099
0.126437 4.197673 0.045361
0.126944 4.236602 0.045607
0.127450 4.215745 0.047099
0.127957 4.241576 0.046038
0.128464 4.214662 0.044531
0.128970 4.138682 0.044635
0.129477 4.215303 0.044702
0.129984 4.155375 0.045314
0.130491 4.174664 0.044442
0.130997 4.188046 0.044134
0.131504 4.165641 0.044523
0.132011 4.166871 0.043727
0.132518 4.198871 0.044973
0.133024 4.191685 0.044595
0.133531 4.217443 0.044226
0.134038 4.180830 0.044498
0.134545 4.182472 0.043065
0.135051 4.151592 0.044075
0.135558 4.151814 0.043991
0.136065 4.180634 0.044132
0.136571 4.146855 0.043181
0.137078 4.131371 0.044109
0.137585 4.179981 0.043944
0.138092 4.232383 0.043188
0.138598 4.206609 0.044110
0.139105 4.218565 0.044284
0.139612 4.182476 0.042614
0.140119 4.165003 0.042356
0.140625 4.210284 0.044533
0.141132 4.199944 0.042526
0.141639 4.138596 0.042540
0.142145 4.112709 0.042494
0.142652 4.050795 0.042767
0.143159 4.234272 0.043095
0.143666 4.075904 0.041593
0.144172 4.193568 0.042291
0.144679 4.154582 0.041739
0.145186 4.141214 0.041402
0.145692 4.063079 0.041070
0.146199 4.168117 0.042530
0.146706 4.119847 0.040611
0.147213 4.113582 0.041355
0.147719 4.027990 0.041589
0.148226 4.133262 0.041273
0.148733 4.176654 0.040889
0.149240 4.077814 0.041682
0.149746 4.133428 0.041128
0.150253 4.184910 0.041918
0.150760 4.113313 0.041057
0.151266 4.122639 0.040959
0.151773 4.109023 0.040601
0.152280 4.124443 0.040600
0.152787 4.128431 0.041233
0.153293 4.118731 0.040241
0.153800 4.058212 0.039451
0.154307 4.091684 0.040763
0.154813 4.101325 0.040182
0.155320 4.101871 0.040491
0.155827 4.097204 0.039365
0.156334 4.099144 0.039711
0.156840 4.089245 0.038857
0.157347 4.102438 0.039639
0.157854 4.079959 0.039448
0.158360 4.053414 0.039931
0.158867 4.081910 0.039026
0.159374 4.101089 0.039296
0.159881 4.061496 0.039192
0.160387 4.049835 0.039458
0.160894 4.057803 0.039112
0.161401 4.094078 0.039529
0.161907 4.048015 0.040096
0.162414 4.077233 0.038830
0.162921 3.996541 0.038377
0.163427 4.057333 0.038126
0.163934 4.064697 0.039641
0.164441 4.096711 0.038978
0.164948 3.988528 0.038586
0.165454 4.079100 0.038469
0.165961 3.971905 0.037827
0.166468 4.046819 0.038599
0.166974 4.048068 0.038340
0.167481 4.006950 0.038548
0.167988 4.099935 0.037035
0.168495 4.003664 0.037662
0.169001 4.007104 0.038779
0.169508 3.993141 0.037715
0.170015 4.143739 0.038902
0.170521 4.052430 0.039025
0.171028 3.979220 0.039163
0.171535 4.043639 0.038532
0.172041 4.054522 0.039261
0.172548 3.994941 0.038536
0.173055 3.968625 0.038142
0.173562 4.105528 0.038453
0.174068 4.003137 0.040061
0.174575 4.033565 0.038972
0.175082 4.067603 0.038552
0.175588 3.973675 0.039063
0.176095 4.019967 0.039308
0.176602 3.964753 0.038270
0.177108 4.094803 0.039376
0.177615 3.976909 0.041041
0.178122 3.972772 0.038910
0.178629 4.012710 0.038917
0.179135 4.014339 0.038390
0.179642 3.970692 0.038650
0.180149 4.065844 0.038635
0.180655 3.996980 0.038348
0.181162 4.014288 0.039130
0.181669 3.953742 0.038957
0.182175 4.077376 0.039546
0.182682 3.933461 0.039145
0.183189 3.990753 0.040224
0.183695 4.025546 0.040046
0.184202 4.048189 0.040577
0.184709 3.985878 0.039642
0.185216 3.973525 0.040828
0.185722 4.017178 0.041111
0.186229 4.041821 0.041395
0.186736 4.001554 0.040130
0.187242 4.013151 0.040344
0.187749 4.006783 0.041163
0.188256 4.021308 0.041257
0.188762 3.996421 0.042881
0.189269 4.042335 0.042300
0.189776 4.012241 0.042108
0.190282 4.012224 0.040953
0.190789 3.997308 0.040684
0.191296 3.946231 0.040604
0.191802 4.055570 0.041601
0.192309 3.981315 0.041370
0.192816 4.059926 0.042711
0.193323 3.928638 0.041632
0.193829 4.045338 0.042147
0.194336 4.040283 0.042462
0.194843 4.007719 0.041466
0.195349 4.035979 0.041527
0.195856 4.006419 0.042629
0.196363 3.948953 0.041482
0.196869 4.020688 0.044024
0.197376 3.938536 0.041188
0.197883 3.973710 0.042797
0.198389 3.977191 0.041332
0.198896 4.070236 0.043476
0.199403 4.004365 0.043039
0.199909 3.988307 0.042363
0.200416 3.913689 0.041039
0.200923 4.035370 0.041103
0.201429 3.957061 0.042783
0.201936 4.034615 0.043090
0.202443 3.961715 0.043118
0.202949 3.965901 0.041202
0.203456 3.974863 0.042365
0.203963 3.981490 0.042258
0.204469 3.915827 0.042571
0.204976 3.983740 0.042740
0.205483 3.975973 0.043526
0.205989 3.961178 0.043652
0.206496 3.946068 0.043059
0.207003 3.993554 0.042904
0.207509 3.944896 0.043530
0.208016 3.921199 0.042392
0.208523 3.936117 0.042004
0.209029 3.865381 0.042198
0.209536 3.911609 0.043226
0.210043 3.870897 0.041751
0.210549 3.947114 0.042318
0.211056 3.981756 0.042066
0.211563 3.876099 0.041837
0.212069 3.989407 0.042233
0.212576 4.012204 0.042163
0.213083 3.912825 0.043240
0.213589 3.913974 0.042461
0.214096 3.980332 0.042381
0.214603 3.994949 0.042962
0.215109 3.861576 0.041733
0.215616 3.902165 0.041958
0.216123 3.871294 0.042753
0.216629 3.895988 0.042202
0.217136 3.937978 0.041957
0.217643 3.954327 0.042095
0.218149 3.869122 0.042839
0.218656 3.911203 0.040799
0.219163 3.963007 0.042392
0.219669 3.929021 0.041007
0.220176 3.837282 0.043864
0.220683 3.934599 0.042308
0.221189 3.846820 0.041690
0.221696 3.855194 0.041663
0.222203 3.903119 0.039983
0.222709 3.894590 0.041073
0.223216 3.888779 0.041853
0.223722 3.878289 0.040714
0.224229 3.916899 0.041405
0.224736 3.896731 0.042071
0.225242 3.862695 0.040937
0.225749 3.888206 0.041360
0.226256 3.940643 0.041748
0.226762 3.909095 0.041057
0.227269 3.872077 0.040530
0.227776 3.893571 0.042245
0.228282 3.864529 0.041109
0.228789 3.877560 0.042700
0.229296 3.903106 0.040974
0.229802 3.891533 0.040696
0.230309 3.845771 0.040619
0.230816 3.878065 0.041358
0.231322 3.886764 0.039977
0.231829 3.848846 0.040838
0.232335 3.847237 0.040449
0.232842 3.876116 0.039819
0.233349 3.807642 0.038394
0.233855 3.783367 0.040046
0.234362 3.874793 0.038723
0.234869 3.854504 0.039514
0.235375 3.818673 0.039198
0.235882 3.889657 0.040282
0.236389 3.830153 0.039665
0.236895 3.844817 0.038196
0.237402 3.887576 0.039313
0.237908 3.889568 0.039748
0.238415 3.819274 0.038692
0.238922 3.885890 0.038797
0.239428 3.802455 0.038035
0.239935 3.828622 0.038065
0.240442 3.843133 0.037701
0.240948 3.839131 0.037904
0.241455 3.881848 0.038673
0.241962 3.846709 0.037926
0.242468 3.842493 0.038043
0.242975 3.805715 0.037928
0.243481 3.795642 0.037281
0.243988 3.797911 0.037652
0.244495 3.789191 0.037924
0.245001 3.773413 0.038000
0.245508 3.792104 0.037455
0.246015 3.866392 0.037797
0.246521 3.825006 0.037091
0.247028 3.820123 0.037138
0.247534 3.818840 0.036498
0.248041 3.852422 0.038183
0.248548 3.759660 0.036948
0.249054 3.788738 0.036730
0.249561 3.784418 0.035824
0.250068 3.772406 0.036856
0.250574 3.780021 0.037395
0.251081 3.796691 0.037861
0.251587 3.778686 0.036868
0.252094 3.790043 0.037279
0.252601 3.845184 0.036708
0.253107 3.869613 0.035925
0.253614 3.789380 0.036191
0.254120 3.818649 0.036571
0.254627 3.818147 0.036100
0.255134 3.799133 0.037126
0.255640 3.835868 0.036490
0.256147 3.735234 0.036518
0.256654 3.794495 0.036370
0.257160 3.801272 0.035742
0.257667 3.837195 0.036474
0.258173 3.798910 0.036215
0.258680 3.776758 0.035887
0.259187 3.845055 0.034744
0.259693 3.777581 0.034591
0.260200 3.756366 0.035501
0.260706 3.805875 0.034820
0.261213 3.765609 0.035017
0.261720 3.765014 0.035903
0.262226 3.825910 0.034699
0.262733 3.745091 0.034719
0.263239 3.730979 0.035401
0.263746 3.744517 0.035183
0.264253 3.739642 0.034547
0.264759 3.738413 0.034720
0.265266 3.746596 0.034948
0.265772 3.718835 0.034575
0.266279 3.751118 0.035297
0.266786 3.804654 0.034411
0.267292 3.713814 0.034563
0.267799 3.853292 0.034625
0.268305 3.699310 0.034254
0.268812 3.796855 0.034601
0.269319 3.765288 0.034845
0.269825 3.684919 0.034010
0.270332 3.752824 0.033541
0.270838 3.805296 0.033774
0.271345 3.678437 0.033662
0.271852 3.761268 0.033775
0.272358 3.749618 0.033773
0.272865 3.738651 0.034227
0.273371 3.705199 0.034212
0.273878 3.823191 0.034015
0.274385 3.732199 0.033714
0.274891 3.668329 0.033529
0.275398 3.627707 0.033763
0.275904 3.786209 0.034624
0.276411 3.727128 0.033525
0.276917 3.720660 0.034058
0.277424 3.751176 0.033059
0.277931 3.732198 0.033726
0.278437 3.731320 0.033376
0.278944 3.681810 0.032693
0.279450 3.760798 0.032565
0.279957 3.676448 0.033359
0.280464 3.683746 0.033105
0.280970 3.691921 0.032386
0.281477 3.709843 0.033091
0.281983 3.672988 0.033493
0.282490 3.710899 0.033498
0.282996 3.671103 0.033578
0.283503 3.672847 0.033074
0.284010 3.597560 0.031974
0.284516 3.667425 0.032967
0.285023 3.728974 0.033269
0.285529 3.716251 0.031800
0.286036 3.690575 0.033603
0.286542 3.658886 0.032875
0.287049 3.613418 0.032211
0.287556 3.744108 0.033162
0.288062 3.657966 0.033184
0.288569 3.654119 0.032677
0.289075 3.672831 0.032437
0.289582 3.676156 0.032656
0.290088 3.642535 0.032946
0.290595 3.723602 0.033017
0.291102 3.605924 0.032315
0.291608 3.677818 0.032840
0.292115 3.674335 0.033571
0.292621 3.661624 0.032967
0.293128 3.640798 0.033267
0.293634 3.688582 0.033330
0.294141 3.699782 0.032718
0.294647 3.665390 0.032734
0.295154 3.742066 0.033076
0.295661 3.693569 0.032376
0.296167 3.622938 0.032587
0.296674 3.651537 0.033278
0.297180 3.657377 0.032435
0.297687 3.666234 0.032363
0.298193 3.652401 0.032702
0.298700 3.680514 0.032877
0.299206 3.692552 0.033057
0.299713 3.634268 0.032466
0.300220 3.643446 0.033580
0.300726 3.655995 0.033286
0.301233 3.632441 0.032089
0.301739 3.553951 0.032522
0.302246 3.622047 0.032669
0.302752 3.638210 0.033361
0.303259 3.644612 0.033326
0.303765 3.656001 0.033206
0.304272 3.606673 0.032613
0.304779 3.616131 0.032050
0.305285 3.579857 0.032173
0.305792 3.601383 0.032199
0.306298 3.615057 0.032280
0.306805 3.592512 0.032501
0.307311 3.631549 0.032186
0.307818 3.593786 0.031876
0.308324 3.607573 0.032531
0.308831 3.623035 0.031990
0.309337 3.576813 0.032628
0.309844 3.577714 0.032328
0.310350 3.646426 0.032990
0.310857 3.605367 0.033220
0.311364 3.576025 0.034280
0.311870 3.584599 0.033656
0.312377 3.592851 0.034430
0.312883 3.610802 0.034504
0.313390 3.638756 0.034568
0.313896 3.640057 0.035398
0.314403 3.609181 0.034009
0.314909 3.632478 0.034852
0.315416 3.569040 0.034532
0.315922 3.579209 0.034386
0.316429 3.612341 0.035190
0.316935 3.624285 0.035868
0.317442 3.564852 0.035580
0.317948 3.660269 0.035190
0.318455 3.627636 0.035559
0.318961 3.609737 0.035443
0.319468 3.667289 0.035785
0.319975 3.600185 0.035365
0.320481 3.627338 0.035487
0.320988 3.621597 0.036372
0.321494 3.633383 0.036127
0.322001 3.558882 0.034473
0.322507 3.586425 0.035909
0.323014 3.592607 0.035585
0.323520 3.581189 0.034550
0.324027 3.618024 0.035693
0.324533 3.540911 0.035105
0.325040 3.556347 0.034657
0.325546 3.609537 0.035354
0.326053 3.576181 0.035718
0.326559 3.577755 0.035061
0.327066 3.547932 0.035328
0.327572 3.606327 0.036405
0.328079 3.576089 0.036270
0.328585 3.597800 0.034966
0.329092 3.540965 0.035272
0.329598 3.552810 0.035754
0.330105 3.592967 0.035595
0.330611 3.541991 0.035367
0.331118 3.599206 0.036065
0.331624 3.571212 0.035538
0.332131 3.553630 0.035727
0.332637 3.584910 0.035707
0.333144 3.610205 0.036381
0.333650 3.561813 0.035917
0.334157 3.539786 0.036456
0.334663 3.590748 0.036744
0.335170 3.567848 0.035711
0.335676 3.586597 0.036105
0.336183 3.610482 0.036009
0.336689 3.554398 0.036116
0.337196 3.576443 0.036521
0.337702 3.572444 0.036293
0.338209 3.578491 0.036409
0.338715 3.560029 0.036131
0.339222 3.657265 0.036367
0.339728 3.592927 0.036378
0.340235 3.585981 0.036026
0.340741 3.522454 0.035888
0.341248 3.605639 0.036672
0.341754 3.543331 0.037016
0.342261 3.589225 0.036680
0.342767 3.615523 0.037599
0.343274 3.559167 0.036637
0.343780 3.656074 0.036929
0.344287 3.559741 0.036820
0.344793 3.530913 0.036966
0.345300 3.572999 0.036635
0.345806 3.558431 0.037013
0.346313 3.584861 0.036849
0.346819 3.537118 0.035852
0.347325 3.579610 0.037604
0.347832 3.566084 0.035385
0.348338 3.551808 0.035669
0.348845 3.534470 0.036832
0.349351 3.511820 0.036840
0.349858 3.510571 0.036502
0.350364 3.528458 0.036728
0.350871 3.573420 0.036763
0.351377 3.557313 0.037070
0.351884 3.506214 0.036575
0.352390 3.521700 0.037112
0.352897 3.485923 0.036617
0.353403 3.484077 0.036233
0.353910 3.616200 0.037811
0.354416 3.475530 0.035593
0.354923 3.527936 0.036532
0.355429 3.487657 0.035171
0.355935 3.476771 0.034302
0.356442 3.525375 0.035536
0.356948 3.514972 0.034092
0.357455 3.518150 0.034868
0.357961 3.488254 0.033535
0.358468 3.455910 0.034277
0.358974 3.502439 0.034501
0.359481 3.511178 0.035705
0.359987 3.548440 0.035376
0.360494 3.481165 0.035099
0.361000 3.575484 0.035509
0.361506 3.558473 0.036501
0.362013 3.502312 0.034776
0.362519 3.488113 0.035091
0.363026 3.503185 0.035295
0.363532 3.572060 0.036034
0.364039 3.493115 0.036634
0.364545 3.495636 0.035452
0.365052 3.567686 0.035514
0.365558 3.477324 0.035731
0.366064 3.473698 0.034720
0.366571 3.501263 0.035975
0.367077 3.485178 0.035503
0.367584 3.502504 0.036683
0.368090 3.521174 0.036526
0.368597 3.512632 0.036647
0.369103 3.522309 0.036619
0.369610 3.516158 0.037115
0.370116 3.451229 0.037029
0.370622 3.400353 0.037123
0.371129 3.443902 0.036509
0.371635 3.509984 0.036720
0.372142 3.538244 0.037935
0.372648 3.391258 0.036199
0.373155 3.470391 0.037967
0.373661 3.458193 0.037355
0.374167 3.564457 0.038223
0.374674 3.495791 0.038594
0.375180 3.458973 0.037110
0.375687 3.475840 0.038461
0.376193 3.490024 0.039557
0.376700 3.478930 0.039027
0.377206 3.477602 0.039384
0.377712 3.431885 0.038173
0.378219 3.473066 0.040073
0.378725 3.510371 0.039016
0.379232 3.548621 0.038662
0.379738 3.538161 0.040443
0.380245 3.537835 0.040834
0.380751 3.455623 0.039116
0.381257 3.441439 0.039626
0.381764 3.455037 0.040161
0.382270 3.477375 0.039743
0.382777 3.423266 0.040255
0.383283 3.444855 0.040307
0.383789 3.487066 0.039669
0.384296 3.525648 0.041070
0.384802 3.460115 0.041345
0.385309 3.488054 0.041226
0.385815 3.529941 0.042323
0.386321 3.533072 0.041304
0.386828 3.526176 0.043011
0.387334 3.475886 0.042277
0.387841 3.464622 0.042694
0.388347 3.480769 0.043906
0.388853 3.415278 0.040957
0.389360 3.496697 0.044127
0.389866 3.439814 0.041983
0.390373 3.486338 0.042780
0.390879 3.517546 0.043474
0.391385 3.458945 0.044870
0.391892 3.472283 0.043724
0.392398 3.437265 0.042980
0.392905 3.377676 0.044672
0.393411 3.431566 0.043759
0.393917 3.399098 0.044048
0.394424 3.571904 0.047056
0.394930 3.432977 0.046560
0.395437 3.471628 0.046339
0.395943 3.305220 0.044262
0.396449 3.439382 0.045433
0.396956 3.405355 0.045469
0.397462 3.512000 0.046248
0.397969 3.473955 0.046556
0.398475 3.472237 0.046687
0.398981 3.442784 0.046753
0.399488 3.432999 0.046268
0.399994 3.420318 0.047261
0.400500 3.388409 0.046613
0.401007 3.500507 0.049697
0.401513 3.411032 0.046447
0.402020 3.455015 0.047748
0.402526 3.388593 0.048402
0.403032 3.445316 0.048366
0.403539 3.434656 0.048444
0.404045 3.435496 0.050211
0.404551 3.439240 0.050766
0.405058 3.377339 0.048345
0.405564 3.446099 0.050544
0.406071 3.524734 0.048039
0.406577 3.384614 0.050601
0.407083 3.441944 0.049436
0.407590 3.355465 0.050265
0.408096 3.356052 0.050133
0.408602 3.304693 0.050675
0.409109 3.377120 0.051912
0.409615 3.432270 0.049542
0.410121 3.358330 0.050031
0.410628 3.333512 0.049757
0.411134 3.398609 0.051154
0.411641 3.422988 0.051765
0.412147 3.302304 0.051819
0.412653 3.354497 0.049928
0.413160 3.255833 0.051249
0.413666 3.298779 0.050305
0.414172 3.298313 0.051595
0.414679 3.298255 0.051603
0.415185 3.364519 0.053002
0.415691 3.208878 0.049715
0.416198 3.350882 0.051843
0.416704 3.211676 0.050279
0.417210 3.310098 0.051874
0.417717 3.334734 0.054178
0.418223 3.289867 0.049875
0.418729 3.343750 0.054092
0.419236 3.367632 0.054301
0.419742 3.390865 0.053091
0.420248 3.449857 0.053100
0.420755 3.333135 0.052965
0.421261 3.394240 0.054160
0.421767 3.254802 0.052660
0.422274 3.304207 0.052869
0.422780 3.397907 0.056007
0.423286 3.431342 0.054107
0.423793 3.363959 0.054535
0.424299 3.410028 0.056833
0.424805 3.378446 0.054465
0.425312 3.366790 0.052056
0.425818 3.309009 0.056404
0.426324 3.376472 0.058928
0.426831 3.354761 0.057966
0.427337 3.342889 0.058790
0.427843 3.363661 0.059396
0.428350 3.266511 0.057201
0.428856 3.282621 0.058049
0.429362 3.151021 0.058236
0.429869 3.275398 0.059616
0.430375 3.236932 0.058830
0.430881 3.323528 0.058707
0.431388 3.311688 0.057705
0.431894 3.278667 0.062442
0.432400 3.301999 0.063142
0.432907 3.276699 0.062929
0.433413 3.281802 0.060978
0.433919 3.274536 0.060196
0.434425 3.303104 0.059851
0.434932 3.329116 0.065702
0.435438 3.311004 0.066268
0.435944 3.229445 0.061730
0.436451 3.261297 0.065747
0.436957 3.291873 0.066363
0.437463 3.277078 0.062120
0.437970 3.315623 0.066461
0.438476 3.359335 0.068137
0.438982 3.367143 0.066694
0.439488 3.283339 0.066370
0.439995 3.268358 0.068556
