0.009882 107.055943 24.639055
0.010389 73.312792 13.264986
0.010896 72.192624 13.586459
0.011402 59.545744 10.496294
0.011909 33.965091 6.427090
0.012416 41.348722 6.168042
0.012923 28.150861 3.828643
0.013430 23.260431 3.489912
0.013936 20.153993 2.128477
0.014443 19.359126 1.917145
0.014950 17.203270 0.980435
0.015457 15.558761 0.885350
0.015963 14.403865 0.694198
0.016470 13.172974 0.523441
0.016977 12.149558 0.412765
0.017484 11.725942 0.350953
0.017990 10.865133 0.298941
0.018497 10.237757 0.264222
0.019004 10.196312 0.232293
0.019511 9.859791 0.219806
0.020018 8.722582 0.186204
0.020524 9.012290 0.199618
0.021031 8.186372 0.175799
0.021538 8.148842 0.176497
0.022045 7.729967 0.164960
0.022551 7.453753 0.152067
0.023058 7.250147 0.147355
0.023565 7.177171 0.153813
0.024072 7.433601 0.158272
0.024579 6.906592 0.137368
0.025085 6.856120 0.137186
0.025592 6.934778 0.140282
0.026099 6.504256 0.139681
0.026606 6.446928 0.121698
0.027112 6.592590 0.124631
0.027619 6.336747 0.119171
0.028126 6.229503 0.114965
0.028633 6.304849 0.122160
0.029139 6.207964 0.117447
0.029646 5.928611 0.110004
0.030153 5.982817 0.115934
0.030660 5.857662 0.113361
0.031167 5.826304 0.109092
0.031673 5.395653 0.098112
0.032180 5.594980 0.106068
0.032687 5.495175 0.106631
0.033194 5.540351 0.098882
0.033700 5.426018 0.104441
0.034207 5.354957 0.101178
0.034714 5.545543 0.099754
0.035221 5.365070 0.100195
0.035727 5.307403 0.092779
0.036234 5.428586 0.095436
0.036741 5.354553 0.096309
0.037248 5.301790 0.092750
0.037755 5.428869 0.091346
0.038261 5.328531 0.094353
0.038768 5.232210 0.085978
0.039275 5.147978 0.093908
0.039782 5.168314 0.088417
0.040288 5.061116 0.093953
0.040795 5.195951 0.091639
0.041302 5.129620 0.085637
0.041809 5.096526 0.085487
0.042315 5.051553 0.086812
0.042822 4.918986 0.087404
0.043329 4.864055 0.085797
0.043836 4.987075 0.084200
0.044343 5.026917 0.082568
0.044849 4.961223 0.083325
0.045356 4.967908 0.083713
0.045863 5.016981 0.079036
0.046370 4.964121 0.084117
0.046876 4.877909 0.079597
0.047383 4.868947 0.079577
0.047890 4.946631 0.079971
0.048397 4.829451 0.081680
0.048903 4.836740 0.078891
0.049410 4.809498 0.078933
0.049917 4.869603 0.071932
0.050424 4.864567 0.077757
0.050931 4.836469 0.072316
0.051437 4.844356 0.072748
0.051944 4.785457 0.072136
0.052451 4.932504 0.077978
0.052958 4.691396 0.072802
0.053464 4.666418 0.072484
0.053971 4.900205 0.073883
0.054478 4.753053 0.069460
0.054985 4.625261 0.070389
0.055491 4.670997 0.070087
0.055998 4.634548 0.069427
0.056505 4.612033 0.068772
0.057012 4.711512 0.067025
0.057519 4.747359 0.069617
0.058025 4.724018 0.070528
0.058532 4.707940 0.067510
0.059039 4.720387 0.067608
0.059546 4.565708 0.067751
0.060052 4.707483 0.067229
0.060559 4.633247 0.070175
0.061066 4.662348 0.069386
0.061573 4.557189 0.064790
0.062079 4.595252 0.066076
0.062586 4.623602 0.064772
0.063093 4.646528 0.068078
0.063600 4.593970 0.067068
0.064106 4.595833 0.062653
0.064613 4.639325 0.065154
0.065120 4.524950 0.062344
0.065627 4.541665 0.063511
0.066134 4.611536 0.063014
0.066640 4.508896 0.062114
0.067147 4.630700 0.064006
0.067654 4.553747 0.064355
0.068161 4.648622 0.061576
0.068667 4.644191 0.057304
0.069174 4.537828 0.061291
0.069681 4.466461 0.064002
0.070188 4.540507 0.062481
0.070694 4.573390 0.059413
0.071201 4.589035 0.061719
0.071708 4.550236 0.061009
0.072215 4.467184 0.060525
0.072721 4.554443 0.059615
0.073228 4.598041 0.063158
0.073735 4.535299 0.060871
0.074242 4.590250 0.060025
0.074748 4.570680 0.060300
0.075255 4.501783 0.059440
0.075762 4.493317 0.057094
0.076269 4.577592 0.058301
0.076776 4.352684 0.057704
0.077282 4.380007 0.056685
0.077789 4.446760 0.055541
0.078296 4.479721 0.056741
0.078803 4.579852 0.055819
0.079309 4.425389 0.058116
0.079816 4.445802 0.058533
0.080323 4.552618 0.058901
0.080830 4.440564 0.059668
0.081336 4.437196 0.059991
0.081843 4.363461 0.057927
0.082350 4.383012 0.058165
0.082857 4.418627 0.058262
0.083363 4.457703 0.059025
0.083870 4.487687 0.060451
0.084377 4.503217 0.058718
0.084884 4.437032 0.058567
0.085390 4.395418 0.057260
0.085897 4.441362 0.059987
0.086404 4.382825 0.058414
0.086911 4.506538 0.059288
0.087417 4.443592 0.058370
0.087924 4.408612 0.057568
0.088431 4.412868 0.058909
0.088938 4.413487 0.057546
0.089444 4.516927 0.058499
0.089951 4.377532 0.057101
0.090458 4.333664 0.057077
0.090965 4.285324 0.056759
0.091471 4.377962 0.055761
0.091978 4.404592 0.057578
0.092485 4.405783 0.058179
0.092992 4.361399 0.057677
0.093498 4.398364 0.056358
0.094005 4.445350 0.058991
0.094512 4.374317 0.054736
0.095019 4.425276 0.056492
0.095525 4.399847 0.060014
0.096032 4.380665 0.058654
0.096539 4.432346 0.058130
0.097046 4.253659 0.056425
0.097552 4.327583 0.056830
0.098059 4.372054 0.057056
0.098566 4.355113 0.057177
0.099073 4.240395 0.058300
0.099579 4.307147 0.058452
0.100086 4.319148 0.056866
0.100593 4.246425 0.055456
0.101100 4.262135 0.057209
0.101606 4.410788 0.056579
0.102113 4.377327 0.056195
0.102620 4.387581 0.056297
0.103127 4.341698 0.056382
0.103633 4.302976 0.056755
0.104140 4.363930 0.057063
0.104647 4.366845 0.057904
0.105154 4.284884 0.057877
0.105660 4.299798 0.055963
0.106167 4.288136 0.056683
0.106674 4.402832 0.055716
0.107181 4.341000 0.056336
0.107687 4.363423 0.055932
0.108194 4.398765 0.054759
0.108701 4.261311 0.052675
0.109208 4.268091 0.052262
0.109714 4.299736 0.054090
0.110221 4.285855 0.052700
0.110728 4.285599 0.053806
0.111235 4.185908 0.051992
0.111741 4.187332 0.053667
0.112248 4.172277 0.051774
0.112755 4.170390 0.048986
0.113262 4.235733 0.049826
0.113768 4.227058 0.051710
0.114275 4.147330 0.049806
0.114782 4.233351 0.051303
0.115289 4.266028 0.050747
0.115795 4.254010 0.048650
0.116302 4.281259 0.050231
0.116809 4.321230 0.050287
0.117316 4.285668 0.049703
0.117822 4.188409 0.048427
0.118329 4.236982 0.049111
0.118836 4.259391 0.049915
0.119342 4.140433 0.047833
0.119849 4.293331 0.048077
0.120356 4.257124 0.047659
0.120863 4.233941 0.049194
0.121369 4.154243 0.047839
0.121876 4.247310 0.048659
0.122383 4.176433 0.046526
0.122890 4.275885 0.048270
0.123396 4.256455 0.046698
0.123903 4.256224 0.049067
0.124410 4.227965 0.048019
0.124917 4.207103 0.046552
0.125423 4.227579 0.046830
0.125930 4.129481 0.047264
0.126437 4.231374 0.045972
0.126944 4.247478 0.046662
0.127450 4.204219 0.046397
0.127957 4.112746 0.045676
0.128464 4.126416 0.044842
0.128970 4.253130 0.047898
0.129477 4.231897 0.045282
0.129984 4.191435 0.045517
0.130491 4.190394 0.045710
0.130997 4.081401 0.042792
0.131504 4.162714 0.044901
0.132011 4.122277 0.043227
0.132518 4.135112 0.042714
0.133024 4.263753 0.044091
0.133531 4.197708 0.043582
0.134038 4.179865 0.043334
0.134545 4.173939 0.043903
0.135051 4.206373 0.044476
0.135558 4.153246 0.045015
0.136065 4.129845 0.043258
0.136571 4.213477 0.043899
0.137078 4.145283 0.042042
0.137585 4.177164 0.042867
0.138092 4.184663 0.043491
0.138598 4.234522 0.043195
0.139105 4.134634 0.043276
0.139612 4.196036 0.042351
0.140119 4.179067 0.042483
0.140625 4.236415 0.044367
0.141132 4.118704 0.042364
0.141639 4.197674 0.041728
0.142145 4.167717 0.042299
0.142652 4.157681 0.042663
0.143159 4.141392 0.042310
0.143666 4.157744 0.042542
0.144172 4.107959 0.040552
0.144679 4.082436 0.041013
0.145186 4.133049 0.041380
0.145692 4.140066 0.041784
0.146199 4.130252 0.041565
0.146706 4.105073 0.041920
0.147213 4.046605 0.041801
0.147719 4.200539 0.042284
0.148226 4.123093 0.041195
0.148733 4.078638 0.040669
0.149240 4.134625 0.041219
0.149746 4.118289 0.041121
0.150253 4.136508 0.040615
0.150760 4.020930 0.040491
0.151266 4.065363 0.039551
0.151773 4.094908 0.041054
0.152280 4.084976 0.040674
0.152787 4.052250 0.040263
0.153293 4.052795 0.040913
0.153800 4.090694 0.041427
0.154307 4.074329 0.039405
0.154813 4.075598 0.039861
0.155320 4.077340 0.041500
0.155827 4.153184 0.039886
0.156334 4.113507 0.039760
0.156840 4.073030 0.039735
0.157347 4.131342 0.039187
0.157854 4.031074 0.040245
0.158360 4.126857 0.039128
0.158867 4.121684 0.039337
0.159374 4.049638 0.038487
0.159881 4.047017 0.038690
0.160387 4.018884 0.038878
0.160894 4.091132 0.038654
0.161401 4.042196 0.038149
0.161907 3.981717 0.038046
0.162414 4.123749 0.039988
0.162921 4.097023 0.038628
0.163427 4.037342 0.038776
0.163934 4.130434 0.039227
0.164441 3.997054 0.038814
0.164948 4.106651 0.039333
0.165454 4.030450 0.039293
0.165961 4.066824 0.038402
0.166468 3.989520 0.037600
0.166974 4.027683 0.037925
0.167481 4.053211 0.038631
0.167988 3.914989 0.036979
0.168495 3.958737 0.037592
0.169001 4.018147 0.038956
0.169508 4.002578 0.038358
0.170015 4.050398 0.039450
0.170521 4.002603 0.039411
0.171028 4.040616 0.038573
0.171535 4.029085 0.039384
0.172041 4.096318 0.039259
0.172548 4.032523 0.038853
0.173055 4.031506 0.038769
0.173562 4.040343 0.039216
0.174068 4.001172 0.038516
0.174575 3.965001 0.038431
0.175082 4.100171 0.038964
0.175588 4.016850 0.038765
0.176095 4.023066 0.039864
0.176602 4.013801 0.039096
0.177108 4.053328 0.038945
0.177615 4.009568 0.039181
0.178122 3.984396 0.039232
0.178629 4.059573 0.038724
0.179135 4.058752 0.039116
0.179642 4.029200 0.039290
0.180149 4.062381 0.039768
0.180655 4.029354 0.039865
0.181162 4.000310 0.038792
0.181669 3.984254 0.039653
0.182175 3.950389 0.038097
0.182682 3.996528 0.039419
0.183189 4.028359 0.039258
0.183695 3.996547 0.040584
0.184202 3.998123 0.040870
0.184709 4.027688 0.041236
0.185216 4.015508 0.039560
0.185722 4.101151 0.041980
0.186229 4.021011 0.041210
0.186736 4.056564 0.041139
0.187242 3.961393 0.040873
0.187749 4.018503 0.041291
0.188256 3.950634 0.041660
0.188762 3.932152 0.041070
0.189269 4.018263 0.040736
0.189776 3.976824 0.041673
0.190282 4.022342 0.041797
0.190789 4.039510 0.042413
0.191296 3.930137 0.041628
0.191802 3.973675 0.041466
0.192309 3.983092 0.042493
0.192816 3.974459 0.041453
0.193323 3.957544 0.043155
0.193829 4.017646 0.041093
0.194336 4.008555 0.041620
0.194843 3.964176 0.041773
0.195349 3.982263 0.042681
0.195856 3.965689 0.041456
0.196363 3.980235 0.042129
0.196869 3.937733 0.042080
0.197376 4.033690 0.042355
0.197883 3.949538 0.042049
0.198389 3.893157 0.042813
0.198896 3.960836 0.041086
0.199403 3.962975 0.042348
0.199909 3.935956 0.042244
0.200416 3.987828 0.042737
0.200923 3.920852 0.042385
0.201429 4.072132 0.043772
0.201936 3.955800 0.042983
0.202443 3.973825 0.042545
0.202949 4.026199 0.042512
0.203456 3.978578 0.042494
0.203963 3.994687 0.042045
0.204469 3.969303 0.042469
0.204976 3.977692 0.042390
0.205483 3.993860 0.043835
0.205989 3.926166 0.043577
0.206496 3.952590 0.041508
0.207003 3.960328 0.042101
0.207509 3.927782 0.042471
0.208016 3.968735 0.041479
0.208523 3.995068 0.041660
0.209029 4.032724 0.041812
0.209536 3.915852 0.042223
0.210043 4.026750 0.042553
0.210549 3.974386 0.043328
0.211056 3.925709 0.042177
0.211563 3.891002 0.042090
0.212069 3.911592 0.043473
0.212576 3.919554 0.042055
0.213083 3.935913 0.042072
0.213589 3.897839 0.042710
0.214096 3.921186 0.043729
0.214603 3.959707 0.045006
0.215109 3.936500 0.042038
0.215616 3.984850 0.042609
0.216123 3.952131 0.042522
0.216629 4.002644 0.043182
0.217136 3.872701 0.042639
0.217643 3.931725 0.042928
0.218149 3.896037 0.041529
0.218656 3.995637 0.042345
0.219163 3.893234 0.040662
0.219669 3.911015 0.042473
0.220176 3.889917 0.041174
0.220683 3.934148 0.040331
0.221189 3.833232 0.041769
0.221696 3.960634 0.041720
0.222203 3.924753 0.042603
0.222709 3.835998 0.040877
0.223216 3.903822 0.042195
0.223722 3.825413 0.041203
0.224229 3.900488 0.041848
0.224736 3.893582 0.041331
0.225242 3.896064 0.041305
0.225749 3.836074 0.040827
0.226256 3.875068 0.040592
0.226762 3.855118 0.042308
0.227269 3.860710 0.039751
0.227776 3.821844 0.040420
0.228282 3.817104 0.040465
0.228789 3.771349 0.040786
0.229296 3.871329 0.039785
0.229802 3.914530 0.040793
0.230309 3.892318 0.040463
0.230816 3.861575 0.041090
0.231322 3.870053 0.039515
0.231829 3.886656 0.040672
0.232335 3.825664 0.039540
0.232842 3.895078 0.039517
0.233349 3.888550 0.039383
0.233855 3.843295 0.038910
0.234362 3.912477 0.039615
0.234869 3.876052 0.038801
0.235375 3.808029 0.038390
0.235882 3.840343 0.038813
0.236389 3.805388 0.039327
0.236895 3.835079 0.039044
0.237402 3.782485 0.038648
0.237908 3.834134 0.039382
0.238415 3.818084 0.038279
0.238922 3.816854 0.038400
0.239428 3.835743 0.038731
0.239935 3.806715 0.038402
0.240442 3.808316 0.037564
0.240948 3.790307 0.037655
0.241455 3.851500 0.038805
0.241962 3.772853 0.037778
0.242468 3.849531 0.039153
0.242975 3.928729 0.038035
0.243481 3.785779 0.037640
0.243988 3.793308 0.037747
0.244495 3.845172 0.038022
0.245001 3.781731 0.036727
0.245508 3.858845 0.038519
0.246015 3.849454 0.038542
0.246521 3.800257 0.038007
0.247028 3.823452 0.037778
0.247534 3.819580 0.037613
0.248041 3.798999 0.037806
0.248548 3.769938 0.036864
0.249054 3.817042 0.038793
0.249561 3.842566 0.037750
0.250068 3.804270 0.036146
0.250574 3.806268 0.036315
0.251081 3.805405 0.037701
0.251587 3.791710 0.037832
0.252094 3.816740 0.036533
0.252601 3.813308 0.036601
0.253107 3.843250 0.037006
0.253614 3.712621 0.036642
0.254120 3.723473 0.035856
0.254627 3.771485 0.036598
0.255134 3.811545 0.036944
0.255640 3.873294 0.036195
0.256147 3.767462 0.035746
0.256654 3.729836 0.036017
0.257160 3.739834 0.035735
0.257667 3.776980 0.036474
0.258173 3.789535 0.035982
0.258680 3.825075 0.035857
0.259187 3.828046 0.036015
0.259693 3.798384 0.034999
0.260200 3.729574 0.035352
0.260706 3.716940 0.034730
0.261213 3.783395 0.034869
0.261720 3.839764 0.035877
0.262226 3.752592 0.034290
0.262733 3.740785 0.034807
0.263239 3.735346 0.035586
0.263746 3.742509 0.036790
0.264253 3.688867 0.034073
0.264759 3.719162 0.034633
0.265266 3.772056 0.035613
0.265772 3.761791 0.034813
0.266279 3.789699 0.034902
0.266786 3.737458 0.034201
0.267292 3.759201 0.035595
0.267799 3.747397 0.034322
0.268305 3.784463 0.034641
0.268812 3.773141 0.035133
0.269319 3.744919 0.033540
0.269825 3.756892 0.033934
0.270332 3.781660 0.034820
0.270838 3.794749 0.034437
0.271345 3.748038 0.034595
0.271852 3.721365 0.033919
0.272358 3.726236 0.034011
0.272865 3.681056 0.033910
0.273371 3.689860 0.033360
0.273878 3.712275 0.033510
0.274385 3.764127 0.033559
0.274891 3.729263 0.034205
0.275398 3.676881 0.033081
0.275904 3.772496 0.034651
0.276411 3.667303 0.032895
0.276917 3.699854 0.034850
0.277424 3.741415 0.033377
0.277931 3.741466 0.033701
0.278437 3.667814 0.033133
0.278944 3.725026 0.033788
0.279450 3.680972 0.033435
0.279957 3.765615 0.033851
0.280464 3.704296 0.033250
0.280970 3.668089 0.032728
0.281477 3.743825 0.033607
0.281983 3.748847 0.033134
0.282490 3.693073 0.033540
0.282996 3.657399 0.032930
0.283503 3.689951 0.032562
0.284010 3.661907 0.032553
0.284516 3.686035 0.032791
0.285023 3.681894 0.033193
0.285529 3.695722 0.032741
0.286036 3.673289 0.032781
0.286542 3.703163 0.033342
0.287049 3.692643 0.033426
0.287556 3.729491 0.033022
0.288062 3.649434 0.032136
0.288569 3.716333 0.033318
0.289075 3.644755 0.032202
0.289582 3.709340 0.032749
0.290088 3.708608 0.033745
0.290595 3.645229 0.032674
0.291102 3.649563 0.032627
0.291608 3.679914 0.032870
0.292115 3.677351 0.033355
0.292621 3.695179 0.032861
0.293128 3.649164 0.033214
0.293634 3.687976 0.032516
0.294141 3.669705 0.033231
0.294647 3.647114 0.032714
0.295154 3.675997 0.032468
0.295661 3.618509 0.032426
0.296167 3.658077 0.032824
0.296674 3.612228 0.032608
0.297180 3.608531 0.031928
0.297687 3.623049 0.032670
0.298193 3.613420 0.032625
0.298700 3.639513 0.032256
0.299206 3.616460 0.032544
0.299713 3.583379 0.032755
0.300220 3.590207 0.031792
0.300726 3.651533 0.032726
0.301233 3.615640 0.032742
0.301739 3.691108 0.032320
0.302246 3.662567 0.032761
0.302752 3.611262 0.032434
0.303259 3.623973 0.032420
0.303765 3.615235 0.032255
0.304272 3.591490 0.032084
0.304779 3.558670 0.032668
0.305285 3.600876 0.032440
0.305792 3.610481 0.032338
0.306298 3.698104 0.032551
0.306805 3.596334 0.031802
0.307311 3.618689 0.032276
0.307818 3.666733 0.032231
0.308324 3.605219 0.032397
0.308831 3.601234 0.031854
0.309337 3.584709 0.032084
0.309844 3.566632 0.032708
0.310350 3.610595 0.032964
0.310857 3.596056 0.032860
0.311364 3.594374 0.033790
0.311870 3.605396 0.033021
0.312377 3.613824 0.034391
0.312883 3.579136 0.033017
0.313390 3.601232 0.034714
0.313896 3.605176 0.033905
0.314403 3.622384 0.035595
0.314909 3.572414 0.033287
0.315416 3.607280 0.034376
0.315922 3.622709 0.034623
0.316429 3.574652 0.034159
0.316935 3.576845 0.034705
0.317442 3.588838 0.035792
0.317948 3.575478 0.034808
0.318455 3.553190 0.035386
0.318961 3.644172 0.036380
0.319468 3.592281 0.034910
0.319975 3.597376 0.034449
0.320481 3.600422 0.036305
0.320988 3.523513 0.035112
0.321494 3.583568 0.035994
0.322001 3.578330 0.035473
0.322507 3.590000 0.035401
0.323014 3.598904 0.035453
0.323520 3.577831 0.035470
0.324027 3.618381 0.035503
0.324533 3.591097 0.034749
0.325040 3.603703 0.035911
0.325546 3.636599 0.035600
0.326053 3.596086 0.034935
0.326559 3.603737 0.035603
0.327066 3.571532 0.035796
0.327572 3.569440 0.035605
0.328079 3.592709 0.035193
0.328585 3.587280 0.034581
0.329092 3.523215 0.034993
0.329598 3.538272 0.035428
0.330105 3.585427 0.035343
0.330611 3.656364 0.036194
0.331118 3.547197 0.035215
0.331624 3.553527 0.035769
0.332131 3.603737 0.035494
0.332637 3.601205 0.035989
0.333144 3.621626 0.035420
0.333650 3.586675 0.035600
0.334157 3.612310 0.035761
0.334663 3.566754 0.035862
0.335170 3.556385 0.035571
0.335676 3.544424 0.035830
0.336183 3.575414 0.036651
0.336689 3.598771 0.037077
0.337196 3.612847 0.035831
0.337702 3.558703 0.035936
0.338209 3.585145 0.036280
0.338715 3.519781 0.035233
0.339222 3.560285 0.035951
0.339728 3.588046 0.037286
0.340235 3.610550 0.036381
0.340741 3.599407 0.035888
0.341248 3.571167 0.035787
0.341754 3.663587 0.036947
0.342261 3.570699 0.036439
0.342767 3.564579 0.035658
0.343274 3.541709 0.036501
0.343780 3.639884 0.037364
0.344287 3.603487 0.036842
0.344793 3.563320 0.036372
0.345300 3.582678 0.036670
0.345806 3.527467 0.036206
0.346313 3.537420 0.036547
0.346819 3.547080 0.036220
0.347325 3.622479 0.036580
0.347832 3.574183 0.037728
0.348338 3.547572 0.036538
0.348845 3.673354 0.037004
0.349351 3.557757 0.036235
0.349858 3.535153 0.036062
0.350364 3.478180 0.036618
0.350871 3.538947 0.037192
0.351377 3.550278 0.037932
0.351884 3.493765 0.036857
0.352390 3.542239 0.037907
0.352897 3.549261 0.036227
0.353403 3.595944 0.037135
0.353910 3.534755 0.036372
0.354416 3.458723 0.036057
0.354923 3.518316 0.035924
0.355429 3.494687 0.035299
0.355935 3.504159 0.036248
0.356442 3.517176 0.036146
0.356948 3.542606 0.034549
0.357455 3.529634 0.034992
0.357961 3.503837 0.035206
0.358468 3.541213 0.035019
0.358974 3.545815 0.035504
0.359481 3.516754 0.034743
0.359987 3.501692 0.036176
0.360494 3.520085 0.035705
0.361000 3.557458 0.035769
0.361506 3.575595 0.036241
0.362013 3.435232 0.036111
0.362519 3.493936 0.034953
0.363026 3.504283 0.035276
0.363532 3.487562 0.036130
0.364039 3.586783 0.035294
0.364545 3.482087 0.035277
0.365052 3.567686 0.036197
0.365558 3.405923 0.035236
0.366064 3.496747 0.035910
0.366571 3.479608 0.035304
0.367077 3.562593 0.036029
0.367584 3.487308 0.035255
0.368090 3.501783 0.035509
0.368597 3.450638 0.035917
0.369103 3.501496 0.036187
0.369610 3.471005 0.037741
0.370116 3.413219 0.036966
0.370622 3.483662 0.037422
0.371129 3.456158 0.037510
0.371635 3.434135 0.037440
0.372142 3.484713 0.038545
0.372648 3.469195 0.038230
0.373155 3.482244 0.037565
0.373661 3.486387 0.037772
0.374167 3.529528 0.037202
0.374674 3.455810 0.038279
0.375180 3.423941 0.037341
0.375687 3.507517 0.038275
0.376193 3.547783 0.038957
0.376700 3.520253 0.038482
0.377206 3.498423 0.039287
0.377712 3.453458 0.038746
0.378219 3.438034 0.037868
0.378725 3.446874 0.039631
0.379232 3.493407 0.038731
0.379738 3.560303 0.040251
0.380245 3.478516 0.039582
0.380751 3.443064 0.039502
0.381257 3.485717 0.040737
0.381764 3.438339 0.040175
0.382270 3.435490 0.040368
0.382777 3.506832 0.040192
0.383283 3.419700 0.039871
0.383789 3.504702 0.041663
0.384296 3.436787 0.039988
0.384802 3.502882 0.041071
0.385309 3.449467 0.042398
0.385815 3.417848 0.040650
0.386321 3.472333 0.041787
0.386828 3.478849 0.042762
0.387334 3.483236 0.043476
0.387841 3.428208 0.040750
0.388347 3.451152 0.043045
0.388853 3.493722 0.041950
0.389360 3.381817 0.041358
0.389866 3.438178 0.044189
0.390373 3.401210 0.044171
0.390879 3.393332 0.042903
0.391385 3.402625 0.043253
0.391892 3.422703 0.044884
0.392398 3.509327 0.045415
0.392905 3.441743 0.044637
0.393411 3.499494 0.044585
0.393917 3.456740 0.045801
0.394424 3.370569 0.050285
0.394930 3.503296 0.044499
0.395437 3.431089 0.045104
0.395943 3.466842 0.045636
0.396449 3.445510 0.046323
0.396956 3.374580 0.046000
0.397462 3.369908 0.045400
0.397969 3.452330 0.047638
0.398475 3.465170 0.046735
0.398981 3.389685 0.046390
0.399488 3.452009 0.048048
0.399994 3.412969 0.046689
0.400500 3.448346 0.046625
0.401007 3.458231 0.046599
0.401513 3.467051 0.047389
0.402020 3.396142 0.048505
0.402526 3.401314 0.049009
0.403032 3.433790 0.048961
0.403539 3.352927 0.047149
0.404045 3.429091 0.048561
0.404551 3.365495 0.050341
0.405058 3.299428 0.048367
0.405564 3.403059 0.050219
0.406071 3.435289 0.049147
0.406577 3.431113 0.048118
0.407083 3.518302 0.049032
0.407590 3.479251 0.050325
0.408096 3.368345 0.050980
0.408602 3.386738 0.049342
0.409109 3.467807 0.050731
0.409615 3.352924 0.048804
0.410121 3.376842 0.051654
0.410628 3.425789 0.051014
0.411134 3.334852 0.049417
0.411641 3.320834 0.050442
0.412147 3.327198 0.049619
0.412653 3.373635 0.051726
0.413160 3.333924 0.048688
0.413666 3.359575 0.051527
0.414172 3.397039 0.052338
0.414679 3.354183 0.051698
0.415185 3.298672 0.050574
0.415691 3.471650 0.052554
0.416198 3.278743 0.051698
0.416704 3.301976 0.053585
0.417210 3.394940 0.055028
0.417717 3.337195 0.054482
0.418223 3.254981 0.050534
0.418729 3.406730 0.053624
0.419236 3.312074 0.051810
0.419742 3.269432 0.053188
0.420248 3.319611 0.053053
0.420755 3.335480 0.053145
0.421261 3.315161 0.055062
0.421767 3.293791 0.052461
0.422274 3.302443 0.054645
0.422780 3.433160 0.055276
0.423286 3.277245 0.054106
0.423793 3.360348 0.054972
0.424299 3.355543 0.055637
0.424805 3.390832 0.056378
0.425312 3.382873 0.056254
0.425818 3.367693 0.055741
0.426324 3.345283 0.055659
0.426831 3.380560 0.057523
0.427337 3.344521 0.057403
0.427843 3.228829 0.058689
0.428350 3.410991 0.058011
0.428856 3.264122 0.056472
0.429362 3.306294 0.057721
0.429869 3.356326 0.060539
0.430375 3.336768 0.060446
0.430881 3.338225 0.059593
0.431388 3.374990 0.062454
0.431894 3.354536 0.060816
0.432400 3.265118 0.061291
0.432907 3.199479 0.062204
0.433413 3.195213 0.060728
0.433919 3.298810 0.063175
0.434425 3.349930 0.060895
0.434932 3.319216 0.062877
0.435438 3.355029 0.065184
0.435944 3.318223 0.064131
0.436451 3.288420 0.063926
0.436957 3.383954 0.069433
0.437463 3.363322 0.065343
0.437970 3.409693 0.067217
0.438476 3.161479 0.064478
0.438982 3.320819 0.066638
0.439488 3.264301 0.067133
0.439995 3.336021 0.066154
