0.009882 110.333733 25.803422
0.010389 76.875306 13.637651
0.010896 71.865700 13.678532
0.011402 60.945750 11.434162
0.011909 35.315976 6.252324
0.012416 41.545693 6.185499
0.012923 28.644015 3.944211
0.013430 26.270448 3.712602
0.013936 22.230931 2.332815
0.014443 19.957422 1.976729
0.014950 17.867338 1.114526
0.015457 16.459052 0.961392
0.015963 14.700141 0.785878
0.016470 13.779282 0.562630
0.016977 12.965855 0.403948
0.017484 12.413187 0.405317
0.017990 11.222910 0.278597
0.018497 10.396174 0.234006
0.019004 10.292007 0.234950
0.019511 10.087865 0.199178
0.020018 9.518512 0.199760
0.020524 9.109458 0.211851
0.021031 8.635773 0.191669
0.021538 8.252934 0.172488
0.022045 8.161554 0.172490
0.022551 7.780219 0.161476
0.023058 7.415735 0.150717
0.023565 7.565378 0.158332
0.024072 7.421217 0.159160
0.024579 7.207768 0.139138
0.025085 6.975237 0.145921
0.025592 6.872106 0.138379
0.026099 6.850314 0.131438
0.026606 6.862523 0.126337
0.027112 6.681200 0.127740
0.027619 6.319797 0.131153
0.028126 6.293335 0.122014
0.028633 6.328105 0.115928
0.029139 6.237646 0.114781
0.029646 6.293277 0.123688
0.030153 5.971947 0.114018
0.030660 6.021815 0.112352
0.031167 5.774128 0.114718
0.031673 5.789042 0.108190
0.032180 5.782488 0.100981
0.032687 5.602250 0.107714
0.033194 5.667558 0.100886
0.033700 5.752204 0.103603
0.034207 5.481378 0.102905
0.034714 5.682333 0.101303
0.035221 5.578043 0.101024
0.035727 5.403836 0.097793
0.036234 5.372322 0.102071
0.036741 5.389459 0.098763
0.037248 5.543009 0.093929
0.037755 5.335309 0.091508
0.038261 5.156753 0.095843
0.038768 5.210827 0.093380
0.039275 5.302080 0.089307
0.039782 5.171515 0.090156
0.040288 5.206725 0.085936
0.040795 5.181865 0.087990
0.041302 5.274489 0.088692
0.041809 5.296539 0.088826
0.042315 5.022936 0.090577
0.042822 4.921945 0.085662
0.043329 5.043327 0.086388
0.043836 4.746289 0.084088
0.044343 5.061836 0.084953
0.044849 5.222782 0.082555
0.045356 5.080911 0.082418
0.045863 5.001786 0.081123
0.046370 4.790719 0.077560
0.046876 4.984422 0.080585
0.047383 4.880900 0.080714
0.047890 5.066064 0.077186
0.048397 4.846292 0.080179
0.048903 4.987769 0.077656
0.049410 4.943933 0.075053
0.049917 4.804165 0.077616
0.050424 4.732384 0.077869
0.050931 4.834021 0.078280
0.051437 4.874156 0.075715
0.051944 4.803085 0.073663
0.052451 4.695009 0.074126
0.052958 4.742151 0.070281
0.053464 4.748807 0.070600
0.053971 4.666038 0.070554
0.054478 4.804340 0.068436
0.054985 4.786750 0.068427
0.055491 4.750281 0.070330
0.055998 4.743493 0.069087
0.056505 4.815880 0.069862
0.057012 4.733999 0.071034
0.057519 4.800397 0.069946
0.058025 4.684651 0.066879
0.058532 4.808563 0.069269
0.059039 4.563179 0.068496
0.059546 4.752717 0.066851
0.060052 4.602046 0.067112
0.060559 4.701071 0.072782
0.061066 4.523605 0.066943
0.061573 4.670249 0.068186
0.062079 4.752645 0.065619
0.062586 4.746029 0.066951
0.063093 4.614761 0.063854
0.063600 4.653961 0.066715
0.064106 4.576998 0.064601
0.064613 4.684276 0.064969
0.065120 4.611556 0.065502
0.065627 4.573488 0.065561
0.066134 4.630682 0.066009
0.066640 4.692141 0.063422
0.067147 4.499005 0.061643
0.067654 4.633399 0.063339
0.068161 4.648310 0.064646
0.068667 4.537516 0.064223
0.069174 4.515196 0.061312
0.069681 4.456885 0.063510
0.070188 4.503841 0.063941
0.070694 4.629562 0.063852
0.071201 4.489863 0.060407
0.071708 4.561944 0.063197
0.072215 4.605044 0.061379
0.072721 4.554443 0.063081
0.073228 4.483939 0.060214
0.073735 4.515326 0.058010
0.074242 4.424482 0.058940
0.074748 4.602291 0.060622
0.075255 4.574367 0.059905
0.075762 4.388839 0.056249
0.076269 4.504138 0.057231
0.076776 4.463282 0.058233
0.077282 4.540623 0.060104
0.077789 4.450583 0.057529
0.078296 4.424067 0.057296
0.078803 4.510742 0.056313
0.079309 4.572214 0.057828
0.079816 4.568185 0.059141
0.080323 4.506585 0.059556
0.080830 4.545404 0.059851
0.081336 4.414951 0.059853
0.081843 4.488793 0.058896
0.082350 4.398131 0.058437
0.082857 4.448509 0.059756
0.083363 4.507996 0.056161
0.083870 4.471759 0.056667
0.084377 4.504008 0.059301
0.084884 4.425793 0.058820
0.085390 4.363938 0.060583
0.085897 4.383398 0.057899
0.086404 4.428943 0.059129
0.086911 4.490469 0.059689
0.087417 4.482605 0.059362
0.087924 4.451293 0.059299
0.088431 4.422350 0.058462
0.088938 4.411122 0.058123
0.089444 4.418294 0.055805
0.089951 4.393791 0.056905
0.090458 4.374333 0.057914
0.090965 4.416538 0.056502
0.091471 4.309029 0.055231
0.091978 4.292745 0.055864
0.092485 4.449031 0.060450
0.092992 4.469647 0.057647
0.093498 4.315524 0.057290
0.094005 4.423982 0.058577
0.094512 4.388837 0.058113
0.095019 4.501574 0.057778
0.095525 4.346257 0.057552
0.096032 4.387532 0.055607
0.096539 4.407984 0.056383
0.097046 4.356378 0.056947
0.097552 4.426403 0.056536
0.098059 4.400444 0.058087
0.098566 4.357380 0.056357
0.099073 4.334982 0.057534
0.099579 4.368871 0.058369
0.100086 4.299810 0.054421
0.100593 4.381957 0.057608
0.101100 4.493570 0.057281
0.101606 4.333834 0.056439
0.102113 4.410873 0.055567
0.102620 4.339433 0.057338
0.103127 4.284770 0.056156
0.103633 4.360708 0.058400
0.104140 4.312296 0.058688
0.104647 4.340931 0.056098
0.105154 4.271449 0.058478
0.105660 4.373168 0.058493
0.106167 4.380271 0.056861
0.106674 4.299594 0.055279
0.107181 4.333112 0.054932
0.107687 4.271962 0.053638
0.108194 4.451458 0.054031
0.108701 4.242242 0.051778
0.109208 4.360040 0.056012
0.109714 4.293725 0.054527
0.110221 4.301631 0.052511
0.110728 4.314427 0.051979
0.111235 4.268408 0.052252
0.111741 4.294476 0.052139
0.112248 4.291503 0.052241
0.112755 4.258669 0.050705
0.113262 4.255264 0.050514
0.113768 4.255268 0.050656
0.114275 4.227370 0.051973
0.114782 4.215745 0.049429
0.115289 4.281841 0.050943
0.115795 4.183230 0.050047
0.116302 4.094751 0.049750
0.116809 4.194665 0.048876
0.117316 4.265833 0.049099
0.117822 4.292013 0.049435
0.118329 4.198233 0.048563
0.118836 4.275282 0.049324
0.119342 4.254765 0.048111
0.119849 4.243781 0.048099
0.120356 4.237032 0.048223
0.120863 4.268637 0.048402
0.121369 4.200612 0.048015
0.121876 4.213976 0.047980
0.122383 4.188403 0.047039
0.122890 4.193485 0.048253
0.123396 4.216192 0.047167
0.123903 4.177993 0.048621
0.124410 4.252017 0.046758
0.124917 4.240105 0.047663
0.125423 4.191919 0.046273
0.125930 4.197546 0.048286
0.126437 4.224024 0.046675
0.126944 4.118516 0.046086
0.127450 4.213649 0.046635
0.127957 4.178972 0.045873
0.128464 4.143446 0.044902
0.128970 4.196421 0.044840
0.129477 4.177590 0.046100
0.129984 4.185926 0.044720
0.130491 4.215258 0.044787
0.130997 4.138280 0.045644
0.131504 4.166617 0.042887
0.132011 4.117376 0.043774
0.132518 4.104449 0.044197
0.133024 4.156137 0.043973
0.133531 4.209741 0.043780
0.134038 4.123413 0.044677
0.134545 4.150307 0.043247
0.135051 4.150647 0.044509
0.135558 4.273561 0.043975
0.136065 4.169818 0.043171
0.136571 4.174808 0.044182
0.137078 4.197684 0.043130
0.137585 4.251831 0.044955
0.138092 4.171357 0.043017
0.138598 4.211185 0.043700
0.139105 4.202054 0.042965
0.139612 4.118290 0.044181
0.140119 4.228969 0.043313
0.140625 4.185070 0.044961
0.141132 4.153521 0.041870
0.141639 4.251422 0.043555
0.142145 4.141101 0.041563
0.142652 4.190022 0.043034
0.143159 4.098729 0.042650
0.143666 4.169062 0.042394
0.144172 4.197045 0.043673
0.144679 4.155462 0.041844
0.145186 4.124455 0.041751
0.145692 4.151678 0.042529
0.146199 4.104435 0.042051
0.146706 4.121113 0.040930
0.147213 4.151733 0.041226
0.147719 4.202696 0.042846
0.148226 4.179141 0.041734
0.148733 4.164824 0.040489
0.149240 4.104966 0.042031
0.149746 4.128802 0.041295
0.150253 4.152923 0.040802
0.150760 4.123669 0.040550
0.151266 4.105745 0.040731
0.151773 4.078718 0.041112
0.152280 4.083349 0.040578
0.152787 4.051406 0.040547
0.153293 4.088869 0.041165
0.153800 4.037373 0.039524
0.154307 4.099755 0.040708
0.154813 4.081723 0.040071
0.155320 4.111522 0.039963
0.155827 4.011657 0.038658
0.156334 4.019755 0.040227
0.156840 4.047720 0.039298
0.157347 4.116692 0.039908
0.157854 4.048420 0.038884
0.158360 4.020789 0.039415
0.158867 4.088539 0.039178
0.159374 4.072291 0.039661
0.159881 4.048973 0.041198
0.160387 4.104684 0.039348
0.160894 4.019929 0.039047
0.161401 4.032659 0.039047
0.161907 3.989812 0.039738
0.162414 4.016669 0.038554
0.162921 4.051522 0.039214
0.163427 4.009431 0.038424
0.163934 4.067681 0.038505
0.164441 4.026765 0.038747
0.164948 4.083475 0.039576
0.165454 4.012113 0.038363
0.165961 4.031137 0.037773
0.166468 3.999131 0.038211
0.166974 4.067341 0.038287
0.167481 3.944035 0.037704
0.167988 4.051091 0.037543
0.168495 4.080038 0.038401
0.169001 3.954174 0.038877
0.169508 4.047877 0.038453
0.170015 4.038922 0.039406
0.170521 4.075809 0.038953
0.171028 4.054430 0.038803
0.171535 3.988105 0.038265
0.172041 4.071163 0.038936
0.172548 4.069718 0.039232
0.173055 4.072498 0.038312
0.173562 3.996247 0.038885
0.174068 4.042052 0.039019
0.174575 4.025384 0.038914
0.175082 3.954954 0.038472
0.175588 4.017628 0.038247
0.176095 3.977645 0.039648
0.176602 4.075696 0.039274
0.177108 4.066507 0.039429
0.177615 4.006847 0.039021
0.178122 3.982071 0.038196
0.178629 4.049503 0.039511
0.179135 3.979665 0.038349
0.179642 4.037001 0.039419
0.180149 3.979648 0.038769
0.180655 4.025886 0.038603
0.181162 3.982337 0.039654
0.181669 4.050899 0.039786
0.182175 4.037616 0.039733
0.182682 3.914049 0.039506
0.183189 4.004804 0.039359
0.183695 3.990332 0.039826
0.184202 4.074274 0.041617
0.184709 3.975742 0.039913
0.185216 3.992192 0.039461
0.185722 3.990594 0.040804
0.186229 3.948557 0.040426
0.186736 4.059142 0.042471
0.187242 3.988341 0.040225
0.187749 3.968570 0.041756
0.188256 3.999806 0.042151
0.188762 4.060256 0.042203
0.189269 3.963098 0.040611
0.189776 4.035261 0.041636
0.190282 4.108057 0.042587
0.190789 3.962579 0.040064
0.191296 3.995408 0.041146
0.191802 4.007501 0.041809
0.192309 3.958233 0.042271
0.192816 3.978038 0.042101
0.193323 3.995888 0.042418
0.193829 3.986322 0.043092
0.194336 4.054584 0.041523
0.194843 4.000008 0.042050
0.195349 3.911662 0.042823
0.195856 4.005060 0.041919
0.196363 3.959073 0.041904
0.196869 3.955609 0.042287
0.197376 3.998811 0.042521
0.197883 3.964626 0.042415
0.198389 3.997397 0.042622
0.198896 3.921013 0.041908
0.199403 3.969781 0.042355
0.199909 3.974071 0.042007
0.200416 3.901717 0.039920
0.200923 3.967029 0.043547
0.201429 3.997105 0.043040
0.201936 3.923380 0.042195
0.202443 3.954761 0.042305
0.202949 3.974186 0.043336
0.203456 4.043587 0.043622
0.203963 4.030039 0.042659
0.204469 3.974883 0.043218
0.204976 3.905582 0.042023
0.205483 4.008451 0.042079
0.205989 3.969222 0.044112
0.206496 3.991725 0.042182
0.207003 3.957051 0.042696
0.207509 3.996240 0.042276
0.208016 3.905043 0.042900
0.208523 3.985243 0.042261
0.209029 3.949759 0.043404
0.209536 3.942751 0.041967
0.210043 3.962004 0.042069
0.210549 3.988538 0.041724
0.211056 3.913359 0.042213
0.211563 3.928259 0.042376
0.212069 3.929227 0.042776
0.212576 3.916689 0.042522
0.213083 3.962772 0.043077
0.213589 3.984047 0.041967
0.214096 3.974772 0.043076
0.214603 3.911690 0.042774
0.215109 3.964206 0.042682
0.215616 3.952872 0.041484
0.216123 3.904937 0.042448
0.216629 3.935111 0.042732
0.217136 3.918486 0.041301
0.217643 3.912814 0.042092
0.218149 3.828204 0.041547
0.218656 3.940709 0.041667
0.219163 3.877367 0.041607
0.219669 3.914204 0.043410
0.220176 3.917836 0.042119
0.220683 3.823777 0.040812
0.221189 3.906608 0.040473
0.221696 3.872082 0.041547
0.222203 3.916190 0.040785
0.222709 3.840505 0.041168
0.223216 3.857327 0.041128
0.223722 3.859784 0.041398
0.224229 3.888513 0.041139
0.224736 3.946222 0.043287
0.225242 3.858637 0.040763
0.225749 3.856464 0.041433
0.226256 3.892992 0.041332
0.226762 3.860532 0.040625
0.227269 3.914046 0.040601
0.227776 3.835239 0.040953
0.228282 3.867140 0.040115
0.228789 3.816184 0.039663
0.229296 3.885311 0.042388
0.229802 3.845966 0.040467
0.230309 3.861655 0.041715
0.230816 3.875951 0.041123
0.231322 3.849295 0.039722
0.231829 3.793783 0.039317
0.232335 3.831163 0.039380
0.232842 3.875237 0.039260
0.233349 3.811338 0.038632
0.233855 3.867433 0.039585
0.234362 3.905852 0.040874
0.234869 3.834177 0.039530
0.235375 3.812043 0.039453
0.235882 3.884766 0.039636
0.236389 3.856116 0.038441
0.236895 3.799779 0.038238
0.237402 3.864625 0.039284
0.237908 3.800634 0.038384
0.238415 3.855761 0.038430
0.238922 3.892986 0.038936
0.239428 3.934817 0.038807
0.239935 3.781678 0.037866
0.240442 3.888120 0.038269
0.240948 3.832491 0.039352
0.241455 3.853834 0.038192
0.241962 3.807963 0.038056
0.242468 3.788317 0.037993
0.242975 3.794496 0.038416
0.243481 3.812714 0.037129
0.243988 3.767608 0.037107
0.244495 3.844411 0.037741
0.245001 3.810845 0.038068
0.245508 3.858526 0.038548
0.246015 3.815201 0.037106
0.246521 3.843983 0.038132
0.247028 3.806067 0.037170
0.247534 3.784773 0.036808
0.248041 3.787857 0.037478
0.248548 3.803339 0.036621
0.249054 3.854169 0.037525
0.249561 3.809287 0.036459
0.250068 3.840895 0.036974
0.250574 3.773189 0.035993
0.251081 3.774544 0.035810
0.251587 3.765662 0.037514
0.252094 3.737247 0.036615
0.252601 3.785650 0.036578
0.253107 3.820807 0.036552
0.253614 3.749394 0.035606
0.254120 3.780850 0.036179
0.254627 3.766890 0.036949
0.255134 3.809772 0.037126
0.255640 3.766212 0.036198
0.256147 3.818605 0.035899
0.256654 3.764274 0.036621
0.257160 3.864084 0.036627
0.257667 3.873138 0.035469
0.258173 3.805313 0.035749
0.258680 3.800824 0.035314
0.259187 3.772859 0.035181
0.259693 3.776899 0.034927
0.260200 3.777318 0.036132
0.260706 3.791373 0.034959
0.261213 3.760469 0.035779
0.261720 3.819038 0.035493
0.262226 3.803479 0.035400
0.262733 3.775898 0.034629
0.263239 3.765578 0.034482
0.263746 3.748532 0.034993
0.264253 3.762245 0.035048
0.264759 3.730447 0.035068
0.265266 3.735479 0.034410
0.265772 3.829013 0.034855
0.266279 3.727905 0.034718
0.266786 3.744242 0.034656
0.267292 3.730587 0.034592
0.267799 3.769539 0.033990
0.268305 3.700601 0.034228
0.268812 3.769243 0.034950
0.269319 3.772289 0.034688
0.269825 3.742561 0.034320
0.270332 3.739047 0.034280
0.270838 3.700152 0.034488
0.271345 3.738704 0.034080
0.271852 3.731251 0.034301
0.272358 3.754673 0.034677
0.272865 3.703906 0.033874
0.273371 3.690174 0.034321
0.273878 3.744677 0.034165
0.274385 3.700799 0.033710
0.274891 3.670484 0.033233
0.275398 3.778939 0.034140
0.275904 3.696135 0.034151
0.276411 3.761313 0.033658
0.276917 3.713010 0.034039
0.277424 3.701759 0.032886
0.277931 3.680251 0.034771
0.278437 3.719470 0.033798
0.278944 3.712938 0.033247
0.279450 3.712689 0.034100
0.279957 3.673217 0.033115
0.280464 3.714874 0.033261
0.280970 3.667787 0.032881
0.281477 3.698313 0.033261
0.281983 3.724065 0.033151
0.282490 3.747458 0.033788
0.282996 3.719219 0.033677
0.283503 3.729260 0.033727
0.284010 3.691456 0.033032
0.284516 3.691138 0.033029
0.285023 3.705132 0.032856
0.285529 3.734968 0.032928
0.286036 3.722166 0.033146
0.286542 3.699221 0.033755
0.287049 3.711248 0.033126
0.287556 3.656405 0.033438
0.288062 3.702788 0.032708
0.288569 3.710923 0.033679
0.289075 3.708881 0.033706
0.289582 3.660611 0.032541
0.290088 3.711922 0.033096
0.290595 3.676238 0.033041
0.291102 3.668937 0.032253
0.291608 3.657752 0.032972
0.292115 3.708413 0.033708
0.292621 3.684993 0.032987
0.293128 3.688904 0.033007
0.293634 3.719795 0.033864
0.294141 3.673814 0.033142
0.294647 3.646215 0.033040
0.295154 3.628216 0.033502
0.295661 3.648533 0.033511
0.296167 3.694718 0.032244
0.296674 3.696548 0.033467
0.297180 3.640190 0.033437
0.297687 3.649140 0.032436
0.298193 3.606333 0.032027
0.298700 3.647295 0.032928
0.299206 3.635287 0.032978
0.299713 3.628316 0.032102
0.300220 3.669558 0.032502
0.300726 3.648262 0.033226
0.301233 3.677360 0.033571
0.301739 3.635536 0.033510
0.302246 3.638795 0.033250
0.302752 3.617481 0.032896
0.303259 3.602253 0.031670
0.303765 3.648082 0.033130
0.304272 3.621140 0.032123
0.304779 3.607497 0.032270
0.305285 3.572851 0.031426
0.305792 3.621926 0.032266
0.306298 3.599984 0.032423
0.306805 3.609270 0.033084
0.307311 3.599863 0.031850
0.307818 3.615758 0.032794
0.308324 3.588491 0.032358
0.308831 3.562574 0.032155
0.309337 3.597334 0.032038
0.309844 3.606905 0.032114
0.310350 3.666549 0.032730
0.310857 3.613748 0.033684
0.311364 3.643573 0.033762
0.311870 3.543980 0.033036
0.312377 3.664159 0.033460
0.312883 3.552695 0.033355
0.313390 3.616839 0.034229
0.313896 3.666218 0.034617
0.314403 3.579831 0.034946
0.314909 3.604471 0.034589
0.315416 3.573023 0.034531
0.315922 3.562896 0.034247
0.316429 3.620907 0.035324
0.316935 3.624769 0.035173
0.317442 3.521918 0.034813
0.317948 3.613912 0.034989
0.318455 3.657414 0.035624
0.318961 3.568200 0.034479
0.319468 3.650738 0.034935
0.319975 3.643028 0.036031
0.320481 3.561666 0.035374
0.320988 3.554900 0.035893
0.321494 3.644609 0.035988
0.322001 3.542843 0.035327
0.322507 3.601085 0.035327
0.323014 3.553612 0.035302
0.323520 3.622631 0.035191
0.324027 3.576975 0.035502
0.324533 3.513314 0.034173
0.325040 3.581162 0.035252
0.325546 3.540650 0.034787
0.326053 3.547034 0.035111
0.326559 3.557040 0.034282
0.327066 3.605374 0.036231
0.327572 3.639275 0.035705
0.328079 3.593067 0.035273
0.328585 3.586417 0.034645
0.329092 3.609826 0.036552
0.329598 3.604272 0.036921
0.330105 3.585786 0.035317
0.330611 3.606169 0.036266
0.331118 3.575400 0.036049
0.331624 3.609529 0.036115
0.332131 3.552909 0.034723
0.332637 3.503776 0.035257
0.333144 3.573937 0.035113
0.333650 3.578997 0.035349
0.334157 3.592164 0.035580
0.334663 3.529596 0.034982
0.335170 3.594105 0.036184
0.335676 3.522045 0.037484
0.336183 3.573569 0.035543
0.336689 3.526194 0.035303
0.337196 3.525181 0.035864
0.337702 3.543524 0.035493
0.338209 3.613716 0.036572
0.338715 3.592067 0.036802
0.339222 3.614743 0.036239
0.339728 3.565515 0.036512
0.340235 3.560497 0.036973
0.340741 3.592994 0.036526
0.341248 3.557304 0.036412
0.341754 3.595799 0.036944
0.342261 3.619435 0.038204
0.342767 3.527330 0.035679
0.343274 3.533739 0.036039
0.343780 3.548725 0.036539
0.344287 3.530831 0.036616
0.344793 3.532057 0.036050
0.345300 3.599551 0.036930
0.345806 3.500770 0.037174
0.346313 3.535507 0.036966
0.346819 3.601109 0.037471
0.347325 3.592860 0.037086
0.347832 3.534457 0.037135
0.348338 3.556814 0.036323
0.348845 3.516423 0.036933
0.349351 3.532561 0.037345
0.349858 3.591230 0.036752
0.350364 3.538202 0.038227
0.350871 3.569719 0.037355
0.351377 3.522530 0.036195
0.351884 3.527999 0.037039
0.352390 3.522885 0.036935
0.352897 3.473877 0.036331
0.353403 3.500664 0.036486
0.353910 3.516720 0.037204
0.354416 3.498200 0.036056
0.354923 3.564195 0.036133
0.355429 3.499568 0.035410
0.355935 3.537214 0.035631
0.356442 3.532332 0.034493
0.356948 3.488909 0.033754
0.357455 3.555733 0.034463
0.357961 3.484214 0.034252
0.358468 3.541566 0.034003
0.358974 3.506138 0.034685
0.359481 3.501106 0.034842
0.359987 3.499697 0.035536
0.360494 3.594514 0.035520
0.361000 3.525557 0.035882
0.361506 3.493992 0.035411
0.362013 3.521167 0.035440
0.362519 3.525960 0.034978
0.363026 3.522578 0.034299
0.363532 3.486460 0.035565
0.364039 3.492004 0.035000
0.364545 3.534818 0.035725
0.365052 3.579055 0.036047
0.365558 3.475252 0.035950
0.366064 3.443372 0.036178
0.366571 3.410085 0.035421
0.367077 3.467430 0.036120
0.367584 3.472871 0.036019
0.368090 3.512809 0.036248
0.368597 3.477426 0.035879
0.369103 3.481864 0.036699
0.369610 3.478723 0.037878
0.370116 3.394213 0.035392
0.370622 3.491714 0.037131
0.371129 3.447460 0.037316
0.371635 3.513540 0.038310
0.372142 3.548922 0.037931
0.372648 3.441448 0.037356
0.373155 3.456495 0.037405
0.373661 3.465826 0.037655
0.374167 3.492935 0.037412
0.374674 3.500674 0.037139
0.375180 3.518611 0.038083
0.375687 3.506233 0.037836
0.376193 3.513215 0.037728
0.376700 3.491616 0.038594
0.377206 3.440613 0.038326
0.377712 3.440250 0.038685
0.378219 3.515733 0.038362
0.378725 3.501815 0.040624
0.379232 3.489999 0.038853
0.379738 3.477731 0.040555
0.380245 3.503078 0.038817
0.380751 3.502138 0.039557
0.381257 3.507856 0.040819
0.381764 3.416393 0.039992
0.382270 3.454529 0.040864
0.382777 3.463339 0.041472
0.383283 3.498553 0.040690
0.383789 3.501273 0.040274
0.384296 3.534584 0.041971
0.384802 3.482757 0.040555
0.385309 3.383971 0.040302
0.385815 3.473895 0.040827
0.386321 3.444939 0.042677
0.386828 3.484569 0.043180
0.387334 3.500035 0.042585
0.387841 3.451957 0.042461
0.388347 3.435536 0.041584
0.388853 3.496645 0.043263
0.389360 3.385092 0.041836
0.389866 3.513419 0.042398
0.390373 3.433481 0.043464
0.390879 3.435108 0.042561
0.391385 3.460629 0.044364
0.391892 3.552417 0.044829
0.392398 3.497888 0.043190
0.392905 3.365556 0.043546
0.393411 3.460845 0.044022
0.393917 3.431187 0.044714
0.394424 3.429891 0.045953
0.394930 3.551978 0.044843
0.395437 3.357381 0.043545
0.395943 3.417491 0.044758
0.396449 3.445157 0.046523
0.396956 3.394050 0.044653
0.397462 3.380149 0.045799
0.397969 3.462506 0.046859
0.398475 3.445524 0.047049
0.398981 3.378401 0.047438
0.399488 3.414902 0.046669
0.399994 3.318758 0.046834
0.400500 3.441686 0.048051
0.401007 3.468937 0.048054
0.401513 3.465685 0.047467
0.402020 3.400934 0.047784
0.402526 3.440478 0.050696
0.403032 3.392385 0.047361
0.403539 3.358702 0.048821
0.404045 3.400622 0.049417
0.404551 3.357542 0.048276
0.405058 3.427373 0.049529
0.405564 3.395168 0.048442
0.406071 3.405474 0.048244
0.406577 3.334602 0.049294
0.407083 3.377221 0.048692
0.407590 3.415884 0.049516
0.408096 3.334539 0.047610
0.408602 3.454786 0.051778
0.409109 3.334401 0.048668
0.409615 3.375594 0.050717
0.410121 3.308966 0.049215
0.410628 3.387339 0.050656
0.411134 3.443179 0.051096
0.411641 3.409630 0.051624
0.412147 3.275855 0.049049
0.412653 3.313159 0.050428
0.413160 3.452993 0.052240
0.413666 3.293252 0.049586
0.414172 3.256477 0.050283
0.414679 3.270290 0.050545
0.415185 3.349446 0.051311
0.415691 3.269331 0.052017
0.416198 3.331611 0.053098
0.416704 3.271462 0.052855
0.417210 3.370750 0.053475
0.417717 3.388370 0.054744
0.418223 3.346659 0.052565
0.418729 3.383527 0.052634
0.419236 3.381307 0.053013
0.419742 3.265215 0.050889
0.420248 3.389743 0.050703
0.420755 3.396505 0.053926
0.421261 3.351474 0.052396
0.421767 3.304810 0.053571
0.422274 3.361871 0.055653
0.422780 3.285818 0.053721
0.423286 3.339959 0.054373
0.423793 3.298989 0.054702
0.424299 3.254088 0.054002
0.424805 3.347958 0.054679
0.425312 3.313981 0.055233
0.425818 3.262629 0.055851
0.426324 3.335222 0.058378
0.426831 3.387505 0.057386
0.427337 3.222267 0.055988
0.427843 3.220657 0.057424
0.428350 3.376442 0.057664
0.428856 3.309343 0.057847
0.429362 3.391178 0.057112
0.429869 3.334453 0.060131
0.430375 3.282413 0.060027
0.430881 3.377914 0.060421
0.431388 3.442734 0.059440
0.431894 3.273123 0.063366
0.432400 3.280101 0.063006
0.432907 3.322802 0.060496
0.433413 3.333023 0.064119
0.433919 3.380128 0.063856
0.434425 3.299501 0.063641
0.434932 3.295701 0.064176
0.435438 3.356324 0.060187
0.435944 3.132948 0.061658
0.436451 3.303920 0.062734
0.436957 3.354163 0.066536
0.437463 3.341330 0.068013
0.437970 3.342889 0.070000
0.438476 3.371963 0.066807
0.438982 3.345428 0.070228
0.439488 3.254049 0.067742
0.439995 3.393386 0.068887
