0.009882 108.055946 24.189507
0.010389 63.978978 14.163413
0.010896 70.750310 13.791186
0.011402 58.527557 10.071754
0.011909 34.175619 5.821056
0.012416 41.030538 6.455968
0.012923 28.424835 3.669256
0.013430 25.027197 3.401846
0.013936 20.653996 2.316222
0.014443 19.726651 1.778046
0.014950 18.062167 0.959975
0.015457 16.452203 0.833358
0.015963 13.818883 0.546703
0.016470 13.530626 0.495219
0.016977 12.230018 0.359598
0.017484 11.510886 0.329794
0.017990 10.816053 0.271590
0.018497 10.450631 0.269794
0.019004 9.373334 0.221803
0.019511 9.101008 0.236385
0.020018 8.910340 0.197025
0.020524 8.591231 0.187715
0.021031 8.700551 0.184017
0.021538 8.052187 0.165807
0.022045 7.898392 0.179330
0.022551 7.553411 0.160228
0.023058 7.198198 0.154247
0.023565 7.354193 0.151116
0.024072 6.938234 0.141091
0.024579 6.748693 0.137224
0.025085 6.972467 0.144040
0.025592 6.615969 0.141819
0.026099 6.828516 0.124815
0.026606 6.693688 0.123533
0.027112 6.344482 0.129072
0.027619 6.390017 0.122567
0.028126 6.302791 0.121547
0.028633 6.128099 0.117669
0.029139 6.219380 0.112803
0.029646 5.966644 0.110928
0.030153 5.795854 0.104686
0.030660 5.842543 0.112636
0.031167 5.826304 0.110084
0.031673 5.757985 0.110040
0.032180 5.699823 0.102296
0.032687 5.885090 0.106912
0.033194 5.465984 0.106495
0.033700 5.681888 0.102299
0.034207 5.415338 0.108732
0.034714 5.460511 0.099484
0.035221 5.479891 0.099606
0.035727 5.346691 0.097727
0.036234 5.268868 0.090862
0.036741 5.349317 0.101830
0.037248 5.367120 0.096791
0.037755 5.348192 0.089112
0.038261 5.200973 0.094517
0.038768 5.214117 0.088121
0.039275 5.228239 0.088850
0.039782 5.109111 0.090184
0.040288 5.081917 0.092513
0.040795 5.108308 0.090874
0.041302 5.022136 0.084315
0.041809 5.081258 0.090466
0.042315 5.045528 0.082338
0.042822 5.084678 0.085398
0.043329 5.090738 0.085285
0.043836 4.995938 0.081354
0.044343 4.919367 0.078930
0.044849 4.902478 0.083187
0.045356 4.720713 0.081618
0.045863 4.975541 0.079226
0.046370 4.874060 0.082030
0.046876 4.743068 0.078505
0.047383 4.887541 0.073654
0.047890 5.010941 0.081857
0.048397 4.864429 0.077519
0.048903 4.788512 0.077237
0.049410 4.908753 0.079445
0.049917 4.730084 0.078767
0.050424 4.838380 0.082065
0.050931 4.718954 0.076888
0.051437 4.920645 0.072504
0.051944 4.790158 0.072591
0.052451 4.716491 0.072185
0.052958 4.900184 0.069368
0.053464 4.810599 0.074743
0.053971 4.787158 0.076652
0.054478 4.790727 0.070481
0.054985 4.703221 0.073771
0.055491 4.788791 0.070764
0.055998 4.727151 0.071077
0.056505 4.650254 0.067886
0.057012 4.640839 0.069718
0.057519 4.760348 0.071197
0.058025 4.678267 0.068849
0.058532 4.536169 0.068610
0.059039 4.724524 0.070795
0.059546 4.743418 0.068946
0.060052 4.679366 0.068232
0.060559 4.532018 0.069679
0.061066 4.563531 0.065029
0.061573 4.763983 0.066634
0.062079 4.569479 0.065509
0.062586 4.702587 0.066231
0.063093 4.637864 0.067850
0.063600 4.590220 0.061924
0.064106 4.542152 0.065598
0.064613 4.635579 0.067554
0.065120 4.600381 0.064100
0.065627 4.534391 0.062624
0.066134 4.691768 0.062440
0.066640 4.533269 0.062902
0.067147 4.584429 0.061888
0.067654 4.558272 0.061753
0.068161 4.537098 0.062718
0.068667 4.421454 0.061762
0.069174 4.511714 0.064234
0.069681 4.481259 0.062292
0.070188 4.447565 0.061664
0.070694 4.502966 0.060760
0.071201 4.569540 0.062457
0.071708 4.603758 0.063063
0.072215 4.489392 0.061398
0.072721 4.582877 0.059377
0.073228 4.534921 0.059870
0.073735 4.538494 0.061878
0.074242 4.485344 0.059281
0.074748 4.443783 0.059583
0.075255 4.372568 0.056597
0.075762 4.569371 0.059879
0.076269 4.448657 0.059770
0.076776 4.537198 0.060197
0.077282 4.483532 0.053848
0.077789 4.524759 0.057451
0.078296 4.504117 0.057193
0.078803 4.471356 0.056190
0.079309 4.456742 0.057818
0.079816 4.437957 0.059693
0.080323 4.457431 0.057916
0.080830 4.454542 0.058617
0.081336 4.617544 0.060463
0.081843 4.419342 0.056992
0.082350 4.403701 0.058984
0.082857 4.392676 0.057146
0.083363 4.476862 0.058481
0.083870 4.425568 0.059484
0.084377 4.405957 0.057960
0.084884 4.537381 0.059817
0.085390 4.404075 0.058576
0.085897 4.411597 0.057566
0.086404 4.436894 0.057390
0.086911 4.528232 0.058151
0.087417 4.396776 0.057202
0.087924 4.400852 0.058718
0.088431 4.444474 0.058674
0.088938 4.396933 0.058435
0.089444 4.435380 0.059525
0.089951 4.379855 0.056757
0.090458 4.359473 0.058601
0.090965 4.406817 0.058510
0.091471 4.309029 0.055959
0.091978 4.399867 0.058850
0.092485 4.385760 0.058447
0.092992 4.485769 0.058090
0.093498 4.403053 0.059011
0.094005 4.371251 0.057861
0.094512 4.283376 0.055598
0.095019 4.399073 0.059811
0.095525 4.310530 0.056708
0.096032 4.250183 0.056501
0.096539 4.467366 0.059044
0.097046 4.367110 0.058944
0.097552 4.300217 0.054930
0.098059 4.387743 0.058127
0.098566 4.321868 0.055678
0.099073 4.354507 0.057607
0.099579 4.409826 0.057064
0.100086 4.314685 0.056406
0.100593 4.408165 0.054102
0.101100 4.298717 0.054278
0.101606 4.321255 0.057162
0.102113 4.452209 0.055701
0.102620 4.255365 0.055941
0.103127 4.334867 0.055502
0.103633 4.320375 0.057556
0.104140 4.235651 0.056649
0.104647 4.351140 0.056384
0.105154 4.348405 0.056534
0.105660 4.268462 0.055776
0.106167 4.336506 0.057764
0.106674 4.288454 0.055785
0.107181 4.330243 0.055327
0.107687 4.252966 0.055395
0.108194 4.161298 0.053102
0.108701 4.267441 0.054298
0.109208 4.237898 0.053049
0.109714 4.359176 0.052170
0.110221 4.233925 0.052353
0.110728 4.282323 0.052062
0.111235 4.302456 0.054132
0.111741 4.229467 0.053364
0.112248 4.221481 0.051680
0.112755 4.220478 0.051980
0.113262 4.255895 0.051658
0.113768 4.238969 0.051885
0.114275 4.200896 0.049992
0.114782 4.151392 0.050318
0.115289 4.343271 0.050521
0.115795 4.260608 0.048891
0.116302 4.237339 0.050692
0.116809 4.257048 0.051027
0.117316 4.254748 0.048375
0.117822 4.176768 0.049442
0.118329 4.192449 0.049151
0.118836 4.163456 0.049613
0.119342 4.084166 0.047059
0.119849 4.276439 0.050730
0.120356 4.171017 0.046687
0.120863 4.220633 0.049210
0.121369 4.295027 0.047872
0.121876 4.230087 0.048084
0.122383 4.241180 0.048158
0.122890 4.146313 0.048077
0.123396 4.222177 0.046389
0.123903 4.264977 0.048180
0.124410 4.262173 0.047435
0.124917 4.225662 0.048712
0.125423 4.284528 0.046748
0.125930 4.157886 0.046294
0.126437 4.195574 0.045662
0.126944 4.302896 0.047139
0.127450 4.198980 0.046462
0.127957 4.177937 0.045729
0.128464 4.309101 0.045909
0.128970 4.216121 0.045413
0.129477 4.216309 0.046393
0.129984 4.230500 0.045433
0.130491 4.178216 0.044159
0.130997 4.186551 0.045075
0.131504 4.132952 0.043585
0.132011 4.155110 0.044558
0.132518 4.147280 0.044085
0.133024 4.178537 0.043798
0.133531 4.179984 0.044576
0.134038 4.150915 0.042992
0.134545 4.136016 0.043709
0.135051 4.245571 0.044143
0.135558 4.248734 0.044148
0.136065 4.114797 0.043109
0.136571 4.153377 0.043140
0.137078 4.159658 0.042917
0.137585 4.122276 0.042331
0.138092 4.155297 0.042757
0.138598 4.182357 0.043856
0.139105 4.128672 0.044090
0.139612 4.152643 0.041412
0.140119 4.206286 0.042930
0.140625 4.134184 0.043197
0.141132 4.133881 0.042367
0.141639 4.119051 0.041505
0.142145 4.042619 0.042153
0.142652 4.164940 0.042768
0.143159 4.046734 0.041806
0.143666 4.168627 0.043365
0.144172 4.159237 0.041743
0.144679 4.133906 0.042616
0.145186 4.121876 0.042242
0.145692 4.149591 0.042499
0.146199 4.119545 0.042979
0.146706 4.048087 0.041888
0.147213 4.084756 0.040497
0.147719 4.142360 0.042713
0.148226 4.102023 0.041227
0.148733 4.140743 0.042228
0.149240 4.130030 0.041231
0.149746 4.180107 0.041083
0.150253 4.029181 0.039665
0.150760 4.119527 0.041724
0.151266 4.165905 0.040264
0.151773 4.136837 0.041294
0.152280 4.044289 0.040471
0.152787 4.074472 0.041337
0.153293 4.092111 0.041001
0.153800 4.034953 0.039286
0.154307 4.047709 0.040046
0.154813 4.097650 0.040482
0.155320 4.105088 0.039497
0.155827 3.982870 0.039340
0.156334 4.086378 0.040421
0.156840 4.022021 0.039549
0.157347 4.070762 0.039388
0.157854 4.098094 0.039500
0.158360 4.107215 0.039900
0.158867 4.049934 0.039058
0.159374 3.983213 0.037934
0.159881 4.009450 0.038719
0.160387 4.096849 0.039578
0.160894 4.091889 0.038190
0.161401 4.076530 0.039154
0.161907 4.015251 0.038589
0.162414 3.964484 0.039522
0.162921 4.078064 0.039447
0.163427 4.043754 0.038824
0.163934 4.067681 0.038494
0.164441 4.102352 0.039101
0.164948 4.018433 0.037995
0.165454 4.012864 0.038365
0.165961 3.979990 0.037602
0.166468 4.080459 0.037928
0.166974 4.021005 0.038593
0.167481 3.971051 0.038760
0.167988 4.015243 0.037668
0.168495 4.055328 0.038116
0.169001 4.074886 0.038871
0.169508 4.032778 0.038067
0.170015 4.011378 0.039374
0.170521 4.050896 0.038879
0.171028 4.017976 0.039186
0.171535 3.975466 0.039372
0.172041 4.052200 0.038671
0.172548 4.037948 0.038377
0.173055 3.990856 0.038808
0.173562 4.045327 0.038858
0.174068 4.042445 0.040421
0.174575 4.013697 0.039211
0.175082 3.985216 0.039130
0.175588 4.003237 0.039207
0.176095 4.076252 0.039820
0.176602 4.025869 0.038471
0.177108 4.015729 0.040841
0.177615 3.960595 0.039098
0.178122 3.968122 0.038781
0.178629 3.979397 0.039508
0.179135 3.975769 0.039066
0.179642 3.969132 0.038701
0.180149 3.990807 0.039157
0.180655 4.054038 0.039673
0.181162 3.994314 0.040182
0.181669 4.015569 0.040243
0.182175 4.029096 0.038727
0.182682 4.013849 0.040548
0.183189 3.980009 0.040518
0.183695 3.951760 0.039494
0.184202 3.981715 0.040109
0.184709 4.015440 0.039576
0.185216 4.026106 0.039814
0.185722 4.010427 0.041705
0.186229 4.075647 0.042302
0.186736 4.024331 0.040769
0.187242 4.017861 0.040673
0.187749 4.053640 0.041479
0.188256 3.947097 0.041688
0.188762 4.026819 0.040560
0.189269 4.036645 0.040656
0.189776 4.008699 0.040315
0.190282 3.973540 0.040863
0.190789 3.928290 0.041398
0.191296 4.020444 0.041146
0.191802 4.077379 0.041917
0.192309 4.006640 0.040958
0.192816 3.965939 0.041483
0.193323 3.932282 0.041714
0.193829 4.011744 0.042593
0.194336 4.041177 0.042273
0.194843 3.961908 0.041378
0.195349 4.005935 0.042186
0.195856 3.983338 0.041804
0.196363 3.901568 0.041864
0.196869 4.017481 0.043179
0.197376 3.953014 0.042764
0.197883 4.076261 0.042635
0.198389 3.986376 0.041811
0.198896 3.906778 0.041696
0.199403 4.036203 0.041815
0.199909 4.017702 0.041626
0.200416 3.985986 0.042378
0.200923 3.980870 0.041988
0.201429 3.982376 0.043269
0.201936 3.966483 0.043707
0.202443 3.953831 0.042676
0.202949 3.908824 0.042897
0.203456 3.894066 0.042025
0.203963 4.005057 0.042659
0.204469 3.969303 0.043965
0.204976 3.986996 0.041899
0.205483 3.964676 0.043318
0.205989 3.970641 0.042901
0.206496 3.983328 0.042442
0.207003 4.000581 0.042799
0.207509 3.929684 0.042938
0.208016 3.972060 0.042174
0.208523 3.896349 0.042081
0.209029 3.954945 0.041803
0.209536 3.954530 0.042508
0.210043 3.919879 0.041816
0.210549 3.892038 0.042617
0.211056 3.911459 0.042185
0.211563 3.973432 0.042104
0.212069 3.939875 0.042692
0.212576 3.841482 0.041955
0.213083 3.952380 0.042961
0.213589 3.933336 0.041686
0.214096 3.953993 0.043413
0.214603 3.908960 0.040986
0.215109 3.961915 0.041246
0.215616 3.893486 0.041650
0.216123 3.868958 0.040819
0.216629 3.957001 0.042764
0.217136 3.946138 0.043007
0.217643 3.944640 0.041470
0.218149 3.923879 0.040774
0.218656 3.862176 0.041341
0.219163 3.887341 0.041324
0.219669 3.913785 0.042411
0.220176 3.914174 0.042442
0.220683 3.852159 0.040837
0.221189 3.851732 0.041217
0.221696 3.876190 0.041885
0.222203 3.917953 0.042441
0.222709 3.934704 0.041671
0.223216 3.890147 0.041593
0.223722 3.883666 0.041066
0.224229 3.800692 0.040754
0.224736 3.933174 0.041824
0.225242 3.860825 0.041964
0.225749 3.949615 0.041662
0.226256 3.908293 0.040667
0.226762 3.823107 0.040874
0.227269 3.876886 0.042261
0.227776 3.894435 0.040338
0.228282 3.804921 0.040584
0.228789 3.820102 0.041247
0.229296 3.841670 0.040511
0.229802 3.873647 0.040283
0.230309 3.837151 0.040240
0.230816 3.864112 0.041500
0.231322 3.812161 0.039921
0.231829 3.848065 0.039894
0.232335 3.862403 0.041380
0.232842 3.928468 0.039566
0.233349 3.896354 0.038960
0.233855 3.861545 0.039652
0.234362 3.807294 0.038781
0.234869 3.850846 0.039611
0.235375 3.903005 0.039582
0.235882 3.879468 0.038647
0.236389 3.810181 0.039688
0.236895 3.874841 0.039659
0.237402 3.876705 0.038710
0.237908 3.921871 0.038134
0.238415 3.887092 0.039976
0.238922 3.839866 0.038296
0.239428 3.850803 0.038336
0.239935 3.823145 0.038255
0.240442 3.810663 0.039406
0.240948 3.802415 0.038769
0.241455 3.799363 0.038206
0.241962 3.802240 0.038061
0.242468 3.826215 0.038169
0.242975 3.775154 0.037469
0.243481 3.858239 0.038521
0.243988 3.848929 0.038709
0.244495 3.791476 0.037336
0.245001 3.824078 0.037862
0.245508 3.755327 0.037985
0.246015 3.810308 0.037474
0.246521 3.849297 0.037650
0.247028 3.876345 0.038790
0.247534 3.754408 0.036102
0.248041 3.745518 0.037567
0.248548 3.754889 0.036535
0.249054 3.773667 0.037221
0.249561 3.863412 0.037191
0.250068 3.826245 0.037725
0.250574 3.807706 0.036981
0.251081 3.822107 0.038408
0.251587 3.781218 0.035923
0.252094 3.805229 0.036761
0.252601 3.772751 0.036599
0.253107 3.736375 0.035917
0.253614 3.776171 0.037130
0.254120 3.795384 0.036184
0.254627 3.744619 0.035428
0.255134 3.843107 0.037282
0.255640 3.798095 0.035801
0.256147 3.791282 0.036583
0.256654 3.810590 0.037091
0.257160 3.838685 0.036432
0.257667 3.735589 0.035483
0.258173 3.761024 0.035856
0.258680 3.788699 0.035632
0.259187 3.760995 0.035122
0.259693 3.754732 0.034622
0.260200 3.805070 0.036269
0.260706 3.755373 0.034309
0.261213 3.828633 0.034992
0.261720 3.782342 0.035406
0.262226 3.783392 0.034806
0.262733 3.764304 0.036103
0.263239 3.788420 0.035548
0.263746 3.834851 0.036374
0.264253 3.790417 0.034249
0.264759 3.756337 0.035074
0.265266 3.743388 0.034028
0.265772 3.823766 0.035190
0.266279 3.783814 0.034275
0.266786 3.790762 0.035389
0.267292 3.738152 0.034182
0.267799 3.751890 0.034667
0.268305 3.744790 0.033968
0.268812 3.755924 0.033887
0.269319 3.750966 0.034553
0.269825 3.734599 0.034004
0.270332 3.795757 0.034125
0.270838 3.686091 0.034098
0.271345 3.704176 0.033395
0.271852 3.739467 0.034258
0.272358 3.738875 0.033663
0.272865 3.732078 0.033582
0.273371 3.649481 0.034283
0.273878 3.725182 0.034328
0.274385 3.724373 0.033935
0.274891 3.734187 0.033636
0.275398 3.781722 0.033725
0.275904 3.733848 0.033918
0.276411 3.763450 0.032653
0.276917 3.713316 0.033321
0.277424 3.721586 0.033848
0.277931 3.703818 0.033514
0.278437 3.735878 0.033461
0.278944 3.675464 0.033642
0.279450 3.650781 0.032962
0.279957 3.774401 0.033730
0.280464 3.695230 0.032940
0.280970 3.732647 0.033494
0.281477 3.727744 0.033270
0.281983 3.695560 0.032993
0.282490 3.692070 0.033566
0.282996 3.743581 0.032802
0.283503 3.666545 0.032248
0.284010 3.724020 0.032902
0.284516 3.702151 0.033522
0.285023 3.710866 0.032990
0.285529 3.694213 0.032292
0.286036 3.743327 0.033288
0.286542 3.715597 0.032331
0.287049 3.668935 0.032197
0.287556 3.760515 0.033564
0.288062 3.693066 0.032860
0.288569 3.746989 0.032136
0.289075 3.629822 0.032272
0.289582 3.652241 0.031563
0.290088 3.665537 0.033296
0.290595 3.633563 0.032371
0.291102 3.681060 0.032717
0.291608 3.656254 0.032223
0.292115 3.639052 0.033342
0.292621 3.679600 0.032845
0.293128 3.666793 0.032845
0.293634 3.666356 0.032896
0.294141 3.644440 0.032299
0.294647 3.648911 0.033337
0.295154 3.620186 0.032490
0.295661 3.658741 0.032617
0.296167 3.657971 0.032718
0.296674 3.622731 0.032528
0.297180 3.678181 0.032751
0.297687 3.608954 0.032637
0.298193 3.720323 0.033260
0.298700 3.625746 0.032996
0.299206 3.667367 0.033631
0.299713 3.651827 0.032814
0.300220 3.657688 0.032268
0.300726 3.597699 0.031647
0.301233 3.665193 0.033012
0.301739 3.560159 0.032312
0.302246 3.624708 0.032124
0.302752 3.621807 0.032760
0.303259 3.647884 0.032538
0.303765 3.576523 0.031423
0.304272 3.599291 0.032822
0.304779 3.657812 0.032595
0.305285 3.626273 0.031761
0.305792 3.622219 0.032676
0.306298 3.630130 0.032964
0.306805 3.595206 0.032188
0.307311 3.615766 0.032466
0.307818 3.535639 0.032240
0.308324 3.631114 0.032287
0.308831 3.630883 0.033012
0.309337 3.596992 0.031936
0.309844 3.609642 0.032863
0.310350 3.571601 0.033250
0.310857 3.602136 0.033016
0.311364 3.628558 0.033999
0.311870 3.677212 0.033557
0.312377 3.608853 0.033724
0.312883 3.651934 0.034213
0.313390 3.625141 0.033965
0.313896 3.588741 0.034094
0.314403 3.583852 0.035040
0.314909 3.629441 0.035213
0.315416 3.620716 0.034387
0.315922 3.595521 0.034752
0.316429 3.553409 0.033936
0.316935 3.537245 0.034626
0.317442 3.585361 0.035479
0.317948 3.597921 0.035575
0.318455 3.626080 0.035715
0.318961 3.625002 0.035777
0.319468 3.603198 0.036475
0.319975 3.593864 0.035129
0.320481 3.585222 0.035299
0.320988 3.568810 0.035769
0.321494 3.609177 0.035740
0.322001 3.595594 0.035553
0.322507 3.641714 0.035675
0.323014 3.582461 0.035945
0.323520 3.566245 0.034994
0.324027 3.566623 0.035086
0.324533 3.581905 0.034495
0.325040 3.642797 0.035029
0.325546 3.623244 0.035463
0.326053 3.587404 0.035083
0.326559 3.555635 0.034871
0.327066 3.577008 0.034660
0.327572 3.578751 0.035455
0.328079 3.583965 0.034769
0.328585 3.576968 0.034548
0.329092 3.542758 0.035396
0.329598 3.618089 0.036148
0.330105 3.595121 0.035255
0.330611 3.552581 0.035475
0.331118 3.591515 0.036811
0.331624 3.566833 0.036355
0.332131 3.574178 0.035931
0.332637 3.532106 0.036109
0.333144 3.558994 0.035127
0.333650 3.571522 0.035404
0.334157 3.580443 0.036331
0.334663 3.603168 0.035828
0.335170 3.645507 0.036115
0.335676 3.525187 0.035066
0.336183 3.566924 0.035592
0.336689 3.574704 0.036003
0.337196 3.590930 0.035073
0.337702 3.610536 0.036528
0.338209 3.630760 0.036424
0.338715 3.563024 0.036817
0.339222 3.563473 0.036083
0.339728 3.586382 0.035771
0.340235 3.586742 0.036469
0.340741 3.551500 0.035898
0.341248 3.560676 0.036376
0.341754 3.576267 0.037556
0.342261 3.586548 0.037146
0.342767 3.504379 0.035952
0.343274 3.520455 0.036442
0.343780 3.552761 0.037368
0.344287 3.526647 0.036561
0.344793 3.539682 0.036285
0.345300 3.659334 0.037029
0.345806 3.529003 0.035977
0.346313 3.570323 0.036830
0.346819 3.568156 0.036878
0.347325 3.575712 0.037164
0.347832 3.500516 0.036424
0.348338 3.566057 0.037078
0.348845 3.608228 0.037267
0.349351 3.535662 0.036321
0.349858 3.530928 0.036148
0.350364 3.523781 0.035926
0.350871 3.548740 0.036887
0.351377 3.516667 0.036731
0.351884 3.481706 0.037533
0.352390 3.539870 0.035852
0.352897 3.532164 0.035989
0.353403 3.534038 0.037060
0.353910 3.565393 0.037538
0.354416 3.545701 0.036357
0.354923 3.513319 0.034801
0.355429 3.526463 0.035991
0.355935 3.528447 0.035407
0.356442 3.512185 0.034887
0.356948 3.426011 0.033586
0.357455 3.513974 0.034241
0.357961 3.503306 0.034947
0.358468 3.558163 0.035141
0.358974 3.511961 0.034423
0.359481 3.538517 0.035030
0.359987 3.516794 0.035111
0.360494 3.514524 0.035087
0.361000 3.515459 0.035795
0.361506 3.570859 0.035143
0.362013 3.512102 0.035488
0.362519 3.521957 0.035167
0.363026 3.539044 0.035297
0.363532 3.493615 0.034618
0.364039 3.508294 0.035957
0.364545 3.528226 0.034940
0.365052 3.438967 0.035743
0.365558 3.433960 0.034971
0.366064 3.452879 0.034756
0.366571 3.481508 0.036515
0.367077 3.507836 0.035185
0.367584 3.521694 0.036746
0.368090 3.487335 0.036319
0.368597 3.490437 0.036414
0.369103 3.489642 0.036024
0.369610 3.514228 0.037172
0.370116 3.444413 0.037226
0.370622 3.387021 0.036182
0.371129 3.423109 0.037277
0.371635 3.390432 0.038042
0.372142 3.470627 0.037318
0.372648 3.421045 0.037564
0.373155 3.460582 0.037643
0.373661 3.549716 0.037907
0.374167 3.480044 0.037940
0.374674 3.560866 0.038761
0.375180 3.473987 0.037677
0.375687 3.399218 0.037600
0.376193 3.490899 0.039065
0.376700 3.480420 0.039361
0.377206 3.515504 0.037837
0.377712 3.462704 0.039067
0.378219 3.476210 0.039471
0.378725 3.465788 0.038307
0.379232 3.521241 0.039515
0.379738 3.438982 0.039389
0.380245 3.451637 0.040562
0.380751 3.472834 0.040100
0.381257 3.434373 0.039909
0.381764 3.523737 0.041850
0.382270 3.514976 0.041286
0.382777 3.506343 0.040013
0.383283 3.487426 0.040066
0.383789 3.471389 0.040340
0.384296 3.404519 0.041409
0.384802 3.495335 0.041321
0.385309 3.437789 0.041197
0.385815 3.509239 0.041545
0.386321 3.471299 0.041407
0.386828 3.421848 0.040496
0.387334 3.448812 0.042275
0.387841 3.459873 0.040966
0.388347 3.461384 0.042586
0.388853 3.423282 0.042024
0.389360 3.488250 0.043524
0.389866 3.464894 0.042288
0.390373 3.351691 0.042406
0.390879 3.435897 0.043854
0.391385 3.408232 0.043753
0.391892 3.363323 0.043278
0.392398 3.424682 0.044263
0.392905 3.413462 0.043896
0.393411 3.400530 0.043384
0.393917 3.425839 0.044731
0.394424 3.383152 0.044692
0.394930 3.486467 0.045489
0.395437 3.468557 0.046758
0.395943 3.473011 0.046080
0.396449 3.437441 0.045666
0.396956 3.410379 0.044566
0.397462 3.447355 0.045469
0.397969 3.344206 0.046287
0.398475 3.351442 0.045826
0.398981 3.435483 0.046347
0.399488 3.377279 0.045690
0.399994 3.415641 0.045679
0.400500 3.372427 0.046151
0.401007 3.392393 0.048259
0.401513 3.443823 0.049619
0.402020 3.332477 0.047514
0.402526 3.394953 0.047487
0.403032 3.374841 0.048508
0.403539 3.421495 0.047121
0.404045 3.366460 0.049625
0.404551 3.369110 0.048681
0.405058 3.432377 0.049618
0.405564 3.477272 0.049557
0.406071 3.357479 0.047834
0.406577 3.381615 0.052128
0.407083 3.425945 0.048475
0.407590 3.351781 0.049285
0.408096 3.435958 0.051333
0.408602 3.396459 0.048986
0.409109 3.423587 0.050581
0.409615 3.389952 0.049505
0.410121 3.372214 0.049225
0.410628 3.384264 0.050015
0.411134 3.334852 0.049429
0.411641 3.382912 0.050313
0.412147 3.402175 0.050219
0.412653 3.346076 0.051546
0.413160 3.476188 0.051150
0.413666 3.354049 0.050264
0.414172 3.411959 0.051998
0.414679 3.265630 0.051403
0.415185 3.331992 0.051556
0.415691 3.342682 0.052991
0.416198 3.364087 0.051027
0.416704 3.363133 0.055248
0.417210 3.344058 0.052856
0.417717 3.271551 0.053024
0.418223 3.287433 0.051541
0.418729 3.390985 0.050356
0.419236 3.322331 0.053536
0.419742 3.358820 0.051061
0.420248 3.349667 0.053247
0.420755 3.429633 0.054573
0.421261 3.398633 0.053336
0.421767 3.283620 0.051384
0.422274 3.370397 0.051479
0.422780 3.295761 0.053608
0.423286 3.359669 0.053342
0.423793 3.283649 0.054389
0.424299 3.358361 0.055311
0.424805 3.203141 0.054219
0.425312 3.292672 0.054307
0.425818 3.385072 0.057559
0.426324 3.330192 0.057768
0.426831 3.376591 0.056634
0.427337 3.270780 0.053965
0.427843 3.307481 0.060813
0.428350 3.280122 0.057645
0.428856 3.303176 0.058657
0.429362 3.346666 0.058012
0.429869 3.396790 0.059933
0.430375 3.262445 0.060871
0.430881 3.238464 0.056340
0.431388 3.299472 0.059091
0.431894 3.305513 0.063078
0.432400 3.351558 0.061511
0.432907 3.375819 0.063580
0.433413 3.281802 0.063441
0.433919 3.341290 0.063989
0.434425 3.348730 0.062825
0.434932 3.284563 0.063646
0.435438 3.213888 0.063829
0.435944 3.279953 0.063034
0.436451 3.349126 0.064566
0.436957 3.241771 0.065318
0.437463 3.306969 0.067371
0.437970 3.386516 0.068201
0.438476 3.324254 0.065557
0.438982 3.371486 0.071177
0.439488 3.235011 0.069380
0.439995 3.275713 0.069348
