0.009882 108.305948 25.309194
0.010389 64.447065 14.168100
0.010896 70.250308 13.526574
0.011402 56.963913 10.182256
0.011909 34.491410 6.355336
0.012416 40.257806 6.234596
0.012923 29.328951 4.071960
0.013430 22.205630 3.339430
0.013936 21.218103 2.408110
0.014443 18.889037 1.618316
0.014950 17.504023 0.883636
0.015457 15.568633 0.861455
0.015963 13.937241 0.694581
0.016470 13.398910 0.538299
0.016977 12.354420 0.427085
0.017484 11.740676 0.405458
0.017990 10.836767 0.254634
0.018497 10.401125 0.242452
0.019004 10.067123 0.237078
0.019511 9.772071 0.215503
0.020018 8.702173 0.212767
0.020524 8.643863 0.198864
0.021031 8.178275 0.177503
0.021538 7.777089 0.143625
0.022045 8.136993 0.164192
0.022551 7.694307 0.161909
0.023058 7.597556 0.161562
0.023565 7.264129 0.149993
0.024072 7.111612 0.157989
0.024579 7.351046 0.140412
0.025085 6.922604 0.135534
0.025592 6.757662 0.132020
0.026099 6.575103 0.134700
0.026606 6.504072 0.123707
0.027112 6.415370 0.125720
0.027619 6.411809 0.127807
0.028126 6.227139 0.118684
0.028633 6.230428 0.118179
0.029139 6.260478 0.122066
0.029646 5.977830 0.111272
0.030153 5.974121 0.111906
0.030660 5.777746 0.108299
0.031167 5.861088 0.112316
0.031673 5.658603 0.107916
0.032180 5.576834 0.112675
0.032687 5.788116 0.109072
0.033194 5.655816 0.099816
0.033700 5.619385 0.101768
0.034207 5.566288 0.100345
0.034714 5.451269 0.098579
0.035221 5.368774 0.095184
0.035727 5.400265 0.098372
0.036234 5.479405 0.096271
0.036741 5.420874 0.096665
0.037248 5.228084 0.095365
0.037755 5.317938 0.089112
0.038261 5.139745 0.088450
0.038768 5.271686 0.089401
0.039275 5.186503 0.086331
0.039782 5.187516 0.091850
0.040288 5.117119 0.088664
0.040795 5.217861 0.086924
0.041302 5.124947 0.090698
0.041809 5.033926 0.088809
0.042315 5.190117 0.086626
0.042822 5.025503 0.085018
0.043329 5.038883 0.083693
0.043836 4.970825 0.086885
0.044343 4.892828 0.078152
0.044849 4.947236 0.081821
0.045356 4.955195 0.082250
0.045863 5.032176 0.085712
0.046370 4.887501 0.081858
0.046876 4.824643 0.080263
0.047383 4.887541 0.079792
0.047890 4.808824 0.080585
0.048397 4.844997 0.083084
0.048903 4.836740 0.076633
0.049410 4.760498 0.075959
0.049917 4.760951 0.074997
0.050424 4.935646 0.075736
0.050931 4.859727 0.076120
0.051437 4.756147 0.074755
0.051944 4.759602 0.069582
0.052451 4.811966 0.072949
0.052958 4.698317 0.066233
0.053464 4.886122 0.072104
0.053971 4.856370 0.071547
0.054478 4.808800 0.070631
0.054985 4.825730 0.070204
0.055491 4.792189 0.071398
0.055998 4.852439 0.071456
0.056505 4.740499 0.069728
0.057012 4.783255 0.068438
0.057519 4.749524 0.071337
0.058025 4.719762 0.068209
0.058532 4.776038 0.068253
0.059039 4.651091 0.066755
0.059546 4.616334 0.066999
0.060052 4.643217 0.067426
0.060559 4.554289 0.069208
0.061066 4.672329 0.067528
0.061573 4.583280 0.065466
0.062079 4.580139 0.063930
0.062586 4.594970 0.064880
0.063093 4.654858 0.068969
0.063600 4.660522 0.064531
0.064106 4.600542 0.064144
0.064613 4.613104 0.064716
0.065120 4.627388 0.065462
0.065627 4.571670 0.064662
0.066134 4.587831 0.066212
0.066640 4.668671 0.063277
0.067147 4.649387 0.066185
0.067654 4.547411 0.062878
0.068161 4.573387 0.064477
0.068667 4.660406 0.060363
0.069174 4.683199 0.064056
0.069681 4.451662 0.062835
0.070188 4.583993 0.061577
0.070694 4.523925 0.062737
0.071201 4.607683 0.063292
0.071708 4.561944 0.062046
0.072215 4.576581 0.063014
0.072721 4.504265 0.059164
0.073228 4.386023 0.058178
0.073735 4.529706 0.058684
0.074242 4.413271 0.059770
0.074748 4.552848 0.059801
0.075255 4.449938 0.058386
0.075762 4.537874 0.059732
0.076269 4.511953 0.057888
0.076776 4.477436 0.058872
0.077282 4.599236 0.058231
0.077789 4.502583 0.058783
0.078296 4.486582 0.056301
0.078803 4.358402 0.055625
0.079309 4.459036 0.056427
0.079816 4.605056 0.057665
0.080323 4.440266 0.058019
0.080830 4.423478 0.058323
0.081336 4.553986 0.060897
0.081843 4.506355 0.059777
0.082350 4.520677 0.056637
0.082857 4.544446 0.059420
0.083363 4.443334 0.055544
0.083870 4.451052 0.058625
0.084377 4.465262 0.058773
0.084884 4.531761 0.060324
0.085390 4.447360 0.056708
0.085897 4.425696 0.058753
0.086404 4.490169 0.059217
0.086911 4.444673 0.058697
0.087417 4.399117 0.058207
0.087924 4.377571 0.056509
0.088431 4.348078 0.056959
0.088938 4.411910 0.059550
0.089444 4.497511 0.060617
0.089951 4.451085 0.057480
0.090458 4.399361 0.055615
0.090965 4.401873 0.058971
0.091471 4.320598 0.057062
0.091978 4.405380 0.057287
0.092485 4.376449 0.057684
0.092992 4.356025 0.057081
0.093498 4.430406 0.058616
0.094005 4.456430 0.059716
0.094512 4.333814 0.058811
0.095019 4.497721 0.059640
0.095525 4.387420 0.059054
0.096032 4.266207 0.057998
0.096539 4.376009 0.059283
0.097046 4.335681 0.058693
0.097552 4.357229 0.057076
0.098059 4.319757 0.055439
0.098566 4.380803 0.057103
0.099073 4.327120 0.057156
0.099579 4.374141 0.056803
0.100086 4.371957 0.056711
0.100593 4.308575 0.058340
0.101100 4.341271 0.058368
0.101606 4.324955 0.053979
0.102113 4.345273 0.056932
0.102620 4.382231 0.057561
0.103127 4.343216 0.055831
0.103633 4.276088 0.058937
0.104140 4.398623 0.059093
0.104647 4.420243 0.057576
0.105154 4.312648 0.057163
0.105660 4.354061 0.056435
0.106167 4.182180 0.054381
0.106674 4.212696 0.055759
0.107181 4.344586 0.053496
0.107687 4.299400 0.054119
0.108194 4.388929 0.053523
0.108701 4.332821 0.053101
0.109208 4.353178 0.053734
0.109714 4.279032 0.052664
0.110221 4.351589 0.052332
0.110728 4.277737 0.052997
0.111235 4.217991 0.052938
0.111741 4.222316 0.053380
0.112248 4.270686 0.050590
0.112755 4.310635 0.052018
0.113262 4.234473 0.051552
0.113768 4.284104 0.051286
0.114275 4.213210 0.050188
0.114782 4.240029 0.049734
0.115289 4.203990 0.049145
0.115795 4.147240 0.049109
0.116302 4.299910 0.049509
0.116809 4.247450 0.049735
0.117316 4.257082 0.048565
0.117822 4.200050 0.048728
0.118329 4.304070 0.050048
0.118836 4.215837 0.048145
0.119342 4.251921 0.048585
0.119849 4.228579 0.048701
0.120356 4.330028 0.049581
0.120863 4.171266 0.048634
0.121369 4.133014 0.047442
0.121876 4.161197 0.047385
0.122383 4.199284 0.047703
0.122890 4.194487 0.046409
0.123396 4.190620 0.047405
0.123903 4.209176 0.047276
0.124410 4.192152 0.046443
0.124917 4.172636 0.046216
0.125423 4.172226 0.047809
0.125930 4.212017 0.047142
0.126437 4.157795 0.046667
0.126944 4.156842 0.045151
0.127450 4.242463 0.046311
0.127957 4.106537 0.044574
0.128464 4.232208 0.046904
0.128970 4.226322 0.047026
0.129477 4.101159 0.044633
0.129984 4.125888 0.044593
0.130491 4.173649 0.045077
0.130997 4.197514 0.045381
0.131504 4.195402 0.044883
0.132011 4.184023 0.044556
0.132518 4.113210 0.044555
0.133024 4.133737 0.044746
0.133531 4.185675 0.044550
0.134038 4.206403 0.044463
0.134545 4.193375 0.043165
0.135051 4.101533 0.043397
0.135558 4.190964 0.044276
0.136065 4.160882 0.043046
0.136571 4.065791 0.042695
0.137078 4.217625 0.044396
0.137585 4.128324 0.044351
0.138092 4.113083 0.043799
0.138598 4.087637 0.043298
0.139105 4.131882 0.043739
0.139612 4.220445 0.042711
0.140119 4.178613 0.042853
0.140625 4.037912 0.041995
0.141132 4.174055 0.041944
0.141639 4.175908 0.043590
0.142145 4.169048 0.042336
0.142652 4.118601 0.041857
0.143159 4.148947 0.041256
0.143666 4.172980 0.040692
0.144172 4.096660 0.042559
0.144679 4.142265 0.043018
0.145186 4.160981 0.041162
0.145692 4.102648 0.041244
0.146199 4.124658 0.041752
0.146706 4.140108 0.041414
0.147213 4.102984 0.041762
0.147719 4.097434 0.041061
0.148226 4.086852 0.040340
0.148733 4.033855 0.041169
0.149240 4.105384 0.042054
0.149746 4.079600 0.040291
0.150253 4.123040 0.041054
0.150760 4.104199 0.040613
0.151266 4.120579 0.039735
0.151773 4.105287 0.040326
0.152280 4.016215 0.040185
0.152787 4.079003 0.041541
0.153293 4.076958 0.040703
0.153800 4.050192 0.039634
0.154307 4.180072 0.040003
0.154813 4.105001 0.040077
0.155320 4.102273 0.040244
0.155827 4.065666 0.040430
0.156334 3.990227 0.039283
0.156840 4.048511 0.040327
0.157347 4.090559 0.039133
0.157854 4.057488 0.038641
0.158360 4.115465 0.039770
0.158867 4.063582 0.039762
0.159374 4.026600 0.038103
0.159881 4.085366 0.039099
0.160387 4.080424 0.039208
0.160894 4.091511 0.039211
0.161401 4.052878 0.038308
0.161907 4.042619 0.038925
0.162414 4.040666 0.039255
0.162921 4.118636 0.038720
0.163427 4.076192 0.039341
0.163934 4.006431 0.037872
0.164441 3.957572 0.037905
0.164948 4.084223 0.038276
0.165454 4.049536 0.038200
0.165961 3.994715 0.037475
0.166468 4.037207 0.038708
0.166974 4.004333 0.037190
0.167481 4.101692 0.038510
0.167988 4.024654 0.036808
0.168495 4.039604 0.038111
0.169001 3.972059 0.038146
0.169508 4.006731 0.038159
0.170015 4.037787 0.038827
0.170521 4.096123 0.039284
0.171028 3.992651 0.039463
0.171535 4.009169 0.039185
0.172041 4.055683 0.039793
0.172548 4.061604 0.038432
0.173055 3.960559 0.038389
0.173562 4.070251 0.039541
0.174068 4.024757 0.038305
0.174575 3.982133 0.037968
0.175082 3.940011 0.038139
0.175588 4.042522 0.039803
0.176095 4.097215 0.040045
0.176602 4.053896 0.038989
0.177108 4.038599 0.037856
0.177615 4.011123 0.039785
0.178122 4.017719 0.039356
0.178629 3.969326 0.038176
0.179135 4.024858 0.039481
0.179642 3.995655 0.039631
0.180149 4.008508 0.039308
0.180655 4.019339 0.038227
0.181162 4.013490 0.040346
0.181669 4.028416 0.038606
0.182175 4.064393 0.038972
0.182682 3.995287 0.039434
0.183189 4.036624 0.038893
0.183695 3.998618 0.040311
0.184202 4.030519 0.041245
0.184709 3.995591 0.040324
0.185216 4.006182 0.041141
0.185722 3.989750 0.040299
0.186229 4.013198 0.040788
0.186736 3.992529 0.040834
0.187242 3.985347 0.041476
0.187749 3.916538 0.039648
0.188256 3.995418 0.041334
0.188762 3.980354 0.041244
0.189269 3.935981 0.039739
0.189776 4.044558 0.042717
0.190282 4.004312 0.040944
0.190789 3.999066 0.040551
0.191296 3.939525 0.041479
0.191802 4.025749 0.042793
0.192309 4.114999 0.043210
0.192816 4.027718 0.041714
0.193323 3.972431 0.043164
0.193829 3.999033 0.041001
0.194336 4.012577 0.042487
0.194843 3.934208 0.042057
0.195349 4.009577 0.043416
0.195856 3.994647 0.041867
0.196363 4.006917 0.043943
0.196869 3.996865 0.042688
0.197376 3.953062 0.042354
0.197883 3.960960 0.041733
0.198389 4.003366 0.043351
0.198896 4.040026 0.043289
0.199403 3.995268 0.042017
0.199909 3.983714 0.042093
0.200416 3.836710 0.041257
0.200923 3.956409 0.043067
0.201429 3.930824 0.043922
0.201936 3.978521 0.043103
0.202443 3.962665 0.041699
0.202949 4.005026 0.043480
0.203456 3.974863 0.042238
0.203963 3.964030 0.043599
0.204469 4.060909 0.043608
0.204976 3.948848 0.042616
0.205483 4.051285 0.043265
0.205989 4.001869 0.042599
0.206496 3.959579 0.041765
0.207003 4.012751 0.042738
0.207509 3.964863 0.042740
0.208016 3.982509 0.042809
0.208523 3.965593 0.041905
0.209029 3.975686 0.043203
0.209536 3.983261 0.043433
0.210043 3.966629 0.042000
0.210549 3.956999 0.042929
0.211056 3.975107 0.043447
0.211563 3.977158 0.042208
0.212069 3.900527 0.040846
0.212576 3.974580 0.041962
0.213083 3.959002 0.042817
0.213589 3.963763 0.043335
0.214096 3.823687 0.040936
0.214603 3.997768 0.043188
0.215109 3.999344 0.042459
0.215616 3.936427 0.041819
0.216123 3.921291 0.043343
0.216629 3.895988 0.041893
0.217136 3.901713 0.040542
0.217643 3.842242 0.041464
0.218149 3.892324 0.042121
0.218656 3.910749 0.041088
0.219163 3.859234 0.041540
0.219669 3.976576 0.041313
0.220176 3.838578 0.042750
0.220683 3.893604 0.041695
0.221189 3.909326 0.041209
0.221696 3.863410 0.041925
0.222203 3.886894 0.042005
0.222709 3.858984 0.041868
0.223216 3.796244 0.041719
0.223722 3.829446 0.040836
0.224229 3.886295 0.040029
0.224736 3.823312 0.040712
0.225242 3.886144 0.042020
0.225749 3.919573 0.041718
0.226256 3.822170 0.041335
0.226762 3.843602 0.041092
0.227269 3.793822 0.039140
0.227776 3.801446 0.041029
0.228282 3.840599 0.040701
0.228789 3.897148 0.041122
0.229296 3.886954 0.041109
0.229802 3.874499 0.041504
0.230309 3.818618 0.041420
0.230816 3.842549 0.039662
0.231322 3.903417 0.040186
0.231829 3.867997 0.040571
0.232335 3.892499 0.040402
0.232842 3.921048 0.039435
0.233349 3.819064 0.039357
0.233855 3.857029 0.040437
0.234362 3.826343 0.037972
0.234869 3.830518 0.038501
0.235375 3.912381 0.039070
0.235882 3.847271 0.038818
0.236389 3.765445 0.038210
0.236895 3.827775 0.038959
0.237402 3.827179 0.039161
0.237908 3.802628 0.039117
0.238415 3.912871 0.040001
0.238922 3.778765 0.038021
0.239428 3.836468 0.037653
0.239935 3.838793 0.038626
0.240442 3.825137 0.038508
0.240948 3.843818 0.037107
0.241455 3.834769 0.038407
0.241962 3.825441 0.038482
0.242468 3.825898 0.038269
0.242975 3.820028 0.038743
0.243481 3.803989 0.037729
0.243988 3.798295 0.037388
0.244495 3.850504 0.037847
0.245001 3.828994 0.037698
0.245508 3.811618 0.037382
0.246015 3.898009 0.037378
0.246521 3.828801 0.037009
0.247028 3.855631 0.037110
0.247534 3.797733 0.037902
0.248041 3.783029 0.037601
0.248548 3.793796 0.037275
0.249054 3.749773 0.036762
0.249561 3.848052 0.037508
0.250068 3.799875 0.036642
0.250574 3.810223 0.036485
0.251081 3.784628 0.036308
0.251587 3.806107 0.037500
0.252094 3.811704 0.037384
0.252601 3.803638 0.036040
0.253107 3.759531 0.036553
0.253614 3.831865 0.036584
0.254120 3.760486 0.036408
0.254627 3.791988 0.037218
0.255134 3.760124 0.037142
0.255640 3.824432 0.035430
0.256147 3.743992 0.035337
0.256654 3.782116 0.036336
0.257160 3.812599 0.035914
0.257667 3.788120 0.035813
0.258173 3.778934 0.034874
0.258680 3.781770 0.035845
0.259187 3.797602 0.035317
0.259693 3.837262 0.035310
0.260200 3.738318 0.035400
0.260706 3.695026 0.035624
0.261213 3.810029 0.035721
0.261720 3.761956 0.034824
0.262226 3.765649 0.034532
0.262733 3.780535 0.035080
0.263239 3.734002 0.035010
0.263746 3.759573 0.035034
0.264253 3.765193 0.034899
0.264759 3.796167 0.036102
0.265266 3.761182 0.034735
0.265772 3.795238 0.034935
0.266279 3.773024 0.035261
0.266786 3.750380 0.034874
0.267292 3.775645 0.034744
0.267799 3.768897 0.034263
0.268305 3.696407 0.034360
0.268812 3.760797 0.034931
0.269319 3.739827 0.034283
0.269825 3.730141 0.033372
0.270332 3.733921 0.034312
0.270838 3.746812 0.034532
0.271345 3.769778 0.034331
0.271852 3.727776 0.034229
0.272358 3.678208 0.033458
0.272865 3.797185 0.032923
0.273371 3.797226 0.034018
0.273878 3.633138 0.033461
0.274385 3.781031 0.033870
0.274891 3.697873 0.033029
0.275398 3.713684 0.034083
0.275904 3.716083 0.034931
0.276411 3.743528 0.034385
0.276917 3.719041 0.034472
0.277424 3.749346 0.033762
0.277931 3.734732 0.033776
0.278437 3.741651 0.033710
0.278944 3.739148 0.033417
0.279450 3.673348 0.033116
0.279957 3.721297 0.033433
0.280464 3.661079 0.032343
0.280970 3.704893 0.034001
0.281477 3.684560 0.033236
0.281983 3.685281 0.033428
0.282490 3.705158 0.032998
0.282996 3.732008 0.033448
0.283503 3.662044 0.032438
0.284010 3.702311 0.033315
0.284516 3.745688 0.032015
0.285023 3.710866 0.032827
0.285529 3.687269 0.032938
0.286036 3.654214 0.032494
0.286542 3.711958 0.032944
0.287049 3.668035 0.032585
0.287556 3.678778 0.032962
0.288062 3.744822 0.032914
0.288569 3.628572 0.032196
0.289075 3.656404 0.032513
0.289582 3.631799 0.032392
0.290088 3.698067 0.033117
0.290595 3.683817 0.034289
0.291102 3.688216 0.033378
0.291608 3.618218 0.033275
0.292115 3.681573 0.033811
0.292621 3.719958 0.033691
0.293128 3.643786 0.032733
0.293634 3.646157 0.033664
0.294141 3.633913 0.033518
0.294647 3.671082 0.032737
0.295154 3.659902 0.032453
0.295661 3.637424 0.032655
0.296167 3.648467 0.031891
0.296674 3.626632 0.031918
0.297180 3.677880 0.032923
0.297687 3.646141 0.033329
0.298193 3.651409 0.033074
0.298700 3.678718 0.033420
0.299206 3.660771 0.033129
0.299713 3.562845 0.032707
0.300220 3.613477 0.032508
0.300726 3.670271 0.032890
0.301233 3.573504 0.031561
0.301739 3.657410 0.033014
0.302246 3.665229 0.033155
0.302752 3.638506 0.032504
0.303259 3.632119 0.033140
0.303765 3.635765 0.032279
0.304272 3.610806 0.031775
0.304779 3.624649 0.032397
0.305285 3.566720 0.031516
0.305792 3.651566 0.031999
0.306298 3.612102 0.032726
0.306805 3.569581 0.032339
0.307311 3.618397 0.032135
0.307818 3.619451 0.032670
0.308324 3.624640 0.031272
0.308831 3.590479 0.031574
0.309337 3.591728 0.032036
0.309844 3.574673 0.032104
0.310350 3.612149 0.033529
0.310857 3.596677 0.032833
0.311364 3.558593 0.033462
0.311870 3.647641 0.033524
0.312377 3.582525 0.033128
0.312883 3.547798 0.033174
0.313390 3.628462 0.034339
0.313896 3.646430 0.033364
0.314403 3.636457 0.035020
0.314909 3.596710 0.034769
0.315416 3.662056 0.035343
0.315922 3.658392 0.034994
0.316429 3.581847 0.034572
0.316935 3.560990 0.034765
0.317442 3.597528 0.035261
0.317948 3.656099 0.035684
0.318455 3.631181 0.035161
0.318961 3.561100 0.034933
0.319468 3.618693 0.035471
0.319975 3.559098 0.035409
0.320481 3.521334 0.035034
0.320988 3.605190 0.036016
0.321494 3.596197 0.035317
0.322001 3.606643 0.035514
0.322507 3.535121 0.035405
0.323014 3.558542 0.034811
0.323520 3.559223 0.034275
0.324027 3.559484 0.035436
0.324533 3.628221 0.035461
0.325040 3.611099 0.035540
0.325546 3.606022 0.036012
0.326053 3.554143 0.035238
0.326559 3.621643 0.035751
0.327066 3.615657 0.035418
0.327572 3.568008 0.034845
0.328079 3.617402 0.035781
0.328585 3.626751 0.035601
0.329092 3.589025 0.034885
0.329598 3.571347 0.035537
0.330105 3.627076 0.035326
0.330611 3.557766 0.035270
0.331118 3.580161 0.036001
0.331624 3.591648 0.036544
0.332131 3.603589 0.035560
0.332637 3.582352 0.036515
0.333144 3.583519 0.036022
0.333650 3.602762 0.036769
0.334157 3.536489 0.035328
0.334663 3.610971 0.035901
0.335170 3.563817 0.035908
0.335676 3.549973 0.035602
0.336183 3.553635 0.035648
0.336689 3.557406 0.036384
0.337196 3.557499 0.035148
0.337702 3.541497 0.034994
0.338209 3.605761 0.036721
0.338715 3.501069 0.035236
0.339222 3.544992 0.035635
0.339728 3.539049 0.036227
0.340235 3.534831 0.036969
0.340741 3.615250 0.036847
0.341248 3.585406 0.036082
0.341754 3.546778 0.036569
0.342261 3.571635 0.036568
0.342767 3.531275 0.036413
0.343274 3.591806 0.037276
0.343780 3.545822 0.037239
0.344287 3.581804 0.036321
0.344793 3.555901 0.036162
0.345300 3.536994 0.036482
0.345806 3.526699 0.037432
0.346313 3.580653 0.035983
0.346819 3.659735 0.037552
0.347325 3.525438 0.037321
0.347832 3.560298 0.036684
0.348338 3.488266 0.037278
0.348845 3.593319 0.037214
0.349351 3.579077 0.037318
0.349858 3.590846 0.036336
0.350364 3.662144 0.037263
0.350871 3.520341 0.036930
0.351377 3.535818 0.036887
0.351884 3.529555 0.037023
0.352390 3.551324 0.036444
0.352897 3.524781 0.036086
0.353403 3.537310 0.038207
0.353910 3.553967 0.036365
0.354416 3.512662 0.036763
0.354923 3.487780 0.034806
0.355429 3.504983 0.035940
0.355935 3.527895 0.035588
0.356442 3.553895 0.035985
0.356948 3.514277 0.033571
0.357455 3.528071 0.035068
0.357961 3.497712 0.034411
0.358468 3.557648 0.034980
0.358974 3.481281 0.033615
0.359481 3.482401 0.036146
0.359987 3.510425 0.034948
0.360494 3.513090 0.036295
0.361000 3.550248 0.035681
0.361506 3.518036 0.035267
0.362013 3.514277 0.035190
0.362519 3.586734 0.035704
0.363026 3.492208 0.035515
0.363532 3.556630 0.035038
0.364039 3.496624 0.036666
0.364545 3.528226 0.035819
0.365052 3.483237 0.035528
0.365558 3.470969 0.035857
0.366064 3.539127 0.036721
0.366571 3.553691 0.036050
0.367077 3.460632 0.035679
0.367584 3.525680 0.037262
0.368090 3.558055 0.036236
0.368597 3.459440 0.035471
0.369103 3.471363 0.036484
0.369610 3.525806 0.037295
0.370116 3.471786 0.037441
0.370622 3.441524 0.037752
0.371129 3.348358 0.036998
0.371635 3.462183 0.038126
0.372142 3.476261 0.038588
0.372648 3.406764 0.038032
0.373155 3.518619 0.038085
0.373661 3.472817 0.037927
0.374167 3.429730 0.037492
0.374674 3.484732 0.039085
0.375180 3.479825 0.036807
0.375687 3.549039 0.038855
0.376193 3.536406 0.038985
0.376700 3.528651 0.037668
0.377206 3.500386 0.039196
0.377712 3.469748 0.039343
0.378219 3.503158 0.039095
0.378725 3.445073 0.039599
0.379232 3.453128 0.038545
0.379738 3.597668 0.041187
0.380245 3.493809 0.039179
0.380751 3.469113 0.039472
0.381257 3.463578 0.040276
0.381764 3.490088 0.040593
0.382270 3.470235 0.039327
0.382777 3.469203 0.041146
0.383283 3.457917 0.039780
0.383789 3.476511 0.040712
0.384296 3.490898 0.041053
0.384802 3.438480 0.042086
0.385309 3.439820 0.040816
0.385815 3.494092 0.040754
0.386321 3.469748 0.041271
0.386828 3.422159 0.041850
0.387334 3.394514 0.042263
0.387841 3.468844 0.041880
0.388347 3.489923 0.041909
0.388853 3.467574 0.042804
0.389360 3.468055 0.043650
0.389866 3.470892 0.043237
0.390373 3.341676 0.042347
0.390879 3.491924 0.043803
0.391385 3.448606 0.044406
0.391892 3.435387 0.044580
0.392398 3.472152 0.043944
0.392905 3.467139 0.043869
0.393411 3.354268 0.043327
0.393917 3.430242 0.044418
0.394424 3.411914 0.051746
0.394930 3.479856 0.045747
0.395437 3.461800 0.045336
0.395943 3.369375 0.044357
0.396449 3.346243 0.044511
0.396956 3.527199 0.047019
0.397462 3.481278 0.046923
0.397969 3.407419 0.045420
0.398475 3.442682 0.046145
0.398981 3.370436 0.048040
0.399488 3.428410 0.047264
0.399994 3.406544 0.048252
0.400500 3.477648 0.047123
0.401007 3.453980 0.048763
0.401513 3.289429 0.045805
0.402020 3.375605 0.047578
0.402526 3.423221 0.048181
0.403032 3.472387 0.047228
0.403539 3.503916 0.047122
0.404045 3.467524 0.050131
0.404551 3.383570 0.048107
0.405058 3.404500 0.048514
0.405564 3.411667 0.049344
0.406071 3.358206 0.049080
0.406577 3.311867 0.047885
0.407083 3.319771 0.049278
0.407590 3.450515 0.048274
0.408096 3.389859 0.049404
0.408602 3.283543 0.048615
0.409109 3.425836 0.051048
0.409615 3.424713 0.049474
0.410121 3.379927 0.050022
0.410628 3.459623 0.052449
0.411134 3.393358 0.050736
0.411641 3.368767 0.050022
0.412147 3.282856 0.049518
0.412653 3.350669 0.050199
0.413160 3.291608 0.051105
0.413666 3.300578 0.054077
0.414172 3.364843 0.050089
0.414679 3.249494 0.050481
0.415185 3.293913 0.052295
0.415691 3.331397 0.052540
0.416198 3.370425 0.050993
0.416704 3.340016 0.051077
0.417210 3.366579 0.051368
0.417717 3.307655 0.052555
0.418223 3.237943 0.051899
0.418729 3.363639 0.052180
0.419236 3.352247 0.053379
0.419742 3.384119 0.053304
0.420248 3.385569 0.052782
0.420755 3.393018 0.052980
0.421261 3.353822 0.052452
0.421767 3.379399 0.052691
0.422274 3.369515 0.053057
0.422780 3.380731 0.055279
0.423286 3.233346 0.051924
0.423793 3.405466 0.056174
0.424299 3.376542 0.055880
0.424805 3.385116 0.056670
0.425312 3.391804 0.054139
0.425818 3.264522 0.054644
0.426324 3.383516 0.057502
0.426831 3.269429 0.057279
0.427337 3.356164 0.056645
0.427843 3.403498 0.056763
0.428350 3.425649 0.058715
0.428856 3.315509 0.057833
0.429362 3.389107 0.057723
0.429869 3.240402 0.059946
0.430375 3.351189 0.059281
0.430881 3.207356 0.057056
0.431388 3.363884 0.059820
0.431894 3.303178 0.059650
0.432400 3.305456 0.060271
0.432907 3.322802 0.060912
0.433413 3.330583 0.063901
0.433919 3.314588 0.064234
0.434425 3.289896 0.062225
0.434932 3.366244 0.064983
0.435438 3.242375 0.060053
0.435944 3.448172 0.063203
0.436451 3.311669 0.062502
0.436957 3.360933 0.067543
0.437463 3.337207 0.066423
0.437970 3.254273 0.062251
0.438476 3.331270 0.069181
0.438982 3.267258 0.070354
0.439488 3.276017 0.069458
0.439995 3.197754 0.066016
