0.009882 110.528178 25.372579
0.010389 64.681108 14.557086
0.010896 70.692618 13.536295
0.011402 58.418465 10.553863
0.011909 33.807196 6.045561
0.012416 35.477127 6.094655
0.012923 27.507021 3.608232
0.013430 24.175840 3.619298
0.013936 21.128359 2.210584
0.014443 18.906131 1.728493
0.014950 17.294719 1.169027
0.015457 15.226164 0.880274
0.015963 14.675141 0.666038
0.016470 13.386640 0.507101
0.016977 12.500136 0.378470
0.017484 11.462498 0.399792
0.017990 11.059837 0.288308
0.018497 10.447897 0.265864
0.019004 10.378132 0.225399
0.019511 9.662420 0.206888
0.020018 8.926666 0.200073
0.020524 8.591231 0.186488
0.021031 8.510264 0.196505
0.021538 8.186018 0.175423
0.022045 7.859794 0.171049
0.022551 7.934862 0.160737
0.023058 7.522880 0.163404
0.023565 7.170959 0.159801
0.024072 7.136381 0.148417
0.024579 6.982617 0.148980
0.025085 6.858890 0.136773
0.025592 6.828509 0.136412
0.026099 6.490632 0.129014
0.026606 6.587191 0.132836
0.027112 6.415370 0.122466
0.027619 6.511086 0.118751
0.028126 6.392628 0.124535
0.028633 6.274615 0.121506
0.029139 6.018460 0.112592
0.029646 5.901765 0.106864
0.030153 5.939337 0.110346
0.030660 6.045574 0.119949
0.031167 5.904568 0.113210
0.031673 5.693801 0.105384
0.032180 5.592964 0.109689
0.032687 5.679021 0.110396
0.033194 5.612762 0.101526
0.033700 5.674075 0.100747
0.034207 5.566288 0.102660
0.034714 5.693424 0.103501
0.035221 5.339143 0.097627
0.035727 5.532414 0.100758
0.036234 5.450365 0.095805
0.036741 5.354553 0.096940
0.037248 5.192907 0.091396
0.037755 5.289365 0.091540
0.038261 5.410168 0.092254
0.038768 5.146679 0.090181
0.039275 5.200950 0.086324
0.039782 5.262720 0.091121
0.040288 5.089918 0.089876
0.040795 5.206906 0.096739
0.041302 5.140524 0.090421
0.041809 5.172867 0.088470
0.042315 5.218733 0.089324
0.042822 4.954492 0.082708
0.043329 4.862574 0.085602
0.043836 4.994461 0.080504
0.044343 5.091167 0.083725
0.044849 4.926256 0.082216
0.045356 4.912819 0.084003
0.045863 4.862081 0.078530
0.046370 4.961432 0.080493
0.046876 4.880573 0.079424
0.047383 4.876916 0.081434
0.047890 4.808824 0.078550
0.048397 5.084656 0.083489
0.048903 4.806280 0.077213
0.049410 4.784370 0.077458
0.049917 4.731319 0.079915
0.050424 4.879531 0.077568
0.050931 4.971121 0.077471
0.051437 4.954021 0.074070
0.051944 4.783106 0.072605
0.052451 4.712910 0.072237
0.052958 4.717927 0.069075
0.053464 4.966223 0.069028
0.053971 4.664884 0.069013
0.054478 4.738558 0.072321
0.054985 4.785636 0.069100
0.055491 4.789924 0.070704
0.055998 4.800145 0.071067
0.056505 4.804201 0.067738
0.057012 4.702945 0.070407
0.057519 4.597990 0.070698
0.058025 4.827223 0.068580
0.058532 4.685579 0.068200
0.059039 4.725558 0.066216
0.059546 4.717588 0.070473
0.060052 4.724553 0.067159
0.060559 4.751685 0.066262
0.061066 4.609446 0.066679
0.061573 4.817130 0.068487
0.062079 4.630534 0.065232
0.062586 4.652234 0.070798
0.063093 4.635939 0.060704
0.063600 4.510545 0.066655
0.064106 4.560046 0.064810
0.064613 4.631833 0.063960
0.065120 4.515637 0.066297
0.065627 4.507114 0.061513
0.066134 4.601507 0.066194
0.066640 4.665963 0.064089
0.067147 4.614683 0.063225
0.067654 4.549221 0.063215
0.068161 4.546834 0.063544
0.068667 4.668086 0.061906
0.069174 4.557849 0.062841
0.069681 4.485611 0.062572
0.070188 4.585698 0.061469
0.070694 4.537339 0.061292
0.071201 4.561064 0.064368
0.071708 4.510094 0.063353
0.072215 4.474586 0.060573
0.072721 4.560297 0.061162
0.073228 4.488795 0.060810
0.073735 4.482572 0.060000
0.074242 4.546205 0.059776
0.074748 4.501783 0.059731
0.075255 4.553629 0.057661
0.075762 4.468734 0.057745
0.076269 4.554931 0.058967
0.076776 4.621038 0.061581
0.077282 4.481248 0.058311
0.077789 4.519406 0.056632
0.078296 4.526988 0.059996
0.078803 4.414136 0.054791
0.079309 4.403212 0.057146
0.079816 4.359506 0.053824
0.080323 4.532333 0.060251
0.080830 4.564042 0.059605
0.081336 4.465003 0.061361
0.081843 4.504759 0.057915
0.082350 4.515903 0.057866
0.082857 4.440645 0.056920
0.083363 4.467283 0.060238
0.083870 4.466980 0.058623
0.084377 4.447866 0.056859
0.084884 4.502058 0.060745
0.085390 4.438703 0.058306
0.085897 4.492277 0.058822
0.086404 4.393162 0.059097
0.086911 4.503325 0.059048
0.087417 4.399897 0.059930
0.087924 4.470694 0.058347
0.088431 4.449214 0.058752
0.088938 4.357520 0.060870
0.089444 4.482755 0.058848
0.089951 4.467344 0.056596
0.090458 4.359473 0.058413
0.090965 4.460534 0.058802
0.091471 4.315199 0.055687
0.091978 4.362846 0.058601
0.092485 4.426606 0.057550
0.092992 4.391340 0.057819
0.093498 4.371793 0.057464
0.094005 4.480964 0.060972
0.094512 4.422462 0.058695
0.095019 4.311215 0.058488
0.095525 4.348586 0.057031
0.096032 4.418054 0.057784
0.096539 4.420926 0.057467
0.097046 4.370177 0.058780
0.097552 4.450729 0.058604
0.098059 4.309297 0.057305
0.098566 4.383069 0.055945
0.099073 4.268543 0.055526
0.099579 4.408766 0.056112
0.100086 4.351875 0.058566
0.100593 4.295845 0.057396
0.101100 4.250937 0.054015
0.101606 4.293877 0.056282
0.102113 4.379563 0.056848
0.102620 4.395223 0.058186
0.103127 4.351565 0.055278
0.103633 4.399774 0.058487
0.104140 4.477688 0.057624
0.104647 4.364489 0.058819
0.105154 4.399709 0.055818
0.105660 4.325783 0.056041
0.106167 4.390252 0.056209
0.106674 4.339701 0.056531
0.107181 4.391919 0.054889
0.107687 4.358499 0.053071
0.108194 4.367852 0.053591
0.108701 4.212957 0.053749
0.109208 4.342199 0.054193
0.109714 4.318436 0.050951
0.110221 4.300974 0.051352
0.110728 4.301979 0.052491
0.111235 4.214718 0.052853
0.111741 4.358184 0.051986
0.112248 4.287718 0.050638
0.112755 4.289974 0.052627
0.113262 4.265975 0.050836
0.113768 4.273447 0.052304
0.114275 4.274779 0.049579
0.114782 4.259457 0.049459
0.115289 4.319551 0.049860
0.115795 4.277403 0.048800
0.116302 4.246965 0.049339
0.116809 4.269045 0.049603
0.117316 4.175989 0.049290
0.117822 4.218675 0.050653
0.118329 4.182617 0.049730
0.118836 4.237614 0.050670
0.119342 4.270692 0.048989
0.119849 4.176214 0.047668
0.120356 4.160110 0.048863
0.120863 4.268637 0.048214
0.121369 4.156564 0.048029
0.121876 4.168975 0.046932
0.122383 4.233018 0.048403
0.122890 4.246538 0.046419
0.123396 4.169944 0.046945
0.123903 4.162215 0.047595
0.124410 4.233844 0.047124
0.124917 4.266492 0.047542
0.125423 4.192451 0.046324
0.125930 4.188435 0.047734
0.126437 4.187179 0.047314
0.126944 4.137679 0.045269
0.127450 4.219412 0.045666
0.127957 4.168624 0.044735
0.128464 4.251819 0.046212
0.128970 4.249521 0.044619
0.129477 4.234914 0.045419
0.129984 4.158380 0.043617
0.130491 4.211706 0.045176
0.130997 4.279740 0.045592
0.131504 4.239801 0.044989
0.132011 4.175202 0.043516
0.132518 4.183296 0.044496
0.133024 4.184380 0.042900
0.133531 4.158239 0.044389
0.134038 4.084813 0.043414
0.134545 4.212337 0.042804
0.135051 4.221958 0.044508
0.135558 4.155156 0.043848
0.136065 4.218725 0.044295
0.136571 4.165956 0.043272
0.137078 4.162441 0.042676
0.137585 4.180921 0.044197
0.138092 4.207606 0.044332
0.138598 4.229947 0.044042
0.139105 4.255831 0.043431
0.139612 4.210048 0.043556
0.140119 4.252559 0.042004
0.140625 4.180027 0.042877
0.141132 4.242796 0.042937
0.141639 4.138596 0.042088
0.142145 4.182800 0.041463
0.142652 4.153189 0.041403
0.143159 4.136948 0.040810
0.143666 4.095533 0.043067
0.144172 4.132729 0.041321
0.144679 4.188456 0.043011
0.145186 4.152816 0.041963
0.145692 4.159420 0.042351
0.146199 4.122937 0.041438
0.146706 4.213978 0.042114
0.147213 4.099169 0.041017
0.147719 4.117279 0.041279
0.148226 4.107967 0.042382
0.148733 4.175386 0.041672
0.149240 4.107890 0.041268
0.149746 4.113663 0.041506
0.150253 4.139875 0.041495
0.150760 4.151073 0.041314
0.151266 4.081433 0.041808
0.151773 4.108193 0.040487
0.152280 4.114316 0.039451
0.152787 4.142023 0.041545
0.153293 4.089653 0.041349
0.153800 4.134404 0.040036
0.154307 3.980290 0.039484
0.154813 4.048645 0.040425
0.155320 4.168225 0.039976
0.155827 4.131108 0.039741
0.156334 4.121884 0.039111
0.156840 4.028341 0.038454
0.157347 4.147180 0.040118
0.157854 4.062613 0.039254
0.158360 4.027467 0.040367
0.158867 4.103785 0.039409
0.159374 4.057722 0.039172
0.159881 4.109628 0.039656
0.160387 4.080394 0.039135
0.160894 4.076822 0.038141
0.161401 4.041815 0.038828
0.161907 4.069625 0.039209
0.162414 4.090946 0.038976
0.162921 4.073946 0.038454
0.163427 4.091279 0.038633
0.163934 4.145089 0.039098
0.164441 4.057977 0.038012
0.164948 4.041609 0.038015
0.165454 4.088830 0.039198
0.165961 4.050636 0.037782
0.166468 4.002828 0.037540
0.166974 4.051756 0.037881
0.167481 4.045069 0.038235
0.167988 4.039493 0.038069
0.168495 4.061319 0.038533
0.169001 4.074886 0.039482
0.169508 4.059957 0.038157
0.170015 4.050781 0.039721
0.170521 4.043614 0.039252
0.171028 4.077454 0.039313
0.171535 4.090779 0.039160
0.172041 4.088223 0.038150
0.172548 4.007727 0.040063
0.173055 4.047967 0.040039
0.173562 4.094408 0.038423
0.174068 3.963043 0.039335
0.174575 4.040577 0.039507
0.175082 3.964916 0.039404
0.175588 4.052635 0.040192
0.176095 4.026560 0.039386
0.176602 3.967867 0.038661
0.177108 4.013791 0.039237
0.177615 4.000240 0.038614
0.178122 4.030505 0.039041
0.178629 4.021228 0.038158
0.179135 4.157708 0.040398
0.179642 4.100578 0.041260
0.180149 3.985028 0.038658
0.180655 4.015484 0.038595
0.181162 4.069804 0.039201
0.181669 3.929252 0.040113
0.182175 4.005971 0.040224
0.182682 4.095878 0.040800
0.183189 4.041583 0.040727
0.183695 4.055788 0.041040
0.184202 4.057024 0.041008
0.184709 4.007416 0.040957
0.185216 4.010421 0.041411
0.185722 4.014225 0.040992
0.186229 4.100800 0.041080
0.186736 3.993388 0.041556
0.187242 3.960110 0.040438
0.187749 4.039323 0.042331
0.188256 3.993662 0.041696
0.188762 4.034635 0.042091
0.189269 4.034457 0.041244
0.189776 4.036147 0.042400
0.190282 3.932217 0.040421
0.190789 4.025451 0.042102
0.191296 3.989597 0.040885
0.191802 3.997264 0.040687
0.192309 3.966654 0.041407
0.192816 4.030840 0.043289
0.193323 4.006714 0.041609
0.193829 3.988138 0.042066
0.194336 3.962079 0.040761
0.194843 3.865298 0.041248
0.195349 3.976346 0.042355
0.195856 4.018637 0.041114
0.196363 3.994036 0.042627
0.196869 4.018398 0.042459
0.197376 3.936755 0.041268
0.197883 4.057579 0.041834
0.198389 3.955149 0.042370
0.198896 4.025836 0.043934
0.199403 3.950189 0.042736
0.199909 4.027340 0.042796
0.200416 3.994735 0.044175
0.200923 3.964720 0.043141
0.201429 4.019659 0.043760
0.201936 4.038787 0.043636
0.202443 3.984985 0.042416
0.202949 3.945188 0.043005
0.203456 3.970220 0.042617
0.203963 3.936240 0.043206
0.204469 3.975348 0.042116
0.204976 3.988392 0.043454
0.205483 3.966559 0.042674
0.205989 3.990506 0.042729
0.206496 3.900877 0.042062
0.207003 3.917265 0.041634
0.207509 3.935864 0.043161
0.208016 3.928839 0.042309
0.208523 3.928632 0.041521
0.209029 3.979457 0.042630
0.209536 3.899404 0.041322
0.210043 3.951829 0.042170
0.210549 3.947085 0.042556
0.211056 3.929984 0.042205
0.211563 3.931518 0.041445
0.212069 3.952373 0.042244
0.212576 3.965644 0.044195
0.213083 3.975965 0.041913
0.213589 3.975288 0.043007
0.214096 3.966007 0.042141
0.214603 4.000587 0.041759
0.215109 3.808965 0.042164
0.215616 3.874299 0.042028
0.216123 3.946991 0.043856
0.216629 3.994727 0.042592
0.217136 3.894913 0.041843
0.217643 3.957555 0.042064
0.218149 3.913206 0.043451
0.218656 3.821775 0.041200
0.219163 3.986168 0.041470
0.219669 3.917940 0.040918
0.220176 3.904105 0.042883
0.220683 3.897208 0.041709
0.221189 3.884867 0.040945
0.221696 3.911794 0.042028
0.222203 3.858049 0.041358
0.222709 3.840956 0.041589
0.223216 3.883196 0.042601
0.223722 3.931613 0.041904
0.224229 3.920891 0.042304
0.224736 3.927325 0.041252
0.225242 3.875321 0.041070
0.225749 3.892624 0.041384
0.226256 3.908730 0.041350
0.226762 3.898402 0.042142
0.227269 3.844097 0.041312
0.227776 3.921657 0.040847
0.228282 3.861919 0.040567
0.228789 3.950253 0.041786
0.229296 3.907767 0.039808
0.229802 3.833190 0.040255
0.230309 3.857408 0.041964
0.230816 3.892018 0.040839
0.231322 3.915906 0.040832
0.231829 3.882839 0.040403
0.232335 3.884884 0.040648
0.232842 3.894666 0.039295
0.233349 3.909497 0.038683
0.233855 3.833307 0.037886
0.234362 3.882661 0.040323
0.234869 3.862635 0.039531
0.235375 3.854289 0.039379
0.235882 3.882728 0.039702
0.236389 3.802909 0.038783
0.236895 3.897157 0.038990
0.237402 3.878315 0.039615
0.237908 3.869572 0.038594
0.238415 3.802616 0.038812
0.238922 3.880733 0.038987
0.239428 3.851595 0.037689
0.239935 3.847399 0.038306
0.240442 3.856824 0.039069
0.240948 3.786792 0.037923
0.241455 3.831657 0.038625
0.241962 3.878803 0.038379
0.242468 3.841008 0.037685
0.242975 3.924474 0.038073
0.243481 3.839650 0.037513
0.243988 3.819392 0.037910
0.244495 3.845553 0.037657
0.245001 3.792614 0.038434
0.245508 3.825503 0.037279
0.246015 3.827177 0.037299
0.246521 3.794263 0.037594
0.247028 3.817164 0.037630
0.247534 3.869570 0.037058
0.248041 3.790828 0.037155
0.248548 3.802238 0.036833
0.249054 3.810793 0.036887
0.249561 3.855367 0.036584
0.250068 3.825879 0.037105
0.250574 3.831797 0.037486
0.251081 3.855873 0.037280
0.251587 3.868405 0.037323
0.252094 3.812783 0.037072
0.252601 3.764240 0.037795
0.253107 3.783757 0.036788
0.253614 3.764389 0.036485
0.254120 3.791858 0.035692
0.254627 3.778202 0.036713
0.255134 3.827149 0.035445
0.255640 3.782154 0.035344
0.256147 3.820707 0.035721
0.256654 3.718240 0.036106
0.257160 3.739398 0.035816
0.257667 3.773259 0.035779
0.258173 3.790988 0.034886
0.258680 3.856601 0.036552
0.259187 3.753539 0.034801
0.259693 3.787812 0.035696
0.260200 3.784531 0.035384
0.260706 3.793807 0.034671
0.261213 3.798229 0.035298
0.261720 3.780644 0.035616
0.262226 3.810175 0.035694
0.262733 3.815978 0.034612
0.263239 3.764570 0.035519
0.263746 3.778978 0.034829
0.264253 3.836933 0.035136
0.264759 3.796096 0.035650
0.265266 3.729548 0.033959
0.265772 3.796479 0.034688
0.266279 3.745233 0.034782
0.266786 3.717751 0.034762
0.267292 3.769725 0.035330
0.267799 3.714024 0.034555
0.268305 3.724792 0.034952
0.268812 3.795556 0.033842
0.269319 3.758604 0.034395
0.269825 3.839692 0.034542
0.270332 3.708289 0.034460
0.270838 3.787079 0.034306
0.271345 3.771975 0.033624
0.271852 3.782122 0.034520
0.272358 3.733503 0.033541
0.272865 3.700150 0.034080
0.273371 3.751838 0.033906
0.273878 3.753401 0.034217
0.274385 3.690566 0.033535
0.274891 3.734187 0.034159
0.275398 3.746384 0.033904
0.275904 3.718576 0.034383
0.276411 3.664251 0.033269
0.276917 3.773900 0.033304
0.277424 3.732568 0.033434
0.277931 3.775746 0.033702
0.278437 3.733751 0.034538
0.278944 3.709614 0.033401
0.279450 3.758358 0.033294
0.279957 3.708358 0.033348
0.280464 3.782502 0.033730
0.280970 3.710022 0.032729
0.281477 3.673130 0.032670
0.281983 3.739478 0.034040
0.282490 3.671620 0.032816
0.282996 3.771293 0.033773
0.283503 3.714856 0.032565
0.284010 3.700502 0.032599
0.284516 3.737964 0.032805
0.285023 3.716813 0.032256
0.285529 3.758817 0.033197
0.286036 3.677461 0.032562
0.286542 3.657370 0.033244
0.287049 3.664434 0.032645
0.287556 3.723823 0.032451
0.288062 3.711512 0.032601
0.288569 3.711524 0.032877
0.289075 3.619368 0.032490
0.289582 3.688413 0.033762
0.290088 3.650177 0.032287
0.290595 3.705861 0.033565
0.291102 3.705509 0.032947
0.291608 3.754412 0.033016
0.292115 3.669510 0.033431
0.292621 3.666418 0.032322
0.293128 3.697867 0.032220
0.293634 3.680097 0.032908
0.294141 3.670908 0.033563
0.294647 3.634231 0.033095
0.295154 3.678109 0.033056
0.295661 3.727496 0.033006
0.296167 3.613628 0.032482
0.296674 3.696248 0.033007
0.297180 3.720996 0.033098
0.297687 3.683028 0.033440
0.298193 3.631139 0.032322
0.298700 3.624549 0.032153
0.299206 3.652676 0.032691
0.299713 3.664921 0.033074
0.300220 3.681130 0.032425
0.300726 3.667000 0.032630
0.301233 3.605848 0.032372
0.301739 3.645882 0.032928
0.302246 3.586849 0.031723
0.302752 3.649759 0.032890
0.303259 3.636284 0.032483
0.303765 3.641630 0.031372
0.304272 3.679800 0.032231
0.304779 3.677164 0.032165
0.305285 3.585696 0.032501
0.305792 3.638360 0.032184
0.306298 3.571021 0.031753
0.306805 3.629555 0.032710
0.307311 3.690005 0.033095
0.307818 3.604918 0.032068
0.308324 3.706149 0.032505
0.308831 3.557923 0.032753
0.309337 3.679467 0.032477
0.309844 3.556734 0.032844
0.310350 3.575779 0.033473
0.310857 3.586124 0.033373
0.311364 3.582873 0.033327
0.311870 3.636145 0.033351
0.312377 3.578976 0.033909
0.312883 3.656504 0.034269
0.313390 3.655359 0.034370
0.313896 3.632343 0.034512
0.314403 3.628080 0.035586
0.314909 3.643276 0.034282
0.315416 3.617271 0.034391
0.315922 3.562897 0.034516
0.316429 3.580134 0.034874
0.316935 3.683700 0.034338
0.317442 3.593156 0.035158
0.317948 3.543855 0.034698
0.318455 3.638980 0.034698
0.318961 3.653758 0.035942
0.319468 3.655669 0.035077
0.319975 3.611423 0.035970
0.320481 3.594859 0.035023
0.320988 3.597700 0.035485
0.321494 3.633032 0.038717
0.322001 3.592742 0.035999
0.322507 3.649357 0.036051
0.323014 3.573910 0.035034
0.323520 3.568351 0.034996
0.324027 3.583400 0.036113
0.324533 3.609482 0.034994
0.325040 3.583628 0.035141
0.325546 3.589855 0.035932
0.326053 3.667532 0.035808
0.326559 3.586884 0.034416
0.327066 3.622394 0.035641
0.327572 3.561204 0.036135
0.328079 3.570521 0.035066
0.328585 3.680091 0.035955
0.329092 3.600353 0.034835
0.329598 3.568803 0.036183
0.330105 3.612355 0.035129
0.330611 3.665202 0.036381
0.331118 3.597008 0.035493
0.331624 3.598582 0.036006
0.332131 3.573817 0.035611
0.332637 3.569561 0.036218
0.333144 3.580731 0.035487
0.333650 3.644077 0.036586
0.334157 3.580077 0.036161
0.334663 3.595365 0.036499
0.335170 3.543072 0.035699
0.335676 3.616933 0.035957
0.336183 3.603099 0.036433
0.336689 3.526762 0.035879
0.337196 3.572729 0.035313
0.337702 3.585730 0.036575
0.338209 3.593262 0.037783
0.338715 3.529886 0.035008
0.339222 3.586608 0.035979
0.339728 3.590298 0.036485
0.340235 3.601196 0.036694
0.340741 3.616004 0.036800
0.341248 3.534823 0.035906
0.341754 3.590275 0.036345
0.342261 3.527472 0.036503
0.342767 3.599351 0.036050
0.343274 3.575107 0.035898
0.343780 3.592853 0.037297
0.344287 3.635440 0.037008
0.344793 3.611361 0.036417
0.345300 3.597777 0.036494
0.345806 3.563183 0.036305
0.346313 3.534373 0.036754
0.346819 3.560492 0.035577
0.347325 3.584676 0.037467
0.347832 3.538314 0.037223
0.348338 3.611884 0.037331
0.348845 3.535647 0.037437
0.349351 3.529270 0.037135
0.349858 3.553589 0.035756
0.350364 3.610148 0.037539
0.350871 3.520144 0.037813
0.351377 3.515886 0.037631
0.351884 3.611869 0.036932
0.352390 3.548374 0.037000
0.352897 3.524004 0.036166
0.353403 3.525738 0.036373
0.353910 3.543287 0.036535
0.354416 3.546667 0.037755
0.354923 3.559216 0.035959
0.355429 3.608941 0.035874
0.355935 3.527716 0.035827
0.356442 3.494360 0.034270
0.356948 3.600109 0.034550
0.357455 3.488571 0.033806
0.357961 3.559014 0.034643
0.358468 3.546863 0.035372
0.358974 3.513724 0.034843
0.359481 3.503624 0.035223
0.359987 3.541893 0.035832
0.360494 3.518291 0.034600
0.361000 3.573321 0.036217
0.361506 3.477598 0.034827
0.362013 3.503762 0.035524
0.362519 3.543792 0.036137
0.363026 3.555144 0.035417
0.363532 3.463682 0.034791
0.364039 3.556054 0.035482
0.364545 3.607689 0.035542
0.365052 3.548341 0.036197
0.365558 3.570780 0.035955
0.366064 3.577418 0.036182
0.366571 3.486067 0.035818
0.367077 3.533893 0.036388
0.367584 3.556453 0.037073
0.368090 3.492278 0.037014
0.368597 3.527940 0.036515
0.369103 3.467085 0.036812
0.369610 3.460199 0.036775
0.370116 3.509021 0.037480
0.370622 3.458385 0.037535
0.371129 3.489367 0.037309
0.371635 3.477772 0.037778
0.372142 3.481493 0.037857
0.372648 3.454097 0.037725
0.373155 3.489384 0.036923
0.373661 3.441975 0.036994
0.374167 3.496876 0.038020
0.374674 3.518759 0.038626
0.375180 3.452300 0.037678
0.375687 3.464283 0.037096
0.376193 3.547344 0.039388
0.376700 3.489691 0.038206
0.377206 3.548351 0.038695
0.377712 3.461823 0.039026
0.378219 3.548519 0.039487
0.378725 3.502265 0.039351
0.379232 3.475756 0.040482
0.379738 3.464353 0.039225
0.380245 3.536908 0.039574
0.380751 3.498882 0.039320
0.381257 3.442381 0.039312
0.381764 3.499406 0.039526
0.382270 3.412168 0.038813
0.382777 3.404208 0.040070
0.383283 3.479686 0.040238
0.383789 3.465510 0.041067
0.384296 3.487158 0.042487
0.384802 3.472191 0.040110
0.385309 3.414434 0.042062
0.385815 3.470588 0.042282
0.386321 3.417028 0.041971
0.386828 3.480409 0.042648
0.387334 3.440712 0.042736
0.387841 3.459873 0.043632
0.388347 3.439305 0.042177
0.388853 3.428618 0.042829
0.389360 3.488249 0.042820
0.389866 3.510148 0.044197
0.390373 3.523060 0.044788
0.390879 3.443142 0.043775
0.391385 3.501317 0.043485
0.391892 3.409443 0.043551
0.392398 3.399517 0.043849
0.392905 3.542174 0.045083
0.393411 3.449970 0.045684
0.393917 3.446891 0.045712
0.394424 3.393339 0.046090
0.394930 3.498774 0.044157
0.395437 3.489441 0.044985
0.395943 3.447719 0.045877
0.396449 3.487790 0.046191
0.396956 3.474442 0.046037
0.397462 3.424953 0.044861
0.397969 3.398268 0.047967
0.398475 3.423405 0.046964
0.398981 3.420217 0.046402
0.399488 3.446109 0.046580
0.399994 3.410964 0.047978
0.400500 3.363103 0.046675
0.401007 3.377147 0.050171
0.401513 3.348864 0.047590
0.402020 3.405041 0.049638
0.402526 3.486824 0.048253
0.403032 3.499757 0.049602
0.403539 3.411106 0.049041
0.404045 3.375712 0.048185
0.404551 3.412489 0.048957
0.405058 3.452390 0.050599
0.405564 3.419558 0.049074
0.406071 3.449833 0.049207
0.406577 3.413863 0.049995
0.407083 3.435399 0.050360
0.407590 3.381254 0.049693
0.408096 3.376797 0.050546
0.408602 3.453291 0.049490
0.409109 3.429583 0.052688
0.409615 3.284157 0.049495
0.410121 3.416179 0.051196
0.410628 3.315056 0.049891
0.411134 3.394109 0.048746
0.411641 3.290973 0.050890
0.412147 3.371540 0.052751
0.412653 3.362152 0.050286
0.413160 3.379541 0.049682
0.413666 3.334309 0.050862
0.414172 3.383689 0.050817
0.414679 3.357291 0.051201
0.415185 3.321679 0.051133
0.415691 3.299155 0.052759
0.416198 3.317353 0.052005
0.416704 3.399802 0.051689
0.417210 3.354901 0.055102
0.417717 3.310117 0.053741
0.418223 3.319074 0.052647
0.418729 3.420818 0.052128
0.419236 3.377034 0.052920
0.419742 3.310753 0.051398
0.420248 3.381394 0.050131
0.420755 3.400321 0.056419
0.421261 3.288801 0.053647
0.421767 3.306505 0.053482
0.422274 3.360689 0.052931
0.422780 3.301185 0.052799
0.423286 3.509286 0.056341
0.423793 3.266504 0.054154
0.424299 3.379967 0.055479
0.424805 3.386414 0.055773
0.425312 3.418672 0.054541
0.425818 3.411232 0.055437
0.426324 3.265802 0.057796
0.426831 3.366668 0.056433
0.427337 3.329967 0.055726
0.427843 3.356511 0.057228
0.428350 3.199505 0.056283
0.428856 3.242539 0.059235
0.429362 3.328032 0.058374
0.429869 3.343202 0.060180
0.430375 3.222511 0.057651
0.430881 3.273863 0.059068
0.431388 3.493820 0.062802
0.431894 3.368542 0.061594
0.432400 3.394201 0.061933
0.432907 3.323955 0.059325
0.433413 3.302534 0.064900
0.433919 3.293956 0.062473
0.434425 3.399159 0.063108
0.434932 3.256099 0.064582
0.435438 3.393876 0.063318
0.435944 3.257751 0.063506
0.436451 3.332335 0.063330
0.436957 3.398848 0.067545
0.437463 3.353701 0.068665
0.437970 3.419236 0.064646
0.438476 3.315834 0.066029
0.438982 3.432285 0.068970
0.439488 3.423928 0.069108
0.439995 3.405153 0.072439
