0.009882 108.639282 24.856317
0.010389 73.646127 13.197356
0.010896 70.346463 13.508655
0.011402 57.127550 10.126328
0.011909 32.614207 6.683580
0.012416 39.636591 5.984581
0.012923 28.123464 3.485990
0.013430 24.770438 3.588135
0.013936 20.051428 2.126696
0.014443 18.752284 1.799690
0.014950 16.617327 1.059205
0.015457 15.890554 0.763572
0.015963 14.150136 0.591492
0.016470 12.568030 0.611953
0.016977 12.120822 0.429902
0.017484 11.475808 0.356011
0.017990 10.890133 0.303031
0.018497 10.401125 0.222749
0.019004 10.162818 0.218453
0.019511 9.337854 0.203985
0.020018 8.983810 0.197528
0.020524 8.615523 0.194355
0.021031 8.643870 0.185649
0.021538 8.267804 0.165701
0.022045 7.807162 0.164519
0.022551 7.515609 0.144769
0.023058 7.405994 0.150698
0.023565 7.587117 0.152084
0.024072 7.210686 0.157006
0.024579 7.272097 0.136891
0.025085 6.759165 0.137060
0.025592 6.373456 0.140848
0.026099 6.624151 0.136246
0.026606 6.527449 0.127778
0.027112 6.503980 0.122644
0.027619 6.169671 0.123375
0.028126 6.307519 0.119898
0.028633 6.195543 0.111815
0.029139 6.077823 0.121532
0.029646 6.087453 0.119006
0.030153 5.871944 0.109121
0.030660 5.879261 0.110835
0.031167 5.858914 0.116948
0.031673 5.739351 0.107208
0.032180 5.744180 0.108922
0.032687 5.575986 0.103940
0.033194 5.522738 0.102169
0.033700 5.457269 0.103926
0.034207 5.624781 0.109638
0.034714 5.475299 0.097480
0.035221 5.522485 0.103787
0.035727 5.409194 0.096091
0.036234 5.450365 0.094280
0.036741 5.413893 0.100061
0.037248 5.107475 0.090568
0.037755 5.309535 0.096977
0.038261 5.398263 0.092608
0.038768 5.449328 0.094121
0.039275 5.030796 0.086331
0.039782 5.117111 0.090578
0.040288 5.025914 0.092800
0.040795 5.206906 0.090836
0.041302 5.216853 0.090950
0.041809 5.070570 0.087826
0.042315 5.081675 0.085434
0.042822 4.950054 0.086722
0.043329 5.015177 0.085083
0.043836 5.035823 0.084307
0.044343 4.898415 0.082651
0.044849 4.991995 0.082748
0.045356 4.952370 0.085577
0.045863 4.871942 0.081663
0.046370 4.841799 0.079538
0.046876 5.060348 0.081159
0.047383 4.805196 0.079913
0.047890 5.042440 0.079321
0.048397 4.926610 0.077390
0.048903 4.938272 0.077220
0.049410 4.770549 0.075770
0.049917 4.863430 0.075344
0.050424 4.842120 0.073846
0.050931 4.946639 0.073504
0.051437 4.865812 0.074782
0.051944 4.874773 0.069760
0.052451 4.747218 0.076369
0.052958 4.755993 0.072866
0.053464 4.713334 0.073972
0.053971 4.693722 0.071318
0.054478 4.743018 0.072408
0.054985 4.792319 0.070684
0.055491 4.715980 0.073741
0.055998 4.515797 0.071385
0.056505 4.604601 0.067760
0.057012 4.621565 0.068043
0.057519 4.719217 0.067654
0.058025 4.653427 0.070056
0.058532 4.705907 0.068383
0.059039 4.802094 0.067472
0.059546 4.654563 0.069348
0.060052 4.569913 0.064362
0.060559 4.693674 0.067934
0.061066 4.546563 0.067803
0.061573 4.606090 0.065071
0.062079 4.658639 0.067480
0.062586 4.526845 0.066073
0.063093 4.590696 0.063542
0.063600 4.681144 0.065561
0.064106 4.669291 0.063758
0.064613 4.657118 0.065827
0.065120 4.531469 0.065595
0.065627 4.563487 0.063025
0.066134 4.571420 0.063251
0.066640 4.509799 0.064458
0.067147 4.579090 0.066112
0.067654 4.570039 0.065614
0.068161 4.613218 0.063310
0.068667 4.559705 0.062798
0.069174 4.597021 0.063769
0.069681 4.556120 0.062915
0.070188 4.606163 0.062253
0.070694 4.554945 0.060948
0.071201 4.548349 0.063985
0.071708 4.590377 0.061326
0.072215 4.501730 0.060734
0.072721 4.574514 0.061628
0.073228 4.579428 0.062627
0.073735 4.510533 0.059381
0.074242 4.528587 0.059245
0.074748 4.513941 0.059077
0.075255 4.571177 0.060237
0.075762 4.521741 0.059916
0.076269 4.524456 0.059549
0.076776 4.469941 0.059893
0.077282 4.600759 0.059459
0.077789 4.554583 0.057842
0.078296 4.586453 0.057782
0.078803 4.565733 0.058044
0.079309 4.527096 0.055735
0.079816 4.392455 0.058020
0.080323 4.425442 0.056052
0.080830 4.474734 0.055780
0.081336 4.386349 0.057938
0.081843 4.476819 0.058262
0.082350 4.454629 0.057103
0.082857 4.425704 0.057285
0.083363 4.390646 0.058182
0.083870 4.394822 0.058935
0.084377 4.376700 0.056760
0.084884 4.454693 0.057526
0.085390 4.398566 0.059440
0.085897 4.463295 0.058310
0.086404 4.480627 0.059365
0.086911 4.396466 0.059842
0.087417 4.442812 0.056169
0.087924 4.398523 0.058179
0.088431 4.557462 0.058951
0.088938 4.402451 0.058549
0.089444 4.469552 0.058525
0.089951 4.412373 0.059946
0.090458 4.436120 0.056498
0.090965 4.355562 0.056973
0.091471 4.336794 0.056765
0.091978 4.308498 0.058171
0.092485 4.357728 0.058551
0.092992 4.456596 0.058302
0.093498 4.429625 0.057977
0.094005 4.454847 0.058624
0.094512 4.311652 0.057504
0.095019 4.402926 0.057950
0.095525 4.312860 0.058122
0.096032 4.282994 0.058007
0.096539 4.370680 0.055903
0.097046 4.369410 0.057821
0.097552 4.345827 0.055679
0.098059 4.313780 0.054377
0.098566 4.393944 0.058065
0.099073 4.345378 0.058763
0.099579 4.325213 0.055737
0.100086 4.255926 0.056816
0.100593 4.301087 0.055886
0.101100 4.391291 0.057610
0.101606 4.358252 0.056615
0.102113 4.314709 0.054975
0.102620 4.415858 0.054491
0.103127 4.387999 0.056682
0.103633 4.364662 0.057228
0.104140 4.358571 0.056473
0.104647 4.344858 0.057217
0.105154 4.297879 0.056688
0.105660 4.319669 0.056307
0.106167 4.308866 0.057257
0.106674 4.364211 0.056296
0.107181 4.330960 0.055086
0.107687 4.232563 0.053675
0.108194 4.308134 0.053876
0.108701 4.311238 0.053530
0.109208 4.405328 0.054736
0.109714 4.261668 0.054159
0.110221 4.223408 0.052671
0.110728 4.208287 0.051565
0.111235 4.276265 0.050954
0.111741 4.211915 0.051160
0.112248 4.335661 0.051142
0.112755 4.291852 0.049965
0.113262 4.345990 0.052969
0.113768 4.269686 0.050792
0.114275 4.249536 0.049412
0.114782 4.247315 0.048980
0.115289 4.279409 0.050028
0.115795 4.206623 0.049066
0.116302 4.207859 0.048928
0.116809 4.315232 0.050303
0.117316 4.236663 0.047902
0.117822 4.276298 0.050008
0.118329 4.285563 0.049425
0.118836 4.261156 0.050397
0.119342 4.220636 0.047883
0.119849 4.288263 0.049070
0.120356 4.163555 0.047993
0.120863 4.296617 0.048981
0.121369 4.238043 0.049177
0.121876 4.348979 0.049647
0.122383 4.279810 0.046502
0.122890 4.289728 0.047459
0.123396 4.279851 0.047503
0.123903 4.156741 0.047745
0.124410 4.294778 0.047125
0.124917 4.253766 0.047038
0.125423 4.173823 0.047981
0.125930 4.210409 0.047953
0.126437 4.198722 0.046450
0.126944 4.140786 0.046116
0.127450 4.116205 0.046489
0.127957 4.182593 0.045757
0.128464 4.234788 0.046128
0.128970 4.186111 0.046400
0.129477 4.223851 0.044966
0.129984 4.247528 0.044972
0.130491 4.189887 0.045488
0.130997 4.230903 0.045525
0.131504 4.207600 0.045324
0.132011 4.123257 0.042969
0.132518 4.192544 0.043756
0.133024 4.164415 0.042714
0.133531 4.176048 0.043602
0.134038 4.188550 0.043386
0.134545 4.191479 0.043676
0.135051 4.174732 0.044606
0.135558 4.204332 0.044366
0.136065 4.088462 0.042288
0.136571 4.098868 0.043590
0.137078 4.151775 0.045368
0.137585 4.193600 0.044215
0.138092 4.170898 0.043011
0.138598 4.202491 0.043563
0.139105 4.143348 0.042496
0.139612 4.144959 0.041224
0.140119 4.200388 0.041838
0.140625 4.175901 0.043612
0.141132 4.192802 0.041970
0.141639 4.182571 0.042031
0.142145 4.072785 0.042462
0.142652 4.147799 0.041470
0.143159 4.188943 0.042320
0.143666 4.119436 0.041550
0.144172 4.159237 0.041635
0.144679 4.086835 0.042756
0.145186 4.172154 0.041762
0.145692 4.158130 0.041455
0.146199 4.123367 0.042070
0.146706 4.145173 0.041420
0.147213 4.047452 0.040822
0.147719 4.130221 0.041465
0.148226 4.149642 0.041905
0.148733 4.177498 0.041149
0.149240 4.149245 0.041328
0.149746 4.100206 0.040910
0.150253 4.121356 0.041774
0.150760 4.070256 0.041056
0.151266 4.129232 0.040219
0.151773 4.055055 0.039653
0.152280 4.163095 0.039984
0.152787 4.081475 0.040041
0.153293 4.077777 0.040050
0.153800 4.101922 0.040135
0.154307 4.111056 0.040792
0.154813 4.199744 0.040584
0.155320 4.131227 0.040795
0.155827 4.118887 0.040366
0.156334 4.006191 0.039011
0.156840 4.022014 0.039629
0.157347 4.136490 0.039066
0.157854 4.022006 0.038553
0.158360 4.037288 0.039446
0.158867 4.095168 0.038608
0.159374 4.093410 0.038847
0.159881 4.034886 0.039070
0.160387 4.070599 0.040189
0.160894 4.067674 0.038469
0.161401 4.075004 0.039163
0.161907 4.110072 0.039920
0.162414 4.055922 0.039410
0.162921 4.015879 0.038405
0.163427 3.994717 0.038289
0.163934 3.971484 0.038684
0.164441 4.034286 0.038001
0.164948 4.052823 0.037234
0.165454 4.011364 0.038019
0.165961 4.005384 0.038285
0.166468 4.039426 0.038035
0.166974 4.024710 0.038051
0.167481 4.044713 0.037512
0.167988 4.021396 0.037129
0.168495 4.033240 0.038616
0.169001 4.019671 0.037425
0.169508 4.021075 0.037963
0.170015 4.016351 0.038137
0.170521 4.017934 0.038387
0.171028 3.991116 0.038030
0.171535 4.032532 0.038117
0.172041 4.056070 0.039081
0.172548 4.048796 0.038997
0.173055 4.009638 0.039296
0.173562 4.054530 0.039137
0.174068 3.983877 0.039426
0.174575 3.980973 0.038979
0.175082 4.058407 0.038819
0.175588 3.974064 0.038730
0.176095 3.946154 0.038524
0.176602 4.008742 0.038595
0.177108 4.018055 0.039597
0.177615 4.003738 0.038647
0.178122 4.045617 0.039054
0.178629 4.037108 0.038729
0.179135 3.912656 0.038852
0.179642 4.020229 0.039721
0.180149 4.039678 0.039981
0.180655 4.012011 0.038663
0.181162 4.078191 0.040026
0.181669 3.997904 0.040236
0.182175 4.066422 0.040330
0.182682 4.063312 0.040100
0.183189 4.064725 0.040531
0.183695 4.011875 0.039380
0.184202 4.049049 0.040122
0.184709 4.029377 0.041348
0.185216 4.016780 0.039946
0.185722 4.039965 0.039780
0.186229 4.040520 0.041831
0.186736 3.969751 0.041231
0.187242 4.043949 0.040296
0.187749 3.937739 0.041913
0.188256 4.042371 0.042687
0.188762 3.966892 0.040740
0.189269 4.000318 0.041406
0.189776 4.044576 0.041867
0.190282 3.928700 0.040752
0.190789 3.969173 0.041346
0.191296 4.015526 0.042152
0.191802 3.974565 0.041053
0.192309 3.973332 0.040998
0.192816 3.978474 0.041255
0.193323 3.994534 0.040335
0.193829 3.935477 0.041019
0.194336 4.013917 0.042324
0.194843 3.980051 0.041281
0.195349 3.934010 0.041649
0.195856 4.008229 0.041720
0.196363 3.968734 0.042998
0.196869 4.037640 0.042211
0.197376 4.001529 0.043030
0.197883 3.944577 0.043128
0.198389 3.922546 0.042209
0.198896 3.921013 0.040855
0.199403 3.963430 0.041307
0.199909 3.958917 0.042263
0.200416 3.911848 0.041997
0.200923 4.059382 0.043809
0.201429 4.016437 0.043354
0.201936 3.950725 0.042030
0.202443 3.990565 0.042743
0.202949 3.999963 0.043351
0.203456 3.988794 0.042930
0.203963 3.959786 0.042146
0.204469 3.981393 0.043504
0.204976 3.916747 0.041668
0.205483 3.917136 0.042823
0.205989 4.008020 0.042874
0.206496 4.028064 0.042955
0.207003 4.068919 0.043013
0.207509 3.942044 0.042551
0.208016 3.831473 0.040504
0.208523 3.921106 0.042069
0.209029 3.954473 0.041297
0.209536 3.933799 0.042504
0.210043 3.925431 0.041798
0.210549 3.988538 0.043426
0.211056 3.955608 0.042349
0.211563 4.015346 0.042961
0.212069 4.018570 0.042084
0.212576 3.957648 0.042270
0.213083 3.887380 0.042704
0.213589 3.906967 0.042656
0.214096 3.915137 0.042402
0.214603 3.882647 0.042159
0.215109 3.920327 0.041776
0.215616 3.833185 0.041510
0.216123 3.947926 0.041959
0.216629 3.960727 0.042537
0.217136 3.908513 0.041116
0.217643 3.896209 0.042300
0.218149 3.888612 0.041690
0.218656 3.919334 0.042126
0.219163 3.928105 0.042714
0.219669 3.943795 0.042764
0.220176 3.917836 0.042603
0.220683 3.950366 0.041454
0.221189 3.798808 0.042143
0.221696 3.945115 0.042114
0.222203 3.854443 0.041850
0.222709 3.867548 0.042690
0.223216 3.894705 0.042747
0.223722 3.870223 0.041421
0.224229 3.812667 0.040724
0.224736 3.774354 0.039863
0.225242 3.942510 0.041234
0.225749 3.896600 0.041771
0.226256 3.812990 0.041292
0.226762 3.832018 0.040033
0.227269 3.918816 0.042075
0.227776 3.840351 0.039981
0.228282 3.861049 0.040542
0.228789 3.898889 0.040782
0.229296 3.852686 0.039579
0.229802 3.847244 0.040034
0.230309 3.861718 0.040971
0.230816 3.943602 0.041057
0.231322 3.915906 0.040039
0.231829 3.853154 0.040630
0.232335 3.885730 0.039728
0.232842 3.786664 0.038852
0.233349 3.918532 0.039238
0.233855 3.885744 0.038631
0.234362 3.864855 0.038739
0.234869 3.855724 0.039905
0.235375 3.836615 0.040434
0.235882 3.863574 0.039837
0.236389 3.889269 0.039253
0.236895 3.863481 0.039359
0.237402 3.838856 0.038276
0.237908 3.801748 0.039120
0.238415 3.812928 0.037969
0.238922 3.765275 0.038722
0.239428 3.832177 0.037486
0.239935 3.904864 0.038453
0.240442 3.839612 0.038872
0.240948 3.841475 0.038547
0.241455 3.850721 0.038851
0.241962 3.844712 0.038370
0.242468 3.815050 0.037877
0.242975 3.851748 0.037571
0.243481 3.782744 0.036997
0.243988 3.783335 0.038332
0.244495 3.805186 0.037520
0.245001 3.813491 0.037951
0.245508 3.817247 0.038115
0.246015 3.843431 0.037132
0.246521 3.798438 0.037666
0.247028 3.764641 0.037353
0.247534 3.863275 0.038499
0.248041 3.814897 0.038140
0.248548 3.831601 0.036940
0.249054 3.798295 0.036563
0.249561 3.767229 0.036448
0.250068 3.794747 0.037485
0.250574 3.764200 0.036377
0.251081 3.826331 0.037581
0.251587 3.829696 0.035664
0.252094 3.769619 0.035590
0.252601 3.825127 0.036238
0.253107 3.736019 0.035555
0.253614 3.826153 0.036779
0.254120 3.790096 0.036085
0.254627 3.784211 0.035951
0.255134 3.771118 0.036077
0.255640 3.778261 0.037127
0.256147 3.812581 0.036506
0.256654 3.847909 0.037122
0.257160 3.760085 0.035229
0.257667 3.766693 0.036223
0.258173 3.774801 0.035492
0.258680 3.759251 0.035145
0.259187 3.805059 0.035394
0.259693 3.763599 0.034921
0.260200 3.833650 0.036270
0.260706 3.796167 0.035759
0.261213 3.823240 0.035096
0.261720 3.851996 0.035728
0.262226 3.813188 0.035141
0.262733 3.790804 0.035166
0.263239 3.770952 0.034982
0.263746 3.825483 0.036099
0.264253 3.770684 0.033889
0.264759 3.799154 0.035621
0.265266 3.736797 0.034818
0.265772 3.743756 0.034634
0.266279 3.747522 0.034091
0.266786 3.726151 0.034377
0.267292 3.803601 0.034482
0.267799 3.757987 0.034722
0.268305 3.724469 0.034440
0.268812 3.752676 0.034059
0.269319 3.768789 0.034758
0.269825 3.747975 0.034228
0.270332 3.694832 0.034618
0.270838 3.729694 0.034957
0.271345 3.711081 0.033346
0.271852 3.814921 0.034441
0.272358 3.726868 0.034669
0.272865 3.715396 0.034160
0.273371 3.787522 0.034783
0.273878 3.759632 0.034141
0.274385 3.795117 0.034099
0.274891 3.771732 0.034213
0.275398 3.739353 0.033796
0.275904 3.770937 0.034241
0.276411 3.711561 0.033699
0.276917 3.757989 0.033560
0.277424 3.738059 0.033022
0.277931 3.712082 0.033778
0.278437 3.704277 0.033247
0.278944 3.772775 0.033997
0.279450 3.838337 0.033800
0.279957 3.698778 0.033073
0.280464 3.663194 0.033530
0.280970 3.715150 0.033104
0.281477 3.753153 0.033406
0.281983 3.744314 0.033901
0.282490 3.700324 0.033216
0.282996 3.675366 0.033068
0.283503 3.698953 0.032981
0.284010 3.714070 0.033040
0.284516 3.716052 0.032813
0.285023 3.706037 0.032699
0.285529 3.727421 0.032117
0.286036 3.754056 0.033153
0.286542 3.639478 0.032390
0.287049 3.703446 0.033566
0.287556 3.680866 0.032321
0.288062 3.634088 0.032273
0.288569 3.672152 0.032544
0.289075 3.622952 0.032365
0.289582 3.646561 0.032644
0.290088 3.615539 0.032938
0.290595 3.676338 0.032621
0.291102 3.647477 0.032936
0.291608 3.718849 0.032844
0.292115 3.643575 0.032878
0.292621 3.742515 0.033243
0.293128 3.641396 0.033064
0.293634 3.694946 0.033632
0.294141 3.636620 0.032330
0.294647 3.665689 0.032887
0.295154 3.651863 0.032744
0.295661 3.630519 0.033104
0.296167 3.619334 0.032354
0.296674 3.649328 0.033675
0.297180 3.683608 0.032970
0.297687 3.620050 0.033100
0.298193 3.624642 0.033425
0.298700 3.637306 0.032369
0.299206 3.625093 0.032759
0.299713 3.662540 0.033359
0.300220 3.649974 0.032289
0.300726 3.635175 0.033281
0.301233 3.583466 0.032046
0.301739 3.569322 0.032580
0.302246 3.620568 0.032388
0.302752 3.576654 0.032510
0.303259 3.618437 0.032135
0.303765 3.668905 0.032569
0.304272 3.627046 0.032623
0.304779 3.715272 0.032501
0.305285 3.580441 0.032072
0.305792 3.674944 0.032563
0.306298 3.632198 0.031562
0.306805 3.551648 0.032084
0.307311 3.597645 0.032095
0.307818 3.634800 0.032285
0.308324 3.627175 0.032489
0.308831 3.646871 0.032222
0.309337 3.612785 0.032362
0.309844 3.622109 0.031938
0.310350 3.550934 0.032717
0.310857 3.617783 0.033045
0.311364 3.640898 0.033486
0.311870 3.559903 0.033190
0.312377 3.580267 0.034421
0.312883 3.623406 0.033774
0.313390 3.558064 0.034477
0.313896 3.638045 0.035263
0.314403 3.552691 0.033584
0.314909 3.667791 0.035236
0.315416 3.596945 0.035426
0.315922 3.608775 0.034670
0.316429 3.637010 0.035260
0.316935 3.635928 0.036551
0.317442 3.654663 0.035756
0.317948 3.566443 0.034824
0.318455 3.643943 0.035944
0.318961 3.612222 0.034129
0.319468 3.550728 0.035301
0.319975 3.584734 0.034311
0.320481 3.614132 0.036666
0.320988 3.588426 0.035240
0.321494 3.574446 0.036764
0.322001 3.616623 0.035825
0.322507 3.546376 0.035164
0.323014 3.638087 0.035281
0.323520 3.716155 0.036145
0.324027 3.599462 0.035985
0.324533 3.635999 0.035872
0.325040 3.582571 0.034858
0.325546 3.584080 0.035184
0.326053 3.568006 0.035102
0.326559 3.638145 0.035497
0.327066 3.628067 0.035475
0.327572 3.620652 0.034368
0.328079 3.597361 0.035222
0.328585 3.679024 0.036825
0.329092 3.549573 0.035200
0.329598 3.619324 0.036242
0.330105 3.570188 0.035409
0.330611 3.564220 0.035463
0.331118 3.588794 0.035985
0.331624 3.564278 0.035725
0.332131 3.589164 0.035503
0.332637 3.564444 0.035622
0.333144 3.604679 0.035621
0.333650 3.563276 0.034690
0.334157 3.588501 0.035793
0.334663 3.581455 0.035735
0.335170 3.589667 0.035854
0.335676 3.562753 0.035890
0.336183 3.566389 0.035637
0.336689 3.562294 0.035758
0.337196 3.595232 0.037059
0.337702 3.592765 0.036682
0.338209 3.540615 0.036674
0.338715 3.588108 0.036434
0.339222 3.598331 0.035396
0.339728 3.552372 0.036247
0.340235 3.589785 0.036047
0.340741 3.587336 0.036767
0.341248 3.590651 0.036187
0.341754 3.587757 0.037116
0.342261 3.570488 0.036617
0.342767 3.582050 0.036947
0.343274 3.555021 0.035760
0.343780 3.593238 0.036657
0.344287 3.579522 0.036751
0.344793 3.573615 0.036981
0.345300 3.496731 0.036519
0.345806 3.571077 0.037422
0.346313 3.566497 0.036219
0.346819 3.528501 0.036305
0.347325 3.519982 0.035545
0.347832 3.551427 0.036966
0.348338 3.492887 0.036418
0.348845 3.535647 0.036727
0.349351 3.560083 0.037292
0.349858 3.620805 0.037191
0.350364 3.555741 0.037018
0.350871 3.567544 0.037330
0.351377 3.547933 0.036442
0.351884 3.533056 0.036049
0.352390 3.496421 0.036614
0.352897 3.493306 0.037712
0.353403 3.514165 0.037330
0.353910 3.630551 0.037383
0.354416 3.572464 0.036114
0.354923 3.507956 0.035398
0.355429 3.545050 0.036068
0.355935 3.505254 0.035990
0.356442 3.487587 0.034217
0.356948 3.554239 0.034466
0.357455 3.536246 0.034769
0.357961 3.509972 0.035140
0.358468 3.469174 0.034591
0.358974 3.528535 0.034992
0.359481 3.461897 0.033471
0.359987 3.501516 0.035443
0.360494 3.533535 0.035115
0.361000 3.471298 0.034343
0.361506 3.437161 0.034580
0.362013 3.559073 0.035854
0.362519 3.602746 0.035419
0.363026 3.519285 0.035474
0.363532 3.510340 0.035853
0.364039 3.593290 0.035869
0.364545 3.478791 0.035515
0.365052 3.478773 0.035194
0.365558 3.565547 0.036051
0.366064 3.445444 0.036054
0.366571 3.507722 0.036438
0.367077 3.467977 0.035645
0.367584 3.521501 0.036014
0.368090 3.560716 0.036139
0.368597 3.503831 0.036798
0.369103 3.437917 0.036249
0.369610 3.424851 0.036771
0.370116 3.445799 0.037582
0.370622 3.487193 0.037345
0.371129 3.441925 0.037043
0.371635 3.457048 0.036577
0.372142 3.415486 0.037373
0.372648 3.469603 0.037536
0.373155 3.439738 0.037823
0.373661 3.558763 0.037957
0.374167 3.482539 0.037841
0.374674 3.499619 0.037809
0.375180 3.469399 0.037070
0.375687 3.468136 0.037653
0.376193 3.435765 0.037703
0.376700 3.382939 0.038121
0.377206 3.526014 0.039890
0.377712 3.519498 0.038273
0.378219 3.451958 0.039379
0.378725 3.475696 0.039496
0.379232 3.427784 0.038207
0.379738 3.412226 0.039349
0.380245 3.454881 0.039218
0.380751 3.470508 0.039643
0.381257 3.462165 0.039793
0.381764 3.375364 0.039351
0.382270 3.484514 0.041070
0.382777 3.515629 0.040759
0.383283 3.514516 0.041269
0.383789 3.405254 0.040936
0.384296 3.436994 0.041177
0.384802 3.438480 0.040815
0.385309 3.525625 0.042178
0.385815 3.431481 0.040364
0.386321 3.434816 0.041395
0.386828 3.414358 0.042233
0.387334 3.494785 0.041369
0.387841 3.538507 0.042093
0.388347 3.408073 0.043679
0.388853 3.404605 0.042698
0.389360 3.462051 0.041562
0.389866 3.469256 0.045245
0.390373 3.329436 0.043300
0.390879 3.377736 0.042998
0.391385 3.596644 0.044833
0.391892 3.426739 0.043406
0.392398 3.433261 0.042678
0.392905 3.423274 0.044474
0.393411 3.460260 0.043685
0.393917 3.489424 0.047090
0.394424 3.397308 0.045238
0.394930 3.432376 0.045277
0.395437 3.443374 0.044351
0.395943 3.366291 0.044505
0.396449 3.399553 0.044686
0.396956 3.432361 0.045801
0.397462 3.444795 0.048703
0.397969 3.479679 0.046123
0.398475 3.485088 0.047047
0.398981 3.409597 0.048321
0.399488 3.336636 0.046026
0.399994 3.523883 0.048101
0.400500 3.438357 0.046337
0.401007 3.341802 0.046760
0.401513 3.485497 0.047263
0.402020 3.484451 0.046326
0.402526 3.416155 0.048408
0.403032 3.398000 0.047735
0.403539 3.499068 0.049687
0.404045 3.392081 0.048123
0.404551 3.447915 0.049398
0.405058 3.324445 0.048865
0.405564 3.407363 0.050052
0.406071 3.374932 0.050394
0.406577 3.403364 0.049649
0.407083 3.258684 0.048799
0.407590 3.323046 0.049106
0.408096 3.383712 0.050875
0.408602 3.312706 0.049658
0.409109 3.356135 0.050169
0.409615 3.402798 0.049943
0.410121 3.369900 0.049256
0.410628 3.328129 0.048769
0.411134 3.379107 0.051423
0.411641 3.381340 0.053104
0.412147 3.326657 0.051272
0.412653 3.364448 0.050582
0.413160 3.462270 0.052226
0.413666 3.338257 0.051204
0.414172 3.306734 0.051798
0.414679 3.239219 0.049585
0.415185 3.354207 0.052965
0.415691 3.270137 0.050396
0.416198 3.269827 0.050066
0.416704 3.371902 0.053158
0.417210 3.394106 0.055001
0.417717 3.308476 0.051470
0.418223 3.374244 0.054743
0.418729 3.395957 0.052998
0.419236 3.274466 0.052994
0.419742 3.349544 0.052532
0.420248 3.297903 0.052544
0.420755 3.382557 0.054317
0.421261 3.278258 0.052101
0.421767 3.373466 0.053863
0.422274 3.375693 0.055244
0.422780 3.326496 0.052159
0.423286 3.320249 0.052461
0.423793 3.296282 0.055358
0.424299 3.309512 0.058039
0.424805 3.446494 0.059450
0.425312 3.297305 0.054483
0.425818 3.442467 0.055182
0.426324 3.229582 0.055711
0.426831 3.499629 0.057525
0.427337 3.366837 0.056857
0.427843 3.400434 0.055662
0.428350 3.292685 0.060337
0.428856 3.286732 0.056946
0.429362 3.345631 0.056016
0.429869 3.303832 0.058809
0.430375 3.284632 0.058458
0.430881 3.289953 0.059854
0.431388 3.358332 0.060112
0.431894 3.340529 0.061593
0.432400 3.320439 0.059266
0.432907 3.291683 0.061132
0.433413 3.462294 0.064983
0.433919 3.296383 0.063071
0.434425 3.233463 0.060740
0.434932 3.314265 0.064729
0.435438 3.367978 0.064059
0.435944 3.229445 0.061191
0.436451 3.267754 0.063456
0.436957 3.356871 0.066324
0.437463 3.320713 0.066071
0.437970 3.258363 0.066490
0.438476 3.487029 0.065373
0.438982 3.307792 0.067764
0.439488 3.303842 0.069503
0.439995 3.278655 0.068485
