0.009882 106.611497 24.566712
0.010389 74.229462 13.870307
0.010896 70.250308 12.544115
0.011402 58.745740 10.757981
0.011909 33.842284 6.589344
0.012416 37.230983 6.527685
0.012923 28.465931 3.833317
0.013430 23.274130 3.629983
0.013936 21.269386 2.297570
0.014443 18.538607 1.703050
0.014950 16.664203 0.970505
0.015457 15.227723 0.903533
0.015963 14.118886 0.691372
0.016470 13.780629 0.483216
0.016977 12.862997 0.426860
0.017484 12.048526 0.377996
0.017990 11.582232 0.295600
0.018497 10.278740 0.231177
0.019004 10.062638 0.252239
0.019511 9.377328 0.208489
0.020018 9.032790 0.182801
0.020524 8.680301 0.187978
0.021031 8.538605 0.188050
0.021538 7.996423 0.159594
0.022045 8.038745 0.182141
0.022551 7.883314 0.174282
0.023058 7.198198 0.153905
0.023565 7.313819 0.146767
0.024072 7.170437 0.142876
0.024579 7.283793 0.153714
0.025085 6.892132 0.139137
0.025592 6.564197 0.126823
0.026099 6.599627 0.131194
0.026606 6.659920 0.126250
0.027112 6.359672 0.130744
0.027619 6.232627 0.117572
0.028126 6.300427 0.122909
0.028633 5.979257 0.114662
0.029139 6.045859 0.112064
0.029646 5.950983 0.108104
0.030153 5.876292 0.111573
0.030660 5.615753 0.111973
0.031167 5.693690 0.112162
0.031673 5.737280 0.111913
0.032180 5.760309 0.104580
0.032687 5.717406 0.104829
0.033194 5.581449 0.100294
0.033700 5.799081 0.103985
0.034207 5.641763 0.101258
0.034714 5.580665 0.100736
0.035221 5.309512 0.094564
0.035727 5.366334 0.096664
0.036234 5.394101 0.096545
0.036741 5.373751 0.094376
0.037248 5.219709 0.097277
0.037755 5.275919 0.094673
0.038261 5.246894 0.094928
0.038768 5.406562 0.092530
0.039275 5.077348 0.085399
0.039782 5.193916 0.095653
0.040288 5.161922 0.085582
0.040795 5.061357 0.089394
0.041302 5.329010 0.090906
0.041809 5.154545 0.090010
0.042315 5.050047 0.084361
0.042822 5.102431 0.088911
0.043329 4.979619 0.084900
0.043836 4.865943 0.082152
0.044343 5.046471 0.083636
0.044849 4.943040 0.084996
0.045356 4.929769 0.078957
0.045863 4.910619 0.082663
0.046370 4.890190 0.087103
0.046876 5.003087 0.078580
0.047383 4.983167 0.079475
0.047890 4.923007 0.079600
0.048397 4.780224 0.075788
0.048903 4.892583 0.078172
0.049410 4.729088 0.078817
0.049917 4.901705 0.079808
0.050424 4.819674 0.076228
0.050931 4.834021 0.076498
0.051437 4.849124 0.075519
0.051944 4.938234 0.072537
0.052451 4.790484 0.072132
0.052958 4.805595 0.073011
0.053464 4.808311 0.070833
0.053971 4.674112 0.072706
0.054478 4.708454 0.068798
0.054985 4.855800 0.072204
0.055491 4.808046 0.071556
0.055998 4.699915 0.068860
0.056505 4.711833 0.070004
0.057012 4.760769 0.070105
0.057519 4.614225 0.071920
0.058025 4.761257 0.071919
0.058532 4.787218 0.068839
0.059039 4.813471 0.067339
0.059546 4.710356 0.066490
0.060052 4.595017 0.065894
0.060559 4.647419 0.066578
0.061066 4.564530 0.067480
0.061573 4.725329 0.068606
0.062079 4.735201 0.068331
0.062586 4.645323 0.069098
0.063093 4.692733 0.067324
0.063600 4.710202 0.064738
0.064106 4.674942 0.063744
0.064613 4.587819 0.063590
0.065120 4.640425 0.066371
0.065627 4.627134 0.063682
0.066134 4.476600 0.063230
0.066640 4.616316 0.063008
0.067147 4.640488 0.062713
0.067654 4.649691 0.066129
0.068161 4.638001 0.060624
0.068667 4.580186 0.063080
0.069174 4.580482 0.060747
0.069681 4.639687 0.064399
0.070188 4.621511 0.062544
0.070694 4.563329 0.061481
0.071201 4.435615 0.062884
0.071708 4.458244 0.059116
0.072215 4.520253 0.060011
0.072721 4.500084 0.059212
0.073228 4.418392 0.058894
0.073735 4.682839 0.059255
0.074242 4.501360 0.060014
0.074748 4.483141 0.060602
0.075255 4.568784 0.061648
0.075762 4.554006 0.058202
0.076269 4.578374 0.057912
0.076776 4.596960 0.059307
0.077282 4.580967 0.058698
0.077789 4.488818 0.057677
0.078296 4.482008 0.057838
0.078803 4.434200 0.054204
0.079309 4.597449 0.059593
0.079816 4.488165 0.058078
0.080323 4.613476 0.057219
0.080830 4.452212 0.058223
0.081336 4.496783 0.059870
0.081843 4.429720 0.059669
0.082350 4.443489 0.056549
0.082857 4.483896 0.060472
0.083363 4.442536 0.057891
0.083870 4.595200 0.059899
0.084377 4.396468 0.058141
0.084884 4.428201 0.059530
0.085390 4.469397 0.060114
0.085897 4.504027 0.058204
0.086404 4.517999 0.060022
0.086911 4.417356 0.056083
0.087417 4.476363 0.057885
0.087924 4.428789 0.058267
0.088431 4.555882 0.057819
0.088938 4.508867 0.057921
0.089444 4.374802 0.059469
0.089951 4.562575 0.060322
0.090458 4.422042 0.060033
0.090965 4.363281 0.058677
0.091471 4.455568 0.058491
0.091978 4.346306 0.057033
0.092485 4.413792 0.057647
0.092992 4.294608 0.055233
0.093498 4.424154 0.056151
0.094005 4.405780 0.057683
0.094512 4.378138 0.057399
0.095019 4.425276 0.059292
0.095525 4.391303 0.057737
0.096032 4.369982 0.056964
0.096539 4.402655 0.058624
0.097046 4.521956 0.059188
0.097552 4.307819 0.057900
0.098059 4.497568 0.057816
0.098566 4.401959 0.055707
0.099073 4.372004 0.057448
0.099579 4.264994 0.057690
0.100086 4.392039 0.057305
0.100593 4.329541 0.058705
0.101100 4.476399 0.056582
0.101606 4.335561 0.056721
0.102113 4.256007 0.058005
0.102620 4.427322 0.056544
0.103127 4.326517 0.055835
0.103633 4.432674 0.056832
0.104140 4.430894 0.061251
0.104647 4.389618 0.055938
0.105154 4.306429 0.055090
0.105660 4.354061 0.056114
0.106167 4.314241 0.055832
0.106674 4.331033 0.057064
0.107181 4.324506 0.053219
0.107687 4.379605 0.052781
0.108194 4.309539 0.055708
0.108701 4.259268 0.052722
0.109208 4.238585 0.053458
0.109714 4.258328 0.052603
0.110221 4.262848 0.052749
0.110728 4.397636 0.053216
0.111235 4.217991 0.051899
0.111741 4.297076 0.053276
0.112248 4.405682 0.052255
0.112755 4.289974 0.052530
0.113262 4.315315 0.052537
0.113768 4.311687 0.051271
0.114275 4.190545 0.051163
0.114782 4.194496 0.049590
0.115289 4.287315 0.050957
0.115795 4.313393 0.049983
0.116302 4.319764 0.051777
0.116809 4.238453 0.049974
0.117316 4.184740 0.048510
0.117822 4.179096 0.049155
0.118329 4.244641 0.047914
0.118836 4.130572 0.049024
0.119342 4.201865 0.049389
0.119849 4.235336 0.048481
0.120356 4.216941 0.049073
0.120863 4.284306 0.047384
0.121369 4.262624 0.049796
0.121876 4.151197 0.048434
0.122383 4.281594 0.047429
0.122890 4.271050 0.050038
0.123396 4.210751 0.047193
0.123903 4.213552 0.048374
0.124410 4.270725 0.048122
0.124917 4.218239 0.045303
0.125423 4.221192 0.048282
0.125930 4.132697 0.047827
0.126437 4.165226 0.046545
0.126944 4.138715 0.045739
0.127450 4.192693 0.046346
0.127957 4.237437 0.045464
0.128464 4.187827 0.045707
0.128970 4.253645 0.046119
0.129477 4.234914 0.047108
0.129984 4.245525 0.045949
0.130491 4.201050 0.045169
0.130997 4.269408 0.044371
0.131504 4.175399 0.045332
0.132011 4.220286 0.045099
0.132518 4.150200 0.044187
0.133024 4.209215 0.043978
0.133531 4.195394 0.044193
0.134038 4.121001 0.043037
0.134545 4.225136 0.044410
0.135051 4.176149 0.044164
0.135558 4.247302 0.044540
0.136065 4.226249 0.043236
0.136571 4.138469 0.043424
0.137078 4.112358 0.043299
0.137585 4.213323 0.043852
0.138092 4.272761 0.043281
0.138598 4.155360 0.043228
0.139105 4.155732 0.042384
0.139612 4.172983 0.042896
0.140119 4.141867 0.042167
0.140625 4.195614 0.044199
0.141132 4.130310 0.041847
0.141639 4.233210 0.042627
0.142145 4.121582 0.042765
0.142652 4.084463 0.043454
0.143159 4.182277 0.042937
0.143666 4.155567 0.041474
0.144172 4.148808 0.041823
0.144679 4.162061 0.041877
0.145186 4.139123 0.042638
0.145692 4.201139 0.041653
0.146199 4.157790 0.041099
0.146706 4.175566 0.042316
0.147213 4.181830 0.040897
0.147719 4.104337 0.041442
0.148226 4.145428 0.041584
0.148733 4.029218 0.040397
0.149240 4.178903 0.041112
0.149746 4.065302 0.041079
0.150253 4.118410 0.042168
0.150760 4.094256 0.041255
0.151266 4.001082 0.038926
0.151773 4.079963 0.041184
0.152280 4.126884 0.041544
0.152787 4.104953 0.040695
0.153293 4.163780 0.040914
0.153800 4.090292 0.039002
0.154307 4.055763 0.039930
0.154813 4.101325 0.040927
0.155320 4.024257 0.040849
0.155827 4.052656 0.039694
0.156334 4.049676 0.039694
0.156840 4.022409 0.038878
0.157347 4.065615 0.038340
0.157854 4.002294 0.039319
0.158360 4.078144 0.040372
0.158867 4.089708 0.039944
0.159374 4.025448 0.038931
0.159881 4.079105 0.038328
0.160387 4.154049 0.039865
0.160894 4.046441 0.039775
0.161401 4.081489 0.039794
0.161907 4.081935 0.039302
0.162414 4.066568 0.038609
0.162921 4.087923 0.038781
0.163427 4.095051 0.038835
0.163934 4.058287 0.039098
0.164441 4.074148 0.038355
0.164948 4.095811 0.038498
0.165454 4.038683 0.037417
0.165961 4.090370 0.038702
0.166468 4.005046 0.038218
0.166974 4.028786 0.037795
0.167481 3.989926 0.038823
0.167988 3.992804 0.036945
0.168495 4.080787 0.038955
0.169001 4.111442 0.038776
0.169508 3.961809 0.037987
0.170015 4.032418 0.038735
0.170521 4.050513 0.039681
0.171028 4.014523 0.039158
0.171535 4.004573 0.038238
0.172041 4.084321 0.038629
0.172548 4.037948 0.039105
0.173055 4.042218 0.038084
0.173562 4.009284 0.038960
0.174068 4.007461 0.038792
0.174575 4.039019 0.039745
0.175082 4.045763 0.037940
0.175588 4.026575 0.039262
0.176095 4.036666 0.039146
0.176602 4.099053 0.040610
0.177108 4.038599 0.038754
0.177615 3.981195 0.039959
0.178122 4.040967 0.039305
0.178629 4.025489 0.038980
0.179135 3.977717 0.038244
0.179642 3.977323 0.039565
0.180149 3.973491 0.038618
0.180655 4.040544 0.038988
0.181162 4.005901 0.039030
0.181669 4.103091 0.040424
0.182175 4.080216 0.039157
0.182682 4.019204 0.040607
0.183189 4.030849 0.039912
0.183695 3.999446 0.040540
0.184202 4.019159 0.039473
0.184709 4.005727 0.041035
0.185216 4.040520 0.041146
0.185722 4.091446 0.040294
0.186229 4.119014 0.042283
0.186736 4.090515 0.041612
0.187242 4.015290 0.040806
0.187749 3.955999 0.040634
0.188256 3.997173 0.041148
0.188762 3.997724 0.041828
0.189269 4.020889 0.041587
0.189776 3.991876 0.041766
0.190282 4.021016 0.041192
0.190789 4.023252 0.042842
0.191296 4.028491 0.041617
0.191802 3.968763 0.040789
0.192309 4.076362 0.041759
0.192816 4.016521 0.041583
0.193323 3.929124 0.041943
0.193829 3.995855 0.042957
0.194336 4.014364 0.042392
0.194843 4.008628 0.042305
0.195349 4.021868 0.042398
0.195856 4.054841 0.042154
0.196363 3.961353 0.042437
0.196869 4.049093 0.043309
0.197376 3.971633 0.042476
0.197883 3.987864 0.042288
0.198389 3.951017 0.040513
0.198896 3.977773 0.042048
0.199403 3.970691 0.041671
0.199909 4.007594 0.041794
0.200416 3.912769 0.043055
0.200923 3.980420 0.041791
0.201429 4.001248 0.041800
0.201936 3.985023 0.042299
0.202443 3.992890 0.041810
0.202949 4.022985 0.042280
0.203456 3.977649 0.043223
0.203963 3.929641 0.042959
0.204469 4.002318 0.042884
0.204976 4.034450 0.042993
0.205483 3.981621 0.042089
0.205989 3.985782 0.042879
0.206496 3.962840 0.042699
0.207003 3.961732 0.042488
0.207509 3.975322 0.042441
0.208016 4.011483 0.042142
0.208523 3.986646 0.042149
0.209029 3.910163 0.042423
0.209536 3.934236 0.042443
0.210043 3.894893 0.042009
0.210549 3.983360 0.043524
0.211056 4.031629 0.041719
0.211563 3.992061 0.042191
0.212069 3.892194 0.042279
0.212576 3.974579 0.043255
0.213083 3.975965 0.043057
0.213589 3.943911 0.042327
0.214096 3.984028 0.042049
0.214603 3.926346 0.041965
0.215109 3.885209 0.041112
0.215616 3.881551 0.042132
0.216123 3.851669 0.042481
0.216629 3.937439 0.042251
0.217136 3.923926 0.042686
0.217643 3.950637 0.043338
0.218149 3.926663 0.042276
0.218656 3.942979 0.041562
0.219163 3.955341 0.041788
0.219669 3.893932 0.042027
0.220176 3.929278 0.041922
0.220683 3.952168 0.042092
0.221189 3.917931 0.042808
0.221696 3.897137 0.042091
0.222203 3.912134 0.041445
0.222709 3.882872 0.041162
0.223216 3.951686 0.042445
0.223722 3.844233 0.040432
0.224229 3.925326 0.041571
0.224736 3.846790 0.041598
0.225242 3.913651 0.042854
0.225749 3.864349 0.042566
0.226256 3.854084 0.041575
0.226762 3.862314 0.041674
0.227269 3.931095 0.041221
0.227776 3.836535 0.040347
0.228282 3.947633 0.041493
0.228789 3.871466 0.041220
0.229296 3.891243 0.040767
0.229802 3.929861 0.039428
0.230309 3.875509 0.041277
0.230816 3.923306 0.039879
0.231322 3.831736 0.039912
0.231829 3.766643 0.039287
0.232335 3.906881 0.039959
0.232842 3.858391 0.039422
0.233349 3.914835 0.040188
0.233855 3.862439 0.038490
0.234362 3.854916 0.039944
0.234869 3.944352 0.039088
0.235375 3.887449 0.039424
0.235882 3.887619 0.038576
0.236389 3.892864 0.037844
0.236895 3.832238 0.039217
0.237402 3.832413 0.038853
0.237908 3.825360 0.039584
0.238415 3.804203 0.038334
0.238922 3.860101 0.038788
0.239428 3.798095 0.038882
0.239935 3.862656 0.038682
0.240442 3.897509 0.039705
0.240948 3.903969 0.038581
0.241455 3.825431 0.037209
0.241962 3.863336 0.037494
0.242468 3.844494 0.037987
0.242975 3.891206 0.037591
0.243481 3.792607 0.037682
0.243988 3.773271 0.037180
0.244495 3.828035 0.037487
0.245001 3.854326 0.037469
0.245508 3.856275 0.037695
0.246015 3.877307 0.037604
0.246521 3.797679 0.037199
0.247028 3.846014 0.036683
0.247534 3.839946 0.036489
0.248041 3.791200 0.036672
0.248548 3.775077 0.036934
0.249054 3.850125 0.037485
0.249561 3.807458 0.037466
0.250068 3.736147 0.035383
0.250574 3.755930 0.035947
0.251081 3.749397 0.035692
0.251587 3.875279 0.037383
0.252094 3.795158 0.037265
0.252601 3.757793 0.037882
0.253107 3.847882 0.036926
0.253614 3.843587 0.037037
0.254120 3.781283 0.036129
0.254627 3.766183 0.036196
0.255134 3.780693 0.036292
0.255640 3.820554 0.036370
0.256147 3.776406 0.036033
0.256654 3.809605 0.036303
0.257160 3.798870 0.036370
0.257667 3.746648 0.035326
0.258173 3.755513 0.035660
0.258680 3.763062 0.036083
0.259187 3.865731 0.034991
0.259693 3.859429 0.035214
0.260200 3.821284 0.035994
0.260706 3.763128 0.035283
0.261213 3.850203 0.034911
0.261720 3.835347 0.035616
0.262226 3.753597 0.034835
0.262733 3.813328 0.034234
0.263239 3.798161 0.036199
0.263746 3.742509 0.034830
0.264253 3.743245 0.033670
0.264759 3.799486 0.035021
0.265266 3.685721 0.034465
0.265772 3.838194 0.035293
0.266279 3.712865 0.034098
0.266786 3.801423 0.035131
0.267292 3.761832 0.035220
0.267799 3.767293 0.034213
0.268305 3.795752 0.034584
0.268812 3.736758 0.035266
0.269319 3.736326 0.034547
0.269825 3.781732 0.034582
0.270332 3.722706 0.033759
0.270838 3.744575 0.034770
0.271345 3.723009 0.033456
0.271852 3.697443 0.034108
0.272358 3.664622 0.033716
0.272865 3.714236 0.034298
0.273371 3.731179 0.033973
0.273878 3.730657 0.033619
0.274385 3.754111 0.034008
0.274891 3.756960 0.033767
0.275398 3.730384 0.034169
0.275904 3.679305 0.034016
0.276411 3.764365 0.033634
0.276917 3.718212 0.034300
0.277424 3.699928 0.033540
0.277931 3.770849 0.033294
0.278437 3.690603 0.033184
0.278944 3.734092 0.033343
0.279450 3.796251 0.034091
0.279957 3.687963 0.033369
0.280464 3.680421 0.032388
0.280970 3.725407 0.034114
0.281477 3.723800 0.033297
0.281983 3.750963 0.033567
0.282490 3.684613 0.033156
0.282996 3.709474 0.032831
0.283503 3.680048 0.033337
0.284010 3.708944 0.032759
0.284516 3.738564 0.032345
0.285023 3.716511 0.033191
0.285529 3.692003 0.032831
0.286036 3.676269 0.032830
0.286542 3.706407 0.032853
0.287049 3.692642 0.032918
0.287556 3.731878 0.033109
0.288062 3.638412 0.032586
0.288569 3.694898 0.033615
0.289075 3.694037 0.033077
0.289582 3.709340 0.032931
0.290088 3.686621 0.033130
0.290595 3.698774 0.033024
0.291102 3.696360 0.033290
0.291608 3.719448 0.033221
0.292115 3.653225 0.032423
0.292621 3.677803 0.033269
0.293128 3.694879 0.033132
0.293634 3.714341 0.033434
0.294141 3.645643 0.033151
0.294647 3.663592 0.032797
0.295154 3.631952 0.031904
0.295661 3.688165 0.032557
0.296167 3.743372 0.033381
0.296674 3.687246 0.033095
0.297180 3.673658 0.032930
0.297687 3.662831 0.033456
0.298193 3.684295 0.033158
0.298700 3.693981 0.033533
0.299206 3.622578 0.032593
0.299713 3.635459 0.032412
0.300220 3.646710 0.032778
0.300726 3.635472 0.032005
0.301233 3.651247 0.032958
0.301739 3.610115 0.031783
0.302246 3.648074 0.032870
0.302752 3.676903 0.032443
0.303259 3.603564 0.032239
0.303765 3.566844 0.031376
0.304272 3.606553 0.032377
0.304779 3.654239 0.032269
0.305285 3.642329 0.032029
0.305792 3.608133 0.032265
0.306298 3.620968 0.032490
0.306805 3.600450 0.032284
0.307311 3.675976 0.033181
0.307818 3.572106 0.032682
0.308324 3.589035 0.032439
0.308831 3.623907 0.032355
0.309337 3.609568 0.032526
0.309844 3.627886 0.033487
0.310350 3.614015 0.033217
0.310857 3.638268 0.032698
0.311364 3.607472 0.033993
0.311870 3.615470 0.033658
0.312377 3.603499 0.034139
0.312883 3.617983 0.033874
0.313390 3.626469 0.034396
0.313896 3.592431 0.034335
0.314403 3.585192 0.035007
0.314909 3.671958 0.034589
0.315416 3.586266 0.034969
0.315922 3.593482 0.034339
0.316429 3.584245 0.034556
0.316935 3.644297 0.035391
0.317442 3.599410 0.035022
0.317948 3.625171 0.035042
0.318455 3.625509 0.035742
0.318961 3.584531 0.034553
0.319468 3.688656 0.035535
0.319975 3.635653 0.035269
0.320481 3.645541 0.035522
0.320988 3.562033 0.035184
0.321494 3.551994 0.037432
0.322001 3.668304 0.036064
0.322507 3.668665 0.036094
0.323014 3.567068 0.035793
0.323520 3.659156 0.035270
0.324027 3.560912 0.034621
0.324533 3.608775 0.034603
0.325040 3.621665 0.035146
0.325546 3.615723 0.035289
0.326053 3.590754 0.036102
0.326559 3.544937 0.034080
0.327066 3.599346 0.035613
0.327572 3.576603 0.035587
0.328079 3.658916 0.036090
0.328585 3.604349 0.034750
0.329092 3.606240 0.035622
0.329598 3.551357 0.035813
0.330105 3.555267 0.035816
0.330611 3.646325 0.036285
0.331118 3.580893 0.036290
0.331624 3.544937 0.035380
0.332131 3.565887 0.035597
0.332637 3.631691 0.035842
0.333144 3.607626 0.036114
0.333650 3.560716 0.035502
0.334157 3.539978 0.035891
0.334663 3.584057 0.035752
0.335170 3.633304 0.036387
0.335676 3.500771 0.035696
0.336183 3.550708 0.035905
0.336689 3.614189 0.036883
0.337196 3.607275 0.036527
0.337702 3.634601 0.037094
0.338209 3.603712 0.036700
0.338715 3.612219 0.036010
0.339222 3.539770 0.035695
0.339728 3.602535 0.036417
0.340235 3.616029 0.037045
0.340741 3.584318 0.036947
0.341248 3.554306 0.035947
0.341754 3.617629 0.036294
0.342261 3.652704 0.036715
0.342767 3.561364 0.036570
0.343274 3.559926 0.035466
0.343780 3.598250 0.037052
0.344287 3.570773 0.037693
0.344793 3.487449 0.036892
0.345300 3.576484 0.037076
0.345806 3.546285 0.036303
0.346313 3.589070 0.036414
0.346819 3.488454 0.036951
0.347325 3.625207 0.037108
0.347832 3.616223 0.036365
0.348338 3.603027 0.037961
0.348845 3.575272 0.037383
0.349351 3.601948 0.036732
0.349858 3.488475 0.036321
0.350364 3.614204 0.037226
0.350871 3.569111 0.037644
0.351377 3.550669 0.036256
0.351884 3.596466 0.036954
0.352390 3.555669 0.037456
0.352897 3.506129 0.035859
0.353403 3.550040 0.037591
0.353910 3.515944 0.036682
0.354416 3.518134 0.036400
0.354923 3.485016 0.035323
0.355429 3.545602 0.035062
0.355935 3.490283 0.035280
0.356442 3.570650 0.036059
0.356948 3.530609 0.035453
0.357455 3.607788 0.034706
0.357961 3.526086 0.035975
0.358468 3.535039 0.035207
0.358974 3.496092 0.034926
0.359481 3.559020 0.036108
0.359987 3.544803 0.035456
0.360494 3.551829 0.035381
0.361000 3.523932 0.034651
0.361506 3.442625 0.035079
0.362013 3.450098 0.034135
0.362519 3.507036 0.035978
0.363026 3.534653 0.035967
0.363532 3.489767 0.034709
0.364039 3.474233 0.035772
0.364545 3.539212 0.035535
0.365052 3.548713 0.035855
0.365558 3.529285 0.035543
0.366064 3.521098 0.035654
0.366571 3.492906 0.036412
0.367077 3.488577 0.035939
0.367584 3.519601 0.035582
0.368090 3.502924 0.035886
0.368597 3.480487 0.035321
0.369103 3.542533 0.036777
0.369610 3.434728 0.036069
0.370116 3.458599 0.037030
0.370622 3.425448 0.036672
0.371129 3.464855 0.037561
0.371635 3.529341 0.037581
0.372142 3.405826 0.038346
0.372648 3.455729 0.038265
0.373155 3.519846 0.038230
0.373661 3.518463 0.037291
0.374167 3.463827 0.038077
0.374674 3.554486 0.039672
0.375180 3.485247 0.038214
0.375687 3.579003 0.038698
0.376193 3.509714 0.039687
0.376700 3.470321 0.038492
0.377206 3.503241 0.038384
0.377712 3.589500 0.039536
0.378219 3.464982 0.037638
0.378725 3.522981 0.039594
0.379232 3.469420 0.039309
0.379738 3.474963 0.040206
0.380245 3.533664 0.039585
0.380751 3.472369 0.039992
0.381257 3.405640 0.039309
0.381764 3.482708 0.039664
0.382270 3.452625 0.039960
0.382777 3.509764 0.040671
0.383283 3.511614 0.039744
0.383789 3.439546 0.039137
0.384296 3.523416 0.041280
0.384802 3.509926 0.041538
0.385309 3.443374 0.042094
0.385815 3.372909 0.041524
0.386321 3.481875 0.042163
0.386828 3.497051 0.041932
0.387334 3.515784 0.042646
0.387841 3.499706 0.041875
0.388347 3.429295 0.042433
0.388853 3.432574 0.043649
0.389360 3.401466 0.043242
0.389866 3.498153 0.043571
0.390373 3.494127 0.043543
0.390879 3.490252 0.043153
0.391385 3.501317 0.043507
0.391892 3.427892 0.042814
0.392398 3.304578 0.044361
0.392905 3.360938 0.044744
0.393411 3.436836 0.043804
0.393917 3.415737 0.043199
0.394424 3.393938 0.050697
0.394930 3.490073 0.044543
0.395437 3.398535 0.045673
0.395943 3.493984 0.044580
0.396449 3.456192 0.044915
0.396956 3.438642 0.046788
0.397462 3.385909 0.046352
0.397969 3.422437 0.046172
0.398475 3.417877 0.047385
0.398981 3.400305 0.047181
0.399488 3.377935 0.046595
0.399994 3.402946 0.046481
0.400500 3.444351 0.047451
0.401007 3.455459 0.047988
0.401513 3.347498 0.047468
0.402020 3.302549 0.046258
0.402526 3.387180 0.048789
0.403032 3.370630 0.048549
0.403539 3.379939 0.048592
0.404045 3.431227 0.046660
0.404551 3.499970 0.049042
0.405058 3.432377 0.050110
0.405564 3.488422 0.046628
0.406071 3.371550 0.049104
0.406577 3.351616 0.050291
0.407083 3.460124 0.047923
0.407590 3.321571 0.050141
0.408096 3.459776 0.052293
0.408602 3.320932 0.049401
0.409109 3.390611 0.049729
0.409615 3.439071 0.050090
0.410121 3.436234 0.050723
0.410628 3.455779 0.050784
0.411134 3.370856 0.049156
0.411641 3.386342 0.050945
0.412147 3.409659 0.050577
0.412653 3.238138 0.049913
0.413160 3.358666 0.050810
0.413666 3.348522 0.051268
0.414172 3.353064 0.052417
0.414679 3.327773 0.050408
0.415185 3.328819 0.051424
0.415691 3.295931 0.051476
0.416198 3.417951 0.052181
0.416704 3.286608 0.050262
0.417210 3.302351 0.054694
0.417717 3.327349 0.051440
0.418223 3.349904 0.053085
0.418729 3.384356 0.052544
0.419236 3.459088 0.053484
0.419742 3.406888 0.051311
0.420248 3.429819 0.051622
0.420755 3.249172 0.054629
0.421261 3.348549 0.054075
0.421767 3.359904 0.051175
0.422274 3.283027 0.054171
0.422780 3.369884 0.056075
0.423286 3.312186 0.054016
0.423793 3.348618 0.055485
0.424299 3.341451 0.054973
0.424805 3.297463 0.054168
0.425312 3.323246 0.053801
0.425818 3.241066 0.052737
0.426324 3.345283 0.056917
0.426831 3.287290 0.057765
0.427337 3.319294 0.055213
0.427843 3.304416 0.058296
0.428350 3.347127 0.060908
0.428856 3.351481 0.056702
0.429362 3.401529 0.057249
0.429869 3.395008 0.059595
0.430375 3.280195 0.059316
0.430881 3.276007 0.058746
0.431388 3.283924 0.061278
0.431894 3.334693 0.059639
0.432400 3.412642 0.062995
0.432907 3.413853 0.060018
0.433413 3.322047 0.058216
0.433919 3.252690 0.060374
0.434425 3.337923 0.061301
0.434932 3.353868 0.063682
0.435438 3.335607 0.065551
0.435944 3.365829 0.065832
0.436451 3.322002 0.064902
0.436957 3.184897 0.066925
0.437463 3.342705 0.067767
0.437970 3.443776 0.063652
0.438476 3.297592 0.066746
0.438982 3.312134 0.070392
0.439488 3.315557 0.069895
0.439995 3.328666 0.070217
