0.009882 111.167069 25.579867
0.010389 73.958628 13.750053
0.010896 70.692618 13.469796
0.011402 58.254828 10.728071
0.011909 33.614212 5.920091
0.012416 39.848713 5.993574
0.012923 27.849489 3.925606
0.013430 22.780976 3.605124
0.013936 21.269386 2.409034
0.014443 18.495872 1.751133
0.014950 16.328262 0.968574
0.015457 15.630278 0.918581
0.015963 14.768892 0.664357
0.016470 13.086554 0.567711
0.016977 12.731567 0.422395
0.017484 12.032572 0.405445
0.017990 11.228993 0.280182
0.018497 10.539741 0.229771
0.019004 10.038415 0.244243
0.019511 9.491365 0.202850
0.020018 9.147078 0.188675
0.020524 8.485966 0.186048
0.021031 8.117545 0.180135
0.021538 7.784524 0.158225
0.022045 7.652773 0.172562
0.022551 7.594649 0.167796
0.023058 7.568335 0.167882
0.023565 7.077790 0.168023
0.024072 7.198301 0.140702
0.024579 6.631732 0.134238
0.025085 6.809028 0.144202
0.025592 6.741313 0.137340
0.026099 6.795817 0.136833
0.026606 6.579399 0.131675
0.027112 6.321697 0.119452
0.027619 6.484451 0.123731
0.028126 6.439911 0.120692
0.028633 5.969955 0.116343
0.029139 6.114354 0.116650
0.029646 6.156807 0.112908
0.030153 5.880640 0.115864
0.030660 5.790705 0.107273
0.031167 5.963265 0.112216
0.031673 5.757985 0.110546
0.032180 5.542559 0.101916
0.032687 5.846704 0.107784
0.033194 5.706699 0.098825
0.033700 5.814706 0.109299
0.034207 5.628555 0.106266
0.034714 5.647211 0.099229
0.035221 5.607674 0.096847
0.035727 5.366334 0.095902
0.036234 5.386841 0.097040
0.036741 5.349317 0.096926
0.037248 5.340318 0.096462
0.037755 5.307854 0.092834
0.038261 5.229886 0.092688
0.038768 5.368731 0.090861
0.039275 5.146372 0.090003
0.039782 5.142713 0.089838
0.040288 5.160322 0.086465
0.040795 5.062922 0.090550
0.041302 5.201276 0.093944
0.041809 5.046141 0.083385
0.042315 5.092218 0.088380
0.042822 5.121663 0.092673
0.043329 5.115925 0.085278
0.043836 5.143660 0.087032
0.044343 5.152625 0.080630
0.044849 5.119278 0.082830
0.045356 4.854904 0.082631
0.045863 4.996261 0.081264
0.046370 4.973530 0.082045
0.046876 4.909870 0.082476
0.047383 4.983167 0.083965
0.047890 4.929569 0.077069
0.048397 4.940860 0.079723
0.048903 4.873545 0.078824
0.049410 4.936394 0.080112
0.049917 4.922695 0.078847
0.050424 4.928164 0.078866
0.050931 4.940519 0.078878
0.051437 4.800251 0.073349
0.051944 4.811311 0.075530
0.052451 4.939665 0.076603
0.052958 4.760607 0.070865
0.053464 4.772838 0.071256
0.053971 4.830993 0.073917
0.054478 4.829984 0.071678
0.054985 4.621920 0.069152
0.055491 4.716302 0.074217
0.055998 4.658516 0.068891
0.056505 4.790399 0.068891
0.057012 4.766123 0.070345
0.057519 4.788490 0.071540
0.058025 4.696355 0.069092
0.058532 4.830923 0.067807
0.059039 4.543528 0.066209
0.059546 4.814709 0.070444
0.060052 4.695433 0.065626
0.060559 4.738525 0.068096
0.061066 4.711257 0.067889
0.061573 4.630630 0.066678
0.062079 4.539435 0.062255
0.062586 4.624589 0.066771
0.063093 4.635939 0.064378
0.063600 4.675520 0.065078
0.064106 4.748400 0.067205
0.064613 4.611231 0.063529
0.065120 4.610625 0.065741
0.065627 4.610767 0.062716
0.066134 4.608801 0.062978
0.066640 4.548614 0.065756
0.067147 4.555064 0.061866
0.067654 4.705810 0.063809
0.068161 4.730938 0.062541
0.068667 4.623710 0.058601
0.069174 4.567424 0.061381
0.069681 4.566566 0.060799
0.070188 4.491051 0.060385
0.070694 4.579258 0.060276
0.071201 4.573778 0.061724
0.071708 4.515948 0.060587
0.072215 4.535454 0.062958
0.072721 4.579532 0.062199
0.073228 4.590758 0.059174
0.073735 4.576841 0.059483
0.074242 4.543803 0.061355
0.074748 4.602291 0.060514
0.075255 4.492212 0.061045
0.075762 4.550933 0.059099
0.076269 4.519767 0.059159
0.076776 4.564720 0.058480
0.077282 4.423396 0.056538
0.077789 4.538524 0.056811
0.078296 4.586453 0.058690
0.078803 4.544182 0.055917
0.079309 4.477389 0.056383
0.079816 4.665464 0.059469
0.080323 4.466013 0.058786
0.080830 4.484830 0.056631
0.081336 4.515056 0.058212
0.081843 4.586983 0.062338
0.082350 4.462587 0.058931
0.082857 4.490973 0.059877
0.083363 4.509200 0.058591
0.083870 4.556973 0.058804
0.084377 4.540381 0.060004
0.084884 4.493227 0.059349
0.085390 4.502451 0.057304
0.085897 4.426480 0.058450
0.086404 4.448821 0.058056
0.086911 4.496094 0.059429
0.087417 4.523179 0.058991
0.087924 4.521136 0.056430
0.088431 4.521116 0.061842
0.088938 4.489160 0.059903
0.089444 4.433050 0.056838
0.089951 4.282519 0.058514
0.090458 4.496342 0.058096
0.090965 4.433853 0.058219
0.091471 4.312885 0.054515
0.091978 4.458941 0.057994
0.092485 4.386561 0.057206
0.092992 4.338368 0.055791
0.093498 4.346784 0.057127
0.094005 4.259369 0.057255
0.094512 4.398310 0.059577
0.095019 4.414487 0.057964
0.095525 4.304316 0.057589
0.096032 4.469178 0.057813
0.096539 4.484115 0.059402
0.097046 4.367877 0.056606
0.097552 4.342026 0.056516
0.098059 4.571531 0.058619
0.098566 4.466182 0.056437
0.099073 4.359832 0.057123
0.099579 4.422316 0.056590
0.100086 4.373721 0.057059
0.100593 4.335532 0.057590
0.101100 4.281546 0.054063
0.101606 4.297055 0.054824
0.102113 4.352727 0.053151
0.102620 4.344018 0.056517
0.103127 4.352324 0.056097
0.103633 4.423975 0.058440
0.104140 4.317944 0.059561
0.104647 4.458721 0.057876
0.105154 4.285441 0.056481
0.105660 4.401446 0.055672
0.106167 4.358005 0.054771
0.106674 4.405060 0.056914
0.107181 4.302991 0.053464
0.107687 4.245227 0.055029
0.108194 4.279329 0.054725
0.108701 4.354855 0.054622
0.109208 4.385005 0.054252
0.109714 4.325783 0.054463
0.110221 4.297030 0.052721
0.110728 4.336049 0.053081
0.111235 4.445194 0.051859
0.111741 4.463498 0.055248
0.112248 4.303489 0.053042
0.112755 4.411435 0.051751
0.113262 4.236994 0.050801
0.113768 4.185684 0.051210
0.114275 4.287709 0.050373
0.114782 4.326238 0.050536
0.115289 4.377331 0.051586
0.115795 4.266006 0.050798
0.116302 4.249974 0.051206
0.116809 4.296637 0.048873
0.117316 4.278829 0.049537
0.117822 4.225078 0.048389
0.118329 4.244501 0.049284
0.118836 4.282344 0.048408
0.119342 4.298564 0.049760
0.119849 4.208988 0.048120
0.120356 4.122223 0.048709
0.120863 4.228345 0.049101
0.121369 4.185528 0.048091
0.121876 4.243976 0.048763
0.122383 4.250429 0.049326
0.122890 4.194487 0.048698
0.123396 4.264617 0.049034
0.123903 4.281936 0.049048
0.124410 4.238120 0.047028
0.124917 4.216118 0.047282
0.125423 4.164242 0.047087
0.125930 4.266148 0.048373
0.126437 4.126312 0.046981
0.126944 4.230387 0.046318
0.127450 4.182215 0.046017
0.127957 4.231228 0.045879
0.128464 4.204341 0.045384
0.128970 4.164458 0.046874
0.129477 4.269107 0.045453
0.129984 4.225992 0.044051
0.130491 4.235048 0.045402
0.130997 4.162631 0.045895
0.131504 4.170032 0.044507
0.132011 4.088464 0.043018
0.132518 4.234888 0.045398
0.133024 4.317805 0.046751
0.133531 4.226107 0.043779
0.134038 4.151881 0.043390
0.134545 4.207596 0.044660
0.135051 4.140730 0.043754
0.135558 4.091179 0.044637
0.136065 4.253994 0.042982
0.136571 4.118902 0.043385
0.137078 4.102156 0.043315
0.137585 4.150396 0.043432
0.138092 4.276432 0.043851
0.138598 4.164054 0.043298
0.139105 4.200219 0.043586
0.139612 4.267906 0.042698
0.140119 4.205832 0.042271
0.140625 4.149771 0.044265
0.141132 4.161556 0.043270
0.141639 4.099549 0.043069
0.142145 4.167274 0.042172
0.142652 4.136569 0.041814
0.143159 4.140503 0.042557
0.143666 4.105941 0.041421
0.144172 4.114477 0.041758
0.144679 4.157662 0.041101
0.145186 4.139065 0.041381
0.145692 4.098347 0.040920
0.146199 4.155638 0.042154
0.146706 4.105917 0.041975
0.147213 4.140288 0.040083
0.147719 4.153516 0.040510
0.148226 4.124358 0.041174
0.148733 4.203270 0.042712
0.149240 4.161359 0.040805
0.149746 4.164548 0.041833
0.150253 4.095261 0.040650
0.150760 4.144383 0.041107
0.151266 4.162197 0.040591
0.151773 4.108651 0.040835
0.152280 4.088638 0.039534
0.152787 4.147849 0.041150
0.153293 4.198181 0.040161
0.153800 4.075885 0.040521
0.154307 4.089262 0.039966
0.154813 4.138079 0.041238
0.155320 4.129267 0.041524
0.155827 4.111396 0.040572
0.156334 4.055660 0.039837
0.156840 4.114204 0.040684
0.157347 4.093727 0.040096
0.157854 4.133575 0.039290
0.158360 4.063216 0.039893
0.158867 4.035117 0.038261
0.159374 4.107616 0.038396
0.159881 4.038408 0.040552
0.160387 4.027895 0.039454
0.160894 4.058581 0.038707
0.161401 4.060910 0.038681
0.161907 4.081164 0.039400
0.162414 4.044094 0.038779
0.162921 4.026117 0.038236
0.163427 4.064499 0.039267
0.163934 4.054905 0.038077
0.164441 4.057601 0.038608
0.164948 4.045347 0.039044
0.165454 4.039806 0.037898
0.165961 4.025987 0.038244
0.166468 4.064563 0.037872
0.166974 4.008038 0.038303
0.167481 4.026934 0.039326
0.167988 4.050351 0.038020
0.168495 4.016018 0.038572
0.169001 4.016244 0.038535
0.169508 4.018055 0.038441
0.170015 4.042762 0.038999
0.170521 4.134835 0.038955
0.171028 3.959267 0.038752
0.171535 4.036362 0.039514
0.172041 3.981381 0.039120
0.172548 4.020131 0.038774
0.173055 4.005805 0.038324
0.173562 4.076003 0.040151
0.174068 4.020433 0.038332
0.174575 4.044862 0.039531
0.175082 4.081780 0.038900
0.175588 4.084593 0.039027
0.176095 4.022297 0.038293
0.176602 4.002512 0.038955
0.177108 4.064182 0.039408
0.177615 3.993633 0.038748
0.178122 4.144035 0.039112
0.178629 4.005348 0.038341
0.179135 3.989399 0.038849
0.179642 4.059624 0.038621
0.180149 4.063151 0.039284
0.180655 3.993512 0.038862
0.181162 4.024673 0.039550
0.181669 4.019584 0.039454
0.182175 3.980817 0.039516
0.182682 4.007250 0.039730
0.183189 4.051501 0.039965
0.183695 4.069874 0.040243
0.184202 3.989288 0.039810
0.184709 4.053027 0.040586
0.185216 4.079098 0.041427
0.185722 4.028571 0.041007
0.186229 3.930367 0.039232
0.186736 4.019604 0.041810
0.187242 4.037105 0.040271
0.187749 4.005481 0.041692
0.188256 4.032717 0.041399
0.188762 3.993381 0.041246
0.189269 3.956989 0.041033
0.189776 3.986113 0.041547
0.190282 4.090510 0.041240
0.190789 4.042587 0.042030
0.191296 4.062021 0.041045
0.191802 4.006166 0.041497
0.192309 4.119935 0.041736
0.192816 4.099304 0.042256
0.193323 4.039645 0.042858
0.193829 3.976334 0.042385
0.194336 3.954928 0.041779
0.194843 3.984123 0.041913
0.195349 3.996826 0.042392
0.195856 3.951207 0.041719
0.196363 4.004617 0.041863
0.196869 3.963401 0.041799
0.197376 4.015571 0.042538
0.197883 3.966904 0.041603
0.198389 4.000611 0.042689
0.198896 3.971348 0.042316
0.199403 3.982988 0.041899
0.199909 4.012645 0.044037
0.200416 3.950989 0.042097
0.200923 3.985961 0.041705
0.201429 3.990201 0.042392
0.201936 4.012832 0.044199
0.202443 3.926396 0.042750
0.202949 3.919411 0.042183
0.203456 4.062626 0.043442
0.203963 3.999401 0.043192
0.204469 3.996273 0.042826
0.204976 4.065182 0.042013
0.205483 3.997625 0.042615
0.205989 4.038301 0.042774
0.206496 4.028530 0.042147
0.207003 3.989348 0.042288
0.207509 3.918708 0.042254
0.208016 3.982984 0.043387
0.208523 3.963721 0.041537
0.209029 4.030838 0.042852
0.209536 3.986570 0.042931
0.210043 3.948565 0.042733
0.210549 3.928755 0.042243
0.211056 3.982231 0.043311
0.211563 4.026058 0.041247
0.212069 3.888436 0.042306
0.212576 3.962352 0.042756
0.213083 3.942008 0.042745
0.213589 3.911669 0.042411
0.214096 3.909634 0.041813
0.214603 3.948375 0.042143
0.215109 3.918479 0.041785
0.215616 3.969775 0.042346
0.216123 3.929702 0.043244
0.216629 3.976097 0.042608
0.217136 3.894913 0.042987
0.217643 3.919733 0.042283
0.218149 3.933623 0.042609
0.218656 3.944341 0.042386
0.219163 3.886887 0.041345
0.219669 3.931329 0.043228
0.220176 3.923786 0.042315
0.220683 3.976931 0.042529
0.221189 3.938767 0.041827
0.221696 3.866148 0.040924
0.222203 3.874725 0.040332
0.222709 3.897746 0.040762
0.223216 3.860518 0.042099
0.223722 3.900246 0.040780
0.224229 3.838836 0.040493
0.224736 3.880477 0.041742
0.225242 3.873518 0.042321
0.225749 3.903227 0.043158
0.226256 3.848401 0.040713
0.226762 3.848948 0.040566
0.227269 3.809123 0.040055
0.227776 3.861164 0.040410
0.228282 3.858438 0.041466
0.228789 3.852246 0.040688
0.229296 3.822180 0.039573
0.229802 3.854909 0.040618
0.230309 3.860856 0.040041
0.230816 3.905125 0.039850
0.231322 3.847629 0.039841
0.231829 3.865452 0.041431
0.232335 3.846391 0.040315
0.232842 3.805214 0.038297
0.233349 3.889372 0.039362
0.233855 3.886993 0.039006
0.234362 3.898398 0.040146
0.234869 3.846780 0.038198
0.235375 3.883355 0.038966
0.235882 3.857460 0.039516
0.236389 3.936002 0.040112
0.236895 3.811951 0.037849
0.237402 3.865431 0.038669
0.237908 3.854473 0.039045
0.238415 3.889028 0.038257
0.238922 3.877955 0.038698
0.239428 3.786207 0.038080
0.239935 3.848181 0.039762
0.240442 3.938976 0.039097
0.240948 3.885954 0.039907
0.241455 3.880291 0.037615
0.241962 3.877256 0.038327
0.242468 3.892924 0.038434
0.242975 3.874959 0.037769
0.243481 3.901488 0.038265
0.243988 3.833969 0.037602
0.244495 3.850885 0.038041
0.245001 3.846764 0.036888
0.245508 3.805238 0.037349
0.246015 3.756764 0.038468
0.246521 3.822729 0.037192
0.247028 3.800072 0.037110
0.247534 3.851425 0.037434
0.248041 3.760374 0.037295
0.248548 3.826830 0.037588
0.249054 3.830275 0.037729
0.249561 3.798681 0.036782
0.250068 3.811229 0.037237
0.250574 3.792246 0.036120
0.251081 3.787251 0.036717
0.251587 3.764215 0.036895
0.252094 3.766022 0.036301
0.252601 3.817537 0.037514
0.253107 3.781619 0.036294
0.253614 3.793664 0.036190
0.254120 3.816886 0.036242
0.254627 3.806482 0.036667
0.255134 3.780693 0.036578
0.255640 3.827204 0.035869
0.256147 3.805644 0.036077
0.256654 3.777627 0.035453
0.257160 3.802989 0.035183
0.257667 3.787429 0.035748
0.258173 3.797877 0.036067
0.258680 3.838874 0.037121
0.259187 3.810482 0.035427
0.259693 3.841354 0.035504
0.260200 3.839146 0.035270
0.260706 3.828869 0.034879
0.261213 3.788527 0.034714
0.261720 3.756859 0.035238
0.262226 3.780714 0.034894
0.262733 3.802397 0.035144
0.263239 3.708137 0.034527
0.263746 3.764591 0.034636
0.264253 3.758887 0.034420
0.264759 3.791188 0.034943
0.265266 3.804679 0.034797
0.265772 3.801796 0.035190
0.266279 3.788718 0.035109
0.266786 3.794639 0.034928
0.267292 3.797352 0.035069
0.267799 3.797136 0.033815
0.268305 3.787939 0.035093
0.268812 3.770465 0.034782
0.269319 3.779291 0.034788
0.269825 3.743516 0.033976
0.270332 3.790631 0.035440
0.270838 3.784842 0.034931
0.271345 3.717987 0.033750
0.271852 3.782438 0.034074
0.272358 3.756489 0.034519
0.272865 3.712984 0.033552
0.273371 3.808494 0.034627
0.273878 3.736888 0.034042
0.274385 3.759745 0.033782
0.274891 3.711721 0.033179
0.275398 3.730916 0.033820
0.275904 3.764080 0.034384
0.276411 3.726125 0.033197
0.276917 3.647226 0.033063
0.277424 3.746296 0.033070
0.277931 3.742078 0.033655
0.278437 3.702758 0.032920
0.278944 3.750411 0.032386
0.279450 3.686462 0.033180
0.279957 3.691393 0.033037
0.280464 3.739052 0.032965
0.280970 3.730837 0.032830
0.281477 3.752927 0.033751
0.281983 3.723460 0.033161
0.282490 3.719661 0.033244
0.282996 3.702469 0.033660
0.283503 3.689951 0.032334
0.284010 3.758618 0.034040
0.284516 3.733378 0.032781
0.285023 3.709961 0.032488
0.285529 3.702364 0.033448
0.286036 3.682528 0.032674
0.286542 3.664240 0.032353
0.287049 3.637425 0.032481
0.287556 3.716664 0.032602
0.288062 3.694967 0.033449
0.288569 3.627855 0.032171
0.289075 3.719636 0.032586
0.289582 3.693795 0.032598
0.290088 3.698368 0.032913
0.290595 3.682620 0.032429
0.291102 3.636746 0.032930
0.291608 3.684108 0.033359
0.292115 3.704492 0.032896
0.292621 3.705964 0.032444
0.293128 3.663805 0.033173
0.293634 3.641915 0.032728
0.294141 3.691361 0.032790
0.294647 3.714525 0.033169
0.295154 3.615962 0.033645
0.295661 3.685463 0.033382
0.296167 3.638255 0.032991
0.296674 3.629032 0.033046
0.297180 3.677880 0.033357
0.297687 3.578365 0.032574
0.298193 3.664509 0.032923
0.298700 3.612877 0.032139
0.299206 3.690453 0.033250
0.299713 3.643792 0.032651
0.300220 3.611400 0.032391
0.300726 3.573012 0.033276
0.301233 3.653324 0.032261
0.301739 3.639083 0.032965
0.302246 3.699835 0.033337
0.302752 3.648574 0.031988
0.303259 3.619329 0.032842
0.303765 3.667337 0.031790
0.304272 3.661002 0.032586
0.304779 3.605413 0.032622
0.305285 3.628024 0.032273
0.305792 3.552962 0.032644
0.306298 3.631016 0.032742
0.306805 3.655908 0.031720
0.307311 3.615358 0.031895
0.307818 3.700424 0.032315
0.308324 3.649652 0.032362
0.308831 3.587282 0.031774
0.309337 3.601379 0.032501
0.309844 3.633055 0.033287
0.310350 3.608419 0.033423
0.310857 3.582399 0.032445
0.311364 3.608111 0.033557
0.311870 3.656090 0.033409
0.312377 3.651898 0.034246
0.312883 3.624839 0.034102
0.313390 3.676943 0.034823
0.313896 3.648319 0.035163
0.314403 3.600605 0.034098
0.314909 3.646987 0.034880
0.315416 3.600046 0.034706
0.315922 3.678102 0.035677
0.316429 3.557863 0.034734
0.316935 3.587110 0.034626
0.317442 3.582233 0.034617
0.317948 3.597023 0.035514
0.318455 3.662377 0.036305
0.318961 3.595891 0.034650
0.319468 3.595099 0.035282
0.319975 3.613529 0.035641
0.320481 3.610563 0.035847
0.320988 3.583790 0.035312
0.321494 3.641101 0.035820
0.322001 3.642998 0.036222
0.322507 3.604660 0.036390
0.323014 3.620595 0.034657
0.323520 3.668409 0.036101
0.324027 3.602318 0.035260
0.324533 3.598875 0.035602
0.325040 3.607577 0.034645
0.325546 3.616214 0.035657
0.326053 3.612792 0.035254
0.326559 3.624100 0.034581
0.327066 3.638350 0.035721
0.327572 3.613704 0.035485
0.328079 3.610245 0.035414
0.328585 3.566655 0.035618
0.329092 3.649995 0.036465
0.329598 3.576799 0.035742
0.330105 3.536597 0.035746
0.330611 3.642381 0.034922
0.331118 3.546831 0.036021
0.331624 3.625951 0.035779
0.332131 3.581387 0.035636
0.332637 3.659101 0.036977
0.333144 3.636732 0.035716
0.333650 3.601300 0.036584
0.334157 3.562129 0.035918
0.334663 3.607998 0.035618
0.335170 3.642548 0.036081
0.335676 3.583108 0.036788
0.336183 3.629308 0.036335
0.336689 3.624719 0.036191
0.337196 3.537068 0.035916
0.337702 3.596837 0.036746
0.338209 3.612426 0.035961
0.338715 3.515477 0.035918
0.339222 3.654281 0.036687
0.339728 3.578658 0.036400
0.340235 3.620594 0.036127
0.340741 3.560176 0.036347
0.341248 3.612758 0.035883
0.341754 3.562863 0.037179
0.342261 3.542391 0.036093
0.342767 3.519992 0.034988
0.343274 3.521214 0.036335
0.343780 3.525005 0.035811
0.344287 3.606530 0.037008
0.344793 3.561241 0.036403
0.345300 3.560047 0.037373
0.345806 3.517866 0.036239
0.346313 3.575679 0.036165
0.346819 3.635211 0.036454
0.347325 3.553888 0.037318
0.347832 3.556056 0.036791
0.348338 3.585697 0.037086
0.348845 3.535458 0.037497
0.349351 3.588769 0.036711
0.349858 3.584150 0.036443
0.350364 3.508581 0.036187
0.350871 3.580521 0.036682
0.351377 3.596787 0.037119
0.351884 3.573125 0.036835
0.352390 3.570897 0.037404
0.352897 3.589284 0.036980
0.353403 3.534224 0.037273
0.353910 3.580132 0.036968
0.354416 3.571682 0.036768
0.354923 3.529046 0.036498
0.355429 3.583673 0.035719
0.355935 3.527895 0.035389
0.356442 3.516463 0.035079
0.356948 3.569721 0.034875
0.357455 3.521282 0.035566
0.357961 3.552546 0.035105
0.358468 3.571778 0.034256
0.358974 3.479870 0.034434
0.359481 3.506134 0.034642
0.359987 3.458956 0.035382
0.360494 3.605127 0.035642
0.361000 3.565029 0.035452
0.361506 3.515485 0.033913
0.362013 3.545461 0.035280
0.362519 3.513768 0.036410
0.363026 3.579294 0.036257
0.363532 3.521914 0.035150
0.364039 3.556794 0.037035
0.364545 3.510283 0.035872
0.365052 3.563594 0.036458
0.365558 3.570033 0.036300
0.366064 3.555484 0.035460
0.366571 3.541914 0.035444
0.367077 3.463276 0.036464
0.367584 3.489967 0.035695
0.368090 3.469465 0.036160
0.368597 3.464797 0.036732
0.369103 3.473696 0.036273
0.369610 3.507470 0.037247
0.370116 3.482826 0.037080
0.370622 3.543864 0.037193
0.371129 3.459320 0.038406
0.371635 3.484306 0.037497
0.372142 3.438428 0.037916
0.372648 3.502654 0.037432
0.373155 3.522298 0.037719
0.373661 3.561642 0.037736
0.374167 3.460085 0.037531
0.374674 3.543428 0.038552
0.375180 3.489196 0.038592
0.375687 3.439028 0.037820
0.376193 3.514965 0.039755
0.376700 3.497645 0.038911
0.377206 3.457885 0.038502
0.377712 3.458741 0.038373
0.378219 3.494624 0.038458
0.378725 3.495961 0.039576
0.379232 3.489334 0.039177
0.379738 3.503325 0.039534
0.380245 3.513966 0.040604
0.380751 3.543072 0.039964
0.381257 3.499377 0.039955
0.381764 3.553793 0.040500
0.382270 3.458070 0.039866
0.382777 3.426397 0.040430
0.383283 3.430343 0.040961
0.383789 3.427789 0.040487
0.384296 3.526144 0.040648
0.384802 3.417851 0.041064
0.385309 3.367723 0.041071
0.385815 3.471875 0.040894
0.386321 3.429950 0.042386
0.386828 3.477006 0.042222
0.387334 3.529959 0.042568
0.387841 3.417126 0.042588
0.388347 3.405381 0.041983
0.388853 3.452632 0.041530
0.389360 3.497528 0.043746
0.389866 3.461077 0.042725
0.390373 3.504698 0.042801
0.390879 3.459060 0.042809
0.391385 3.467111 0.043092
0.391892 3.454988 0.043825
0.392398 3.505896 0.044608
0.392905 3.483878 0.044907
0.393411 3.436250 0.043426
0.393917 3.442478 0.044202
0.394424 3.437081 0.055294
0.394930 3.372275 0.043762
0.395437 3.455044 0.044345
0.395943 3.389116 0.043983
0.396449 3.406906 0.045407
0.396956 3.425078 0.045748
0.397462 3.364147 0.044998
0.397969 3.393180 0.045845
0.398475 3.445251 0.047262
0.398981 3.385039 0.045961
0.399488 3.373346 0.047707
0.399994 3.388915 0.047483
0.400500 3.379086 0.046222
0.401007 3.364672 0.048012
0.401513 3.481398 0.049282
0.402020 3.388612 0.046770
0.402526 3.515092 0.048283
0.403032 3.500459 0.048284
0.403539 3.401409 0.049502
0.404045 3.370730 0.050102
0.404551 3.463098 0.049424
0.405058 3.445243 0.049551
0.405564 3.389430 0.048907
0.406071 3.324027 0.047464
0.406577 3.409363 0.050133
0.407083 3.468851 0.049097
0.407590 3.382727 0.048914
0.408096 3.430894 0.050933
0.408602 3.303733 0.050445
0.409109 3.469306 0.050699
0.409615 3.353679 0.050190
0.410121 3.419265 0.050863
0.410628 3.378112 0.050671
0.411134 3.444363 0.051035
0.411641 3.433990 0.051482
0.412147 3.383987 0.049974
0.412653 3.395835 0.050348
0.413160 3.378270 0.050245
0.413666 3.378525 0.051487
0.414172 3.349923 0.049293
0.414679 3.339424 0.051237
0.415185 3.285979 0.052399
0.415691 3.374924 0.053861
0.416198 3.279332 0.052560
0.416704 3.239576 0.051986
0.417210 3.313195 0.053247
0.417717 3.373300 0.053351
0.418223 3.353149 0.051877
0.418729 3.286790 0.054060
0.419236 3.315493 0.052965
0.419742 3.346171 0.052806
0.420248 3.403937 0.055647
0.420755 3.457531 0.055314
0.421261 3.322190 0.053938
0.421767 3.351429 0.051446
0.422274 3.295382 0.052153
0.422780 3.326770 0.055068
0.423286 3.289788 0.053635
0.423793 3.404005 0.051765
0.424299 3.308573 0.056385
0.424805 3.337479 0.055372
0.425312 3.421451 0.054056
0.425818 3.421644 0.054823
0.426324 3.448911 0.057555
0.426831 3.375598 0.059015
0.427337 3.350659 0.055870
0.427843 3.377961 0.059046
0.428350 3.413085 0.061304
0.428856 3.471727 0.060491
0.429362 3.399459 0.059520
0.429869 3.265555 0.058496
0.430375 3.338987 0.059881
0.430881 3.335007 0.056936
0.431388 3.278655 0.063622
0.431894 3.323021 0.060547
0.432400 3.374609 0.060952
0.432907 3.293989 0.060157
0.433413 3.280582 0.062988
0.433919 3.278178 0.062258
0.434425 3.352331 0.059539
0.434932 3.285800 0.063844
0.435438 3.296760 0.063492
0.435944 3.378694 0.063646
0.436451 3.293586 0.064985
0.436957 3.255312 0.065647
0.437463 3.371569 0.067447
0.437970 3.393333 0.070313
0.438476 3.306012 0.069530
0.438982 3.242649 0.068709
0.439488 3.360956 0.068242
0.439995 3.209522 0.068920
