0.009882 111.805960 24.968893
0.010389 75.583634 14.003491
0.010896 71.558006 14.044960
0.011402 58.891195 10.248910
0.011909 35.052816 6.083354
0.012416 36.754057 6.603904
0.012923 28.575521 4.025543
0.013430 24.027190 3.379727
0.013936 21.615542 2.407870
0.014443 19.589897 1.766319
0.014950 15.992322 1.106533
0.015457 14.931641 0.895771
0.015963 14.418888 0.617031
0.016470 13.220994 0.493698
0.016977 12.457279 0.424566
0.017484 12.119059 0.341946
0.017990 11.174266 0.327625
0.018497 10.584296 0.245493
0.019004 9.799177 0.212346
0.019511 9.429961 0.227731
0.020018 9.094016 0.198407
0.020524 8.862490 0.193884
0.021031 8.230908 0.191182
0.021538 8.115385 0.173551
0.022045 8.049272 0.168618
0.022551 7.491554 0.158330
0.023058 7.370279 0.152144
0.023565 7.422517 0.148571
0.024072 7.436697 0.143406
0.024579 6.944604 0.142649
0.025085 6.845040 0.141177
0.025592 6.531499 0.132860
0.026099 6.613251 0.130027
0.026606 6.459915 0.129135
0.027112 6.552083 0.133719
0.027619 6.152722 0.118212
0.028126 6.142030 0.117673
0.028633 6.072283 0.115414
0.029139 6.054991 0.120137
0.029646 6.000202 0.117619
0.030153 5.995861 0.117073
0.030660 5.859822 0.116111
0.031167 5.815434 0.111263
0.031673 5.639968 0.100994
0.032180 5.532478 0.107172
0.032687 5.771954 0.104689
0.033194 5.540351 0.097084
0.033700 5.480708 0.102832
0.034207 5.445528 0.096340
0.034714 5.401359 0.105056
0.035221 5.250250 0.095788
0.035727 5.332404 0.097946
0.036234 5.216234 0.099166
0.036741 5.305685 0.093394
0.037248 5.385547 0.091925
0.037755 5.361638 0.090126
0.038261 5.183965 0.095519
0.038768 5.148324 0.085352
0.039275 5.221818 0.088323
0.039782 5.264320 0.090167
0.040288 5.070716 0.090669
0.040795 5.108308 0.090008
0.041302 4.925557 0.083254
0.041809 4.991175 0.083960
0.042315 5.048541 0.090649
0.042822 5.061008 0.087703
0.043329 5.141112 0.086817
0.043836 4.939804 0.080593
0.044343 5.018536 0.079096
0.044849 4.940243 0.084439
0.045356 5.096449 0.083942
0.045863 4.925813 0.081369
0.046370 4.943958 0.077424
0.046876 4.955146 0.081792
0.047383 4.807853 0.079766
0.047890 4.841635 0.078767
0.048397 4.900701 0.078258
0.048903 4.872276 0.074784
0.049410 4.845933 0.079043
0.049917 4.830094 0.077859
0.050424 4.890754 0.079870
0.050931 4.716506 0.071546
0.051437 4.725154 0.072010
0.051944 4.864196 0.072997
0.052451 4.876264 0.074499
0.052958 4.699470 0.070530
0.053464 4.788858 0.069828
0.053971 4.752553 0.069745
0.054478 4.695075 0.071307
0.054985 4.698430 0.071804
0.055491 4.839760 0.071555
0.055998 4.744583 0.069562
0.056505 4.758548 0.069805
0.057012 4.689025 0.069316
0.057519 4.718135 0.070324
0.058025 4.688907 0.070171
0.058532 4.625612 0.068429
0.059039 4.718319 0.066370
0.059546 4.648364 0.066470
0.060052 4.733591 0.066282
0.060559 4.627173 0.067324
0.061066 4.696285 0.067033
0.061573 4.627731 0.066572
0.062079 4.670269 0.064463
0.062586 4.547578 0.066298
0.063093 4.596472 0.069988
0.063600 4.600531 0.063270
0.064106 4.682476 0.065522
0.064613 4.536312 0.063981
0.065120 4.527744 0.062579
0.065627 4.645319 0.064780
0.066134 4.547715 0.062491
0.066640 4.502578 0.062845
0.067147 4.638708 0.062628
0.067654 4.620727 0.063813
0.068161 4.614988 0.064156
0.068667 4.480339 0.060093
0.069174 4.562202 0.064162
0.069681 4.571789 0.061067
0.070188 4.497020 0.060829
0.070694 4.583451 0.061609
0.071201 4.555978 0.060291
0.071708 4.520129 0.061764
0.072215 4.517358 0.061639
0.072721 4.592912 0.059985
0.073228 4.562435 0.059070
0.073735 4.449817 0.061258
0.074242 4.562222 0.058790
0.074748 4.436482 0.059478
0.075255 4.487426 0.058653
0.075762 4.528655 0.061239
0.076269 4.484603 0.057633
0.076776 4.590669 0.058833
0.077282 4.609132 0.058505
0.077789 4.484230 0.056135
0.078296 4.517077 0.057587
0.078803 4.478788 0.056339
0.079309 4.434565 0.057619
0.079816 4.497579 0.057770
0.080323 4.553399 0.058694
0.080830 4.591223 0.057894
0.081336 4.411773 0.059181
0.081843 4.500767 0.056092
0.082350 4.458608 0.057735
0.082857 4.493332 0.059411
0.083363 4.454510 0.060294
0.083870 4.498836 0.061255
0.084377 4.446284 0.057460
0.084884 4.342576 0.059414
0.085390 4.493007 0.059437
0.085897 4.450762 0.060897
0.086404 4.418606 0.058969
0.086911 4.374773 0.058620
0.087417 4.355422 0.056261
0.087924 4.551401 0.057766
0.088431 4.416029 0.059366
0.088938 4.385109 0.059492
0.089444 4.419847 0.055558
0.089951 4.324884 0.056899
0.090458 4.385283 0.057465
0.090965 4.416859 0.058184
0.091471 4.371501 0.056887
0.091978 4.368360 0.057564
0.092485 4.384959 0.059845
0.092992 4.489608 0.057129
0.093498 4.388986 0.059240
0.094005 4.278582 0.056429
0.094512 4.284905 0.056354
0.095019 4.404468 0.055939
0.095525 4.302763 0.056034
0.096032 4.431026 0.057321
0.096539 4.395042 0.056520
0.097046 4.250593 0.055638
0.097552 4.339745 0.056480
0.098059 4.351135 0.054238
0.098566 4.362669 0.058132
0.099073 4.332446 0.057138
0.099579 4.300373 0.057061
0.100086 4.371213 0.055944
0.100593 4.317561 0.056774
0.101100 4.268108 0.056235
0.101606 4.461104 0.055785
0.102113 4.332600 0.057343
0.102620 4.316505 0.054943
0.103127 4.440373 0.056631
0.103633 4.341728 0.057952
0.104140 4.335693 0.059417
0.104647 4.323655 0.056898
0.105154 4.268340 0.054997
0.105660 4.274576 0.056492
0.106167 4.355701 0.055547
0.106674 4.439226 0.056921
0.107181 4.347703 0.056153
0.107687 4.340206 0.053987
0.108194 4.347478 0.054520
0.108701 4.227259 0.052729
0.109208 4.249563 0.052013
0.109714 4.242299 0.052057
0.110221 4.238526 0.052681
0.110728 4.279702 0.052702
0.111235 4.219301 0.051738
0.111741 4.332831 0.052188
0.112248 4.235990 0.052355
0.112755 4.233626 0.050034
0.113262 4.203602 0.051707
0.113768 4.307926 0.050684
0.114275 4.333474 0.051951
0.114782 4.249136 0.050161
0.115289 4.201557 0.049541
0.115795 4.169433 0.051552
0.116302 4.245160 0.048684
0.116809 4.227056 0.050217
0.117316 4.257665 0.051373
0.117822 4.265821 0.049146
0.118329 4.297709 0.047881
0.118836 4.215249 0.047731
0.119342 4.277518 0.049007
0.119849 4.256732 0.048986
0.120356 4.211774 0.047561
0.120863 4.272554 0.048277
0.121369 4.209667 0.048487
0.121876 4.191197 0.046188
0.122383 4.243900 0.047423
0.122890 4.187391 0.047646
0.123396 4.222177 0.047274
0.123903 4.222853 0.048075
0.124410 4.207653 0.045333
0.124917 4.239979 0.046716
0.125423 4.239288 0.047156
0.125930 4.217376 0.047050
0.126437 4.208692 0.047008
0.126944 4.218586 0.045839
0.127450 4.101012 0.045314
0.127957 4.225537 0.044977
0.128464 4.272461 0.045095
0.128970 4.219732 0.046967
0.129477 4.195692 0.045361
0.129984 4.228997 0.045451
0.130491 4.181768 0.045096
0.130997 4.222930 0.045627
0.131504 4.192475 0.044629
0.132011 4.212446 0.044576
0.132518 4.183296 0.045922
0.133024 4.147859 0.044114
0.133531 4.127433 0.044059
0.134038 4.201095 0.044352
0.134545 4.181998 0.043359
0.135051 4.153009 0.045021
0.135558 4.238231 0.045085
0.136065 4.148185 0.043116
0.136571 4.143128 0.043785
0.137078 4.091067 0.044030
0.137585 4.043814 0.043070
0.138092 4.107119 0.042733
0.138598 4.141632 0.043026
0.139105 4.144724 0.043373
0.139612 4.181120 0.042858
0.140119 4.150553 0.042302
0.140625 4.150229 0.043621
0.141132 4.194142 0.042060
0.141639 4.121272 0.041352
0.142145 4.098514 0.041847
0.142652 4.192268 0.042007
0.143159 4.125838 0.041575
0.143666 4.149473 0.042686
0.144172 4.223119 0.042824
0.144679 4.105797 0.042574
0.145186 4.183756 0.043260
0.145692 4.108669 0.042222
0.146199 4.040754 0.040505
0.146706 4.169656 0.041916
0.147213 4.183950 0.042219
0.147719 4.137555 0.040843
0.148226 4.141636 0.041664
0.148733 4.125533 0.040350
0.149240 4.094941 0.041075
0.149746 4.114504 0.041248
0.150253 4.125565 0.041046
0.150760 4.129469 0.041115
0.151266 4.081845 0.041369
0.151773 4.103211 0.039957
0.152280 4.126884 0.040885
0.152787 4.039873 0.041942
0.153293 4.097435 0.041222
0.153800 4.080699 0.040186
0.154307 4.082401 0.040262
0.154813 4.127461 0.039870
0.155320 4.047197 0.039872
0.155827 4.103512 0.039982
0.156334 4.148613 0.040560
0.156840 4.121721 0.039348
0.157347 4.071950 0.039899
0.157854 4.101642 0.040103
0.158360 4.165356 0.040195
0.158867 4.052664 0.040273
0.159374 4.055013 0.039318
0.159881 4.045060 0.039827
0.160387 4.079219 0.039567
0.160894 4.038109 0.039579
0.161401 4.079582 0.039419
0.161907 4.053411 0.038821
0.162414 4.017431 0.038726
0.162921 3.991232 0.038046
0.163427 4.030553 0.038265
0.163934 4.118785 0.039418
0.164441 3.919590 0.037950
0.164948 3.979174 0.037767
0.165454 4.087333 0.038071
0.165961 4.013478 0.038440
0.166468 4.006155 0.038316
0.166974 4.071393 0.038258
0.167481 3.997327 0.037986
0.167988 3.967469 0.037267
0.168495 4.092426 0.038830
0.169001 4.002535 0.039373
0.169508 3.938379 0.038447
0.170015 4.008700 0.038145
0.170521 4.060862 0.038923
0.171028 4.016062 0.038818
0.171535 3.996147 0.038604
0.172041 4.011953 0.038929
0.172548 3.984093 0.038484
0.173055 4.040301 0.039939
0.173562 4.020787 0.039625
0.174068 3.977980 0.038602
0.174575 3.984480 0.038551
0.175082 4.020857 0.038703
0.175588 4.093866 0.039987
0.176095 4.038207 0.039252
0.176602 3.998230 0.039585
0.177108 4.058000 0.039176
0.177615 4.073699 0.039833
0.178122 3.939061 0.039448
0.178629 4.003024 0.039928
0.179135 3.994080 0.038646
0.179642 3.989805 0.038622
0.180149 4.024285 0.039478
0.180655 4.106434 0.038598
0.181162 3.926391 0.038922
0.181669 3.984655 0.040256
0.182175 3.997451 0.039865
0.182682 4.073206 0.040410
0.183189 4.049848 0.040594
0.183695 4.019746 0.040222
0.184202 3.998544 0.040033
0.184709 4.029799 0.040702
0.185216 4.023563 0.042186
0.185722 4.101573 0.040772
0.186229 3.991515 0.041118
0.186736 4.012728 0.041496
0.187242 4.010584 0.041348
0.187749 3.984212 0.040801
0.188256 3.918186 0.040849
0.188762 4.082837 0.041344
0.189269 3.956551 0.041826
0.189776 4.039246 0.041932
0.190282 4.036842 0.040925
0.190789 4.102373 0.040636
0.191296 4.018209 0.041342
0.191802 3.989698 0.041546
0.192309 4.052381 0.041632
0.192816 4.012046 0.042200
0.193323 4.008068 0.041209
0.193829 3.944102 0.042343
0.194336 4.037155 0.041907
0.194843 4.012708 0.043208
0.195349 3.995920 0.040934
0.195856 3.986054 0.042533
0.196363 3.906169 0.041656
0.196869 3.995032 0.042875
0.197376 4.017836 0.041937
0.197883 4.024316 0.040809
0.198389 4.002907 0.041697
0.198896 4.013019 0.042594
0.199403 3.969343 0.041358
0.199909 4.076017 0.042984
0.200416 3.987367 0.041234
0.200923 4.005817 0.042570
0.201429 3.968568 0.042208
0.201936 3.981315 0.043918
0.202443 3.980800 0.042137
0.202949 3.967282 0.042878
0.203456 3.947466 0.041837
0.203963 3.947081 0.042772
0.204469 3.987429 0.042107
0.204976 4.013517 0.042838
0.205483 3.966088 0.043162
0.205989 3.962125 0.043302
0.206496 3.921336 0.042175
0.207003 3.977178 0.042020
0.207509 4.007650 0.044031
0.208016 3.948312 0.041833
0.208523 3.909449 0.041494
0.209029 3.984642 0.042576
0.209536 3.961598 0.041984
0.210043 4.033225 0.042551
0.210549 3.920282 0.042824
0.211056 3.977006 0.043192
0.211563 3.951544 0.041546
0.212069 3.911174 0.043201
0.212576 3.887572 0.042551
0.213083 3.918950 0.042041
0.213589 3.959153 0.041242
0.214096 3.888378 0.042603
0.214603 3.890165 0.042689
0.215109 3.928645 0.042236
0.215616 3.891201 0.041989
0.216123 3.850734 0.042428
0.216629 3.957932 0.043174
0.217136 3.908468 0.042361
0.217643 3.947408 0.043992
0.218149 3.935480 0.042661
0.218656 3.824045 0.041570
0.219163 3.869661 0.041500
0.219669 3.857920 0.041124
0.220176 3.817144 0.041569
0.220683 3.926039 0.040183
0.221189 3.877167 0.040645
0.221696 3.893079 0.041636
0.222203 3.910331 0.041600
0.222709 3.903154 0.042639
0.223216 3.923385 0.042769
0.223722 3.857228 0.041063
0.224229 3.852586 0.040805
0.224736 3.950695 0.042652
0.225242 3.869910 0.039973
0.225749 3.777316 0.040860
0.226256 3.972119 0.042442
0.226762 3.860532 0.042609
0.227269 3.905739 0.041396
0.227776 3.942397 0.040777
0.228282 3.861483 0.040931
0.228789 3.783778 0.040456
0.229296 3.889971 0.040503
0.229802 3.795714 0.039893
0.230309 3.887146 0.041903
0.230816 3.829864 0.039998
0.231322 3.900041 0.040893
0.231829 3.887029 0.040534
0.232335 3.903876 0.040638
0.232842 3.848085 0.038420
0.233349 3.879104 0.039244
0.233855 3.851970 0.040551
0.234362 3.835453 0.039585
0.234869 3.854098 0.039633
0.235375 3.808439 0.038222
0.235882 3.833007 0.039247
0.236389 3.868498 0.039299
0.236895 3.891477 0.038631
0.237402 3.880731 0.038019
0.237908 3.846497 0.038300
0.238415 3.854174 0.038915
0.238922 3.842247 0.039133
0.239428 3.784225 0.037837
0.239935 3.822363 0.037807
0.240442 3.867778 0.038461
0.240948 3.853973 0.038725
0.241455 3.798585 0.038323
0.241962 3.885377 0.038904
0.242468 3.772044 0.037888
0.242975 3.781731 0.037182
0.243481 3.792228 0.038093
0.243988 3.856601 0.037922
0.244495 3.781194 0.037431
0.245001 3.774926 0.037413
0.245508 3.772214 0.036957
0.246015 3.795628 0.037724
0.246521 3.807927 0.038736
0.247028 3.791642 0.037274
0.247534 3.874704 0.037769
0.248041 3.838739 0.037150
0.248548 3.806642 0.036718
0.249054 3.750141 0.036299
0.249561 3.809286 0.036806
0.250068 3.835035 0.036946
0.250574 3.833235 0.037103
0.251081 3.824285 0.036684
0.251587 3.824269 0.036238
0.252094 3.840059 0.036920
0.252601 3.755644 0.036511
0.253107 3.741719 0.036295
0.253614 3.774742 0.036174
0.254120 3.785866 0.035858
0.254627 3.755578 0.035732
0.255134 3.803034 0.036348
0.255640 3.823392 0.036482
0.256147 3.762908 0.035778
0.256654 3.739324 0.035366
0.257160 3.689036 0.035428
0.257667 3.752523 0.035484
0.258173 3.741393 0.035173
0.258680 3.744700 0.035705
0.259187 3.832175 0.035821
0.259693 3.777581 0.034866
0.260200 3.802665 0.036548
0.260706 3.826509 0.035717
0.261213 3.804030 0.034595
0.261720 3.690604 0.034515
0.262226 3.751253 0.034544
0.262733 3.764966 0.035037
0.263239 3.759531 0.034994
0.263746 3.766264 0.034986
0.264253 3.794348 0.034488
0.264759 3.766877 0.035166
0.265266 3.715941 0.033608
0.265772 3.710539 0.034569
0.266279 3.783160 0.034664
0.266786 3.770409 0.034798
0.267292 3.834188 0.035549
0.267799 3.706323 0.033959
0.268305 3.817946 0.034918
0.268812 3.767294 0.034474
0.269319 3.729643 0.034405
0.269825 3.765490 0.034045
0.270332 3.758591 0.034227
0.270838 3.759595 0.034182
0.271345 3.755653 0.034049
0.271852 3.729672 0.034287
0.272358 3.694955 0.033866
0.272865 3.736147 0.033597
0.273371 3.768665 0.034456
0.273878 3.737511 0.033935
0.274385 3.747850 0.033944
0.274891 3.798506 0.034119
0.275398 3.704405 0.033463
0.275904 3.739146 0.034311
0.276411 3.734758 0.033440
0.276917 3.712398 0.032547
0.277424 3.777715 0.033526
0.277931 3.689739 0.033066
0.278437 3.746209 0.033558
0.278944 3.712636 0.033021
0.279450 3.717874 0.033469
0.279957 3.722900 0.032659
0.280464 3.672261 0.032959
0.280970 3.676535 0.032885
0.281477 3.715911 0.033426
0.281983 3.773932 0.033905
0.282490 3.664067 0.033159
0.282996 3.749976 0.033316
0.283503 3.724759 0.033425
0.284010 3.756885 0.033290
0.284516 3.663522 0.032499
0.285023 3.705039 0.032995
0.285529 3.690590 0.033301
0.286036 3.707563 0.032652
0.286542 3.692246 0.033940
0.287049 3.668035 0.033560
0.287556 3.686236 0.032883
0.288062 3.661576 0.032244
0.288569 3.678463 0.033099
0.289075 3.677012 0.032144
0.289582 3.621748 0.032348
0.290088 3.664634 0.032472
0.290595 3.661083 0.032557
0.291102 3.685928 0.033047
0.291608 3.730230 0.032842
0.292115 3.683081 0.032657
0.292621 3.692483 0.032663
0.293128 3.643188 0.032589
0.293634 3.640096 0.032553
0.294141 3.660080 0.033026
0.294647 3.662693 0.032589
0.295154 3.651561 0.033068
0.295661 3.655739 0.032880
0.296167 3.668589 0.033379
0.296674 3.638034 0.033362
0.297180 3.679990 0.032906
0.297687 3.622749 0.031817
0.298193 3.622280 0.032315
0.298700 3.656273 0.032813
0.299206 3.625577 0.033552
0.299713 3.660457 0.032167
0.300220 3.653534 0.032600
0.300726 3.631011 0.032701
0.301233 3.693288 0.033033
0.301739 3.609819 0.032371
0.302246 3.608145 0.032348
0.302752 3.601194 0.033368
0.303259 3.560435 0.032727
0.303765 3.619341 0.033368
0.304272 3.622322 0.032588
0.304779 3.662173 0.032956
0.305285 3.672981 0.032151
0.305792 3.536975 0.032100
0.306298 3.644611 0.032732
0.306805 3.639146 0.032023
0.307311 3.655809 0.032731
0.307818 3.636558 0.031420
0.308324 3.598035 0.031783
0.308831 3.612571 0.031860
0.309337 3.613078 0.031866
0.309844 3.633968 0.033815
0.310350 3.623029 0.033751
0.310857 3.614368 0.033350
0.311364 3.577122 0.033373
0.311870 3.588499 0.033791
0.312377 3.559646 0.032872
0.312883 3.585339 0.033728
0.313390 3.626137 0.033549
0.313896 3.618927 0.034439
0.314403 3.611327 0.034194
0.314909 3.620330 0.034246
0.315416 3.544925 0.034242
0.315922 3.543706 0.034689
0.316429 3.557863 0.034213
0.316935 3.636625 0.035729
0.317442 3.630685 0.035115
0.317948 3.588535 0.034206
0.318455 3.672303 0.036228
0.318961 3.607251 0.034785
0.319468 3.609042 0.034499
0.319975 3.578412 0.034773
0.320481 3.536682 0.035444
0.320988 3.542773 0.035932
0.321494 3.591987 0.035365
0.322001 3.588465 0.035782
0.322507 3.591279 0.035721
0.323014 3.614647 0.035717
0.323520 3.597140 0.035467
0.324027 3.600890 0.035534
0.324533 3.582966 0.035002
0.325040 3.477615 0.035151
0.325546 3.585286 0.034465
0.326053 3.522508 0.034396
0.326559 3.579510 0.035725
0.327066 3.518148 0.034549
0.327572 3.571231 0.035045
0.328079 3.600582 0.035066
0.328585 3.594748 0.035292
0.329092 3.591176 0.036076
0.329598 3.536818 0.035004
0.330105 3.594762 0.035031
0.330611 3.548086 0.034742
0.331118 3.604334 0.036666
0.331624 3.601501 0.035116
0.332131 3.605539 0.036378
0.332637 3.549825 0.034679
0.333144 3.608363 0.035138
0.333650 3.535124 0.035292
0.334157 3.644176 0.035577
0.334663 3.593879 0.035662
0.335170 3.673242 0.035884
0.335676 3.543684 0.036810
0.336183 3.616388 0.035676
0.336689 3.560038 0.036669
0.337196 3.566619 0.035788
0.337702 3.558333 0.035883
0.338209 3.628108 0.036620
0.338715 3.599558 0.036209
0.339222 3.564761 0.036825
0.339728 3.555751 0.036652
0.340235 3.604238 0.037080
0.340741 3.553763 0.036674
0.341248 3.570418 0.035983
0.341754 3.592573 0.036652
0.342261 3.568958 0.036606
0.342767 3.539173 0.036154
0.343274 3.570552 0.036600
0.343780 3.550833 0.036061
0.344287 3.551373 0.036690
0.344793 3.606404 0.036181
0.345300 3.537382 0.036432
0.345806 3.631928 0.037241
0.346313 3.590217 0.037169
0.346819 3.532520 0.036522
0.347325 3.569867 0.037004
0.347832 3.477761 0.035866
0.348338 3.583001 0.037616
0.348845 3.595281 0.037550
0.349351 3.545353 0.036986
0.349858 3.581628 0.036481
0.350364 3.528068 0.037132
0.350871 3.513287 0.037244
0.351377 3.463905 0.036222
0.351884 3.559898 0.036216
0.352390 3.538290 0.036738
0.352897 3.581732 0.036991
0.353403 3.534996 0.036253
0.353910 3.512648 0.037240
0.354416 3.537490 0.037472
0.354923 3.498336 0.036048
0.355429 3.562738 0.036367
0.355935 3.529721 0.036289
0.356442 3.525375 0.034897
0.356948 3.475009 0.034203
0.357455 3.532945 0.035057
0.357961 3.459530 0.034411
0.358468 3.560282 0.034066
0.358974 3.498913 0.034759
0.359481 3.550747 0.035743
0.359987 3.496423 0.035573
0.360494 3.536046 0.036237
0.361000 3.502302 0.035703
0.361506 3.491614 0.035306
0.362013 3.547274 0.035753
0.362519 3.535422 0.035707
0.363026 3.561929 0.035311
0.363532 3.462744 0.034719
0.364039 3.525325 0.035562
0.364545 3.552590 0.036314
0.365052 3.553177 0.036299
0.365558 3.511342 0.036074
0.366064 3.495632 0.035394
0.366571 3.504303 0.036521
0.367077 3.502172 0.036105
0.367584 3.561772 0.037031
0.368090 3.464142 0.036460
0.368597 3.469007 0.037406
0.369103 3.435973 0.036443
0.369610 3.452480 0.036445
0.370116 3.464029 0.037304
0.370622 3.417606 0.036877
0.371129 3.460111 0.036806
0.371635 3.444970 0.037122
0.372142 3.518925 0.039119
0.372648 3.429614 0.036893
0.373155 3.445868 0.037441
0.373661 3.537593 0.038091
0.374167 3.498956 0.037401
0.374674 3.468144 0.038135
0.375180 3.463144 0.038248
0.375687 3.451441 0.038221
0.376193 3.532692 0.038837
0.376700 3.475056 0.040227
0.377206 3.526015 0.039015
0.377712 3.427923 0.038893
0.378219 3.491480 0.039808
0.378725 3.570063 0.040997
0.379232 3.418733 0.038277
0.379738 3.446824 0.039536
0.380245 3.498444 0.039686
0.380751 3.493056 0.039265
0.381257 3.464520 0.040612
0.381764 3.429752 0.039463
0.382270 3.463572 0.040217
0.382777 3.476533 0.040021
0.383283 3.407606 0.039967
0.383789 3.477758 0.041214
0.384296 3.440759 0.040269
0.384802 3.391688 0.041798
0.385309 3.488561 0.041816
0.385815 3.471370 0.041800
0.386321 3.455276 0.042258
0.386828 3.473127 0.042568
0.387334 3.513160 0.042413
0.387841 3.418181 0.042629
0.388347 3.525463 0.043270
0.388853 3.452099 0.043084
0.389360 3.432577 0.041734
0.389866 3.471437 0.042753
0.390373 3.411782 0.041303
0.390879 3.440678 0.042691
0.391385 3.454774 0.042413
0.391892 3.415785 0.043061
0.392398 3.475583 0.044545
0.392905 3.426737 0.044381
0.393411 3.391746 0.045680
0.393917 3.469814 0.042880
0.394424 3.399703 0.043447
0.394930 3.586836 0.047276
0.395437 3.466714 0.045039
0.395943 3.353954 0.045216
0.396449 3.477039 0.045805
0.396956 3.470956 0.045919
0.397462 3.396150 0.046731
0.397969 3.433249 0.045711
0.398475 3.442681 0.046626
0.398981 3.375083 0.045825
0.399488 3.354336 0.046838
0.399994 3.327444 0.045308
0.400500 3.480978 0.047546
0.401007 3.445757 0.049204
0.401513 3.364577 0.048036
0.402020 3.435162 0.047530
0.402526 3.458556 0.049014
0.403032 3.394752 0.048539
0.403539 3.394484 0.047664
0.404045 3.333720 0.049759
0.404551 3.400199 0.048701
0.405058 3.392349 0.048849
0.405564 3.389429 0.047961
0.406071 3.466559 0.049990
0.406577 3.393614 0.051445
0.407083 3.423036 0.048339
0.407590 3.407779 0.046808
0.408096 3.374492 0.050564
0.408602 3.380755 0.049826
0.409109 3.426586 0.048902
0.409615 3.464008 0.050649
0.410121 3.339819 0.050972
0.410628 3.431941 0.051461
0.411134 3.265845 0.048203
0.411641 3.359338 0.049936
0.412147 3.324864 0.048900
0.412653 3.401959 0.050880
0.413160 3.304543 0.049748
0.413666 3.358261 0.051166
0.414172 3.415885 0.053073
0.414679 3.350299 0.051723
0.415185 3.305813 0.052980
0.415691 3.216133 0.051168
0.416198 3.249232 0.050130
0.416704 3.355162 0.051626
0.417210 3.364077 0.052513
0.417717 3.289001 0.054137
0.418223 3.333678 0.053201
0.418729 3.257567 0.049574
0.419236 3.318912 0.052045
0.419742 3.303163 0.054554
0.420248 3.375549 0.050725
0.420755 3.378198 0.053204
0.421261 3.413570 0.052445
0.421767 3.273449 0.051161
0.422274 3.331566 0.051410
0.422780 3.342767 0.055592
0.423286 3.306810 0.054925
0.423793 3.391931 0.054722
0.424299 3.298239 0.056457
0.424805 3.371777 0.055455
0.425312 3.275069 0.056225
0.425818 3.268308 0.055052
0.426324 3.184308 0.054736
0.426831 3.384528 0.056024
0.427337 3.379451 0.058794
0.427843 3.428014 0.058779
0.428350 3.336658 0.058805
0.428856 3.297010 0.056523
0.429362 3.277311 0.056455
0.429869 3.250245 0.057968
0.430375 3.344534 0.059363
0.430881 3.284589 0.059310
0.431388 3.280592 0.060412
0.431894 3.361538 0.064131
0.432400 3.136034 0.060678
0.432907 3.320497 0.061962
0.433413 3.268386 0.059952
0.433919 3.264828 0.062382
0.434425 3.276688 0.062210
0.434932 3.202882 0.063899
0.435438 3.313594 0.062851
0.435944 3.291203 0.064321
0.436451 3.275505 0.066071
0.436957 3.207917 0.064513
0.437463 3.257488 0.066076
0.437970 3.400149 0.067111
0.438476 3.378980 0.068401
0.438982 3.359906 0.068712
0.439488 3.167647 0.066222
0.439995 3.313956 0.068184
