0.009882 110.361511 24.939528
0.010389 74.750297 13.713753
0.010896 70.211846 13.395592
0.011402 59.527562 10.358258
0.011909 33.947548 5.945789
0.012416 36.138669 6.520717
0.012923 28.260451 3.680677
0.013430 22.479604 3.744205
0.013936 20.987332 2.222960
0.014443 18.854849 1.781437
0.014950 16.843892 1.026499
0.015457 15.993294 0.906546
0.015963 14.518890 0.659363
0.016470 13.300750 0.457730
0.016977 12.445850 0.386792
0.017484 11.596908 0.365914
0.017990 11.034961 0.286539
0.018497 10.386273 0.243932
0.019004 9.841481 0.221220
0.019511 9.557155 0.201865
0.020018 8.767480 0.198613
0.020524 8.777469 0.206630
0.021031 8.315929 0.182206
0.021538 8.238063 0.189586
0.022045 7.803653 0.166992
0.022551 7.962354 0.154244
0.023058 7.292355 0.163302
0.023565 7.351087 0.141685
0.024072 6.953714 0.140599
0.024579 7.345198 0.141364
0.025085 7.083272 0.139872
0.025592 6.678641 0.134820
0.026099 6.542405 0.125258
0.026606 6.517059 0.134220
0.027112 6.496385 0.130886
0.027619 6.220520 0.126491
0.028126 6.331161 0.122244
0.028633 6.025770 0.112997
0.029139 6.221663 0.123366
0.029646 6.143383 0.113346
0.030153 5.971947 0.117730
0.030660 5.825264 0.111373
0.031167 6.008919 0.106370
0.031673 5.675166 0.100497
0.032180 5.649418 0.108669
0.032687 5.608311 0.104235
0.033194 5.458156 0.101178
0.033700 5.396720 0.099949
0.034207 5.592704 0.102100
0.034714 5.429087 0.098380
0.035221 5.370626 0.102242
0.035727 5.452053 0.099888
0.036234 5.345097 0.098653
0.036741 5.312666 0.095992
0.037248 5.352044 0.092271
0.037755 5.217092 0.088349
0.038261 5.323429 0.094214
0.038768 5.085820 0.085934
0.039275 5.204161 0.090736
0.039782 5.217918 0.088548
0.040288 5.104319 0.087645
0.040795 5.120828 0.085172
0.041302 4.961385 0.086815
0.041809 5.094999 0.087631
0.042315 4.952148 0.088727
0.042822 5.022544 0.085813
0.043329 4.967766 0.084506
0.043836 5.019574 0.085458
0.044343 4.941715 0.086390
0.044849 4.997590 0.086018
0.045356 4.904343 0.079874
0.045863 4.979685 0.086072
0.046370 5.042084 0.085393
0.046876 4.735421 0.078402
0.047383 4.773321 0.077034
0.047890 4.842948 0.079021
0.048397 5.009519 0.078060
0.048903 4.862123 0.077136
0.049410 4.705217 0.072715
0.049917 4.937511 0.079268
0.050424 4.857085 0.081357
0.050931 4.939294 0.075865
0.051437 4.752571 0.072961
0.051944 4.803085 0.076640
0.052451 4.623402 0.067605
0.052958 4.753686 0.072233
0.053464 4.847216 0.074083
0.053971 4.730635 0.069431
0.054478 4.794306 0.073256
0.054985 4.611897 0.067427
0.055491 4.859015 0.071053
0.055998 4.674857 0.067893
0.056505 4.624774 0.070112
0.057012 4.754344 0.067191
0.057519 4.625049 0.068033
0.058025 4.716570 0.069486
0.058532 4.594103 0.064614
0.059039 4.697633 0.064840
0.059546 4.645264 0.067339
0.060052 4.768736 0.069754
0.060559 4.652481 0.069681
0.061066 4.614437 0.064684
0.061573 4.706003 0.068118
0.062079 4.652824 0.067840
0.062586 4.734181 0.068189
0.063093 4.645565 0.066175
0.063600 4.625840 0.064793
0.064106 4.656106 0.066685
0.064613 4.557851 0.063884
0.065120 4.570581 0.067394
0.065627 4.607130 0.062099
0.066134 4.447424 0.061304
0.066640 4.646104 0.063980
0.067147 4.621802 0.063712
0.067654 4.551936 0.061185
0.068161 4.591975 0.066667
0.068667 4.553731 0.060572
0.069174 4.464707 0.060332
0.069681 4.574401 0.063712
0.070188 4.583140 0.064642
0.070694 4.476137 0.059564
0.071201 4.654302 0.060871
0.071708 4.524311 0.062147
0.072215 4.594676 0.061933
0.072721 4.485867 0.061185
0.073228 4.538967 0.062238
0.073735 4.522516 0.061126
0.074242 4.513372 0.058793
0.074748 4.520426 0.061868
0.075255 4.549280 0.060289
0.075762 4.493317 0.060565
0.076269 4.527581 0.060109
0.076776 4.439691 0.057898
0.077282 4.470591 0.057366
0.077789 4.490348 0.057086
0.078296 4.444652 0.057729
0.078803 4.434200 0.056587
0.079309 4.446801 0.055971
0.079816 4.494441 0.056717
0.080323 4.537794 0.056773
0.080830 4.458425 0.056642
0.081336 4.461031 0.059765
0.081843 4.516733 0.059925
0.082350 4.454630 0.057666
0.082857 4.553096 0.060364
0.083363 4.540726 0.061304
0.083870 4.508393 0.058371
0.084377 4.485821 0.059088
0.084884 4.348725 0.058447
0.085390 4.428472 0.058456
0.085897 4.379481 0.056855
0.086404 4.384415 0.059308
0.086911 4.464759 0.057891
0.087417 4.460758 0.057920
0.087924 4.460606 0.057719
0.088431 4.483980 0.059591
0.088938 4.426887 0.058503
0.089444 4.332344 0.056191
0.089951 4.445665 0.059223
0.090458 4.407964 0.057847
0.090965 4.439694 0.058483
0.091471 4.467137 0.058589
0.091978 4.500687 0.058846
0.092485 4.316081 0.057950
0.092992 4.436635 0.057912
0.093498 4.256910 0.058208
0.094005 4.375706 0.058693
0.094512 4.329229 0.055511
0.095019 4.333565 0.057082
0.095525 4.363343 0.058076
0.096032 4.298255 0.056525
0.096539 4.290742 0.055790
0.097046 4.367110 0.056532
0.097552 4.312380 0.056569
0.098059 4.379525 0.056310
0.098566 4.386847 0.055449
0.099073 4.386458 0.057047
0.099579 4.374893 0.057745
0.100086 4.432947 0.056722
0.100593 4.328793 0.057507
0.101100 4.357696 0.057166
0.101606 4.447785 0.056846
0.102113 4.331854 0.056097
0.102620 4.397516 0.058098
0.103127 4.345493 0.055078
0.103633 4.299022 0.057771
0.104140 4.409111 0.056690
0.104647 4.354281 0.058778
0.105154 4.332859 0.057811
0.105660 4.315847 0.056566
0.106167 4.346488 0.057191
0.106674 4.273599 0.058333
0.107181 4.366818 0.053280
0.107687 4.230613 0.055060
0.108194 4.334831 0.052133
0.108701 4.322606 0.053928
0.109208 4.229664 0.054024
0.109714 4.254321 0.053407
0.110221 4.279939 0.052172
0.110728 4.276426 0.052913
0.111235 4.279539 0.053668
0.111741 4.338032 0.052915
0.112248 4.253023 0.050608
0.112755 4.253661 0.051829
0.113262 4.265975 0.051688
0.113768 4.185057 0.049649
0.114275 4.245226 0.050962
0.114782 4.264921 0.050522
0.115289 4.174187 0.050038
0.115795 4.288200 0.049994
0.116302 4.250575 0.047876
0.116809 4.216259 0.049233
0.117316 4.291502 0.047997
0.117822 4.275716 0.048220
0.118329 4.219053 0.050206
0.118836 4.192884 0.048975
0.119342 4.180819 0.048286
0.119849 4.283759 0.049039
0.120356 4.191683 0.047992
0.120863 4.250729 0.047674
0.121369 4.286088 0.048472
0.121876 4.157864 0.046715
0.122383 4.280354 0.047405
0.122890 4.232694 0.047486
0.123396 4.174841 0.048233
0.123903 4.267166 0.046491
0.124410 4.189480 0.046230
0.124917 4.105823 0.044734
0.125423 4.210015 0.046409
0.125930 4.219100 0.048696
0.126437 4.209216 0.046886
0.126944 4.196722 0.045713
0.127450 4.169118 0.045283
0.127957 4.234333 0.045993
0.128464 4.088743 0.045339
0.128970 4.228384 0.046258
0.129477 4.272124 0.046167
0.129984 4.168397 0.045765
0.130491 4.167560 0.044072
0.130997 4.156152 0.044858
0.131504 4.210039 0.045216
0.132011 4.164911 0.043228
0.132518 4.227101 0.044602
0.133024 4.152728 0.045016
0.133531 4.145311 0.043948
0.134038 4.160565 0.044035
0.134545 4.128905 0.043680
0.135051 4.163398 0.044930
0.135558 4.165182 0.045371
0.136065 4.163234 0.043606
0.136571 4.218601 0.043762
0.137078 4.132762 0.044498
0.137585 4.216611 0.044397
0.138092 4.189711 0.044223
0.138598 4.217592 0.044676
0.139105 4.102988 0.042888
0.139612 4.148575 0.042212
0.140119 4.140052 0.042746
0.140625 4.122723 0.041187
0.141132 4.157539 0.042695
0.141639 4.195897 0.043310
0.142145 4.121582 0.043054
0.142652 4.093896 0.042674
0.143159 4.226273 0.042742
0.143666 4.143814 0.041316
0.144172 4.095791 0.041916
0.144679 4.136986 0.042518
0.145186 4.124025 0.042133
0.145692 4.112540 0.041366
0.146199 4.107061 0.041120
0.146706 4.154882 0.042595
0.147213 4.192852 0.040973
0.147719 4.146614 0.041149
0.148226 4.170713 0.042328
0.148733 4.077793 0.039576
0.149240 4.138802 0.040041
0.149746 4.060255 0.040784
0.150253 4.082213 0.039654
0.150760 4.127812 0.041333
0.151266 4.053413 0.040610
0.151773 4.142234 0.040903
0.152280 4.132580 0.041269
0.152787 4.051406 0.039466
0.153293 4.149856 0.041209
0.153800 4.063024 0.039806
0.154307 4.111460 0.039081
0.154813 4.008624 0.040208
0.155320 4.084578 0.039735
0.155827 4.118098 0.039887
0.156334 4.031324 0.039877
0.156840 4.095968 0.038865
0.157347 4.103626 0.039490
0.157854 4.084690 0.039476
0.158360 4.040431 0.038614
0.158867 4.052274 0.039432
0.159374 4.033128 0.038099
0.159881 4.079105 0.039956
0.160387 4.017317 0.038855
0.160894 4.073710 0.038470
0.161401 4.044867 0.038184
0.161907 4.041462 0.038378
0.162414 4.031143 0.038158
0.162921 3.995783 0.037830
0.163427 4.082604 0.039103
0.163934 4.025219 0.039107
0.164441 4.044816 0.038771
0.164948 4.074530 0.038295
0.165454 4.013610 0.037900
0.165961 3.995818 0.038313
0.166468 4.072696 0.038457
0.166974 4.008038 0.038350
0.167481 4.051730 0.038088
0.167988 4.062294 0.038273
0.168495 4.005910 0.038665
0.169001 4.097353 0.039115
0.169508 4.029003 0.039040
0.170015 4.103572 0.039325
0.170521 3.986505 0.038109
0.171028 4.019895 0.039161
0.171535 3.987339 0.038418
0.172041 4.031700 0.039470
0.172548 4.008114 0.038824
0.173055 4.051435 0.038897
0.173562 3.970926 0.038771
0.174068 3.970119 0.039576
0.174575 4.040967 0.039474
0.175082 4.015110 0.039155
0.175588 4.068583 0.039932
0.176095 4.053347 0.039397
0.176602 4.028983 0.040339
0.177108 4.045980 0.038934
0.177615 4.009570 0.039238
0.178122 4.008419 0.039376
0.178629 3.981721 0.039135
0.179135 3.936810 0.039957
0.179642 4.000726 0.038733
0.180149 4.025063 0.038708
0.180655 3.951118 0.038602
0.181162 4.092969 0.039648
0.181669 3.996700 0.039326
0.182175 4.030719 0.038351
0.182682 4.061251 0.040403
0.183189 3.998605 0.040210
0.183695 4.014361 0.039891
0.184202 4.040195 0.040495
0.184709 3.998548 0.040229
0.185216 4.037129 0.040170
0.185722 3.973715 0.040726
0.186229 4.019710 0.042374
0.186736 3.951701 0.040339
0.187242 4.033683 0.041723
0.187749 4.094858 0.042452
0.188256 3.964701 0.042225
0.188762 4.038558 0.040794
0.189269 3.950400 0.041341
0.189776 4.091928 0.041227
0.190282 3.954197 0.041488
0.190789 4.016216 0.041040
0.191296 4.125951 0.041816
0.191802 3.973675 0.042096
0.192309 4.020406 0.041357
0.192816 4.063058 0.041585
0.193323 3.996786 0.043167
0.193829 3.978150 0.040215
0.194336 4.034027 0.042275
0.194843 4.031304 0.042637
0.195349 4.020047 0.042569
0.195856 4.011396 0.042636
0.196363 3.934691 0.041439
0.196869 3.891949 0.042488
0.197376 3.975710 0.041255
0.197883 3.960525 0.042738
0.198389 3.967089 0.041830
0.198896 3.995625 0.043156
0.199403 3.918401 0.042531
0.199909 4.011267 0.042924
0.200416 3.994735 0.042342
0.200923 4.001661 0.042723
0.201429 4.029325 0.041880
0.201936 3.997073 0.042881
0.202443 3.956109 0.042755
0.202949 3.996280 0.043609
0.203456 3.878278 0.042626
0.203963 3.959336 0.042795
0.204469 3.965545 0.042992
0.204976 3.980483 0.043490
0.205483 3.875244 0.042442
0.205989 3.911025 0.042826
0.206496 4.032723 0.043181
0.207003 3.942541 0.042132
0.207509 3.965339 0.042269
0.208016 4.040453 0.042716
0.208523 3.997875 0.042156
0.209029 3.998784 0.042249
0.209536 3.935179 0.042149
0.210043 3.987440 0.042455
0.210549 3.936287 0.043617
0.211056 3.986031 0.043061
0.211563 4.020469 0.043019
0.212069 3.902841 0.042147
0.212576 3.931782 0.041797
0.213083 3.914709 0.042830
0.213589 3.977132 0.042310
0.214096 4.036243 0.043048
0.214603 3.957358 0.042939
0.215109 3.900920 0.042178
0.215616 3.934599 0.041371
0.216123 3.948860 0.042384
0.216629 3.913686 0.042478
0.217136 3.901713 0.042157
0.217643 3.852851 0.042753
0.218149 3.863090 0.042449
0.218656 3.911203 0.042340
0.219163 3.870567 0.040746
0.219669 3.973344 0.043181
0.220176 3.930651 0.040894
0.220683 3.932346 0.041583
0.221189 3.913402 0.041912
0.221696 3.934160 0.041553
0.222203 4.001374 0.041249
0.222709 3.938760 0.042454
0.223216 3.909292 0.041969
0.223722 3.862605 0.039951
0.224229 3.886295 0.041647
0.224736 3.882784 0.042079
0.225242 3.938001 0.042335
0.225749 3.815310 0.041370
0.226256 3.926618 0.041244
0.226762 3.893056 0.041207
0.227269 3.866393 0.041244
0.227776 3.859004 0.040648
0.228282 3.822325 0.039891
0.228789 3.803125 0.040157
0.229296 3.898445 0.040800
0.229802 3.862149 0.040133
0.230309 3.894953 0.040572
0.230816 3.930917 0.040380
0.231322 3.868862 0.039215
0.231829 3.954508 0.040035
0.232335 3.856120 0.039440
0.232842 3.838604 0.039090
0.233349 3.847480 0.039545
0.233855 3.830810 0.039206
0.234362 3.854916 0.039325
0.234869 3.858977 0.039549
0.235375 3.911562 0.039619
0.235882 3.846049 0.039782
0.236389 3.858912 0.038542
0.236895 3.855366 0.039618
0.237402 3.808657 0.038351
0.237908 3.834532 0.038129
0.238415 3.821256 0.038920
0.238922 3.775194 0.038117
0.239428 3.869032 0.038857
0.239935 3.801238 0.038042
0.240442 3.839221 0.037784
0.240948 3.825851 0.037564
0.241455 3.776018 0.037468
0.241962 3.813841 0.038316
0.242468 3.774369 0.037925
0.242975 3.873025 0.038260
0.243481 3.783123 0.037712
0.243988 3.809036 0.038008
0.244495 3.847458 0.037523
0.245001 3.840715 0.038132
0.245508 3.862279 0.038761
0.246015 3.855476 0.038460
0.246521 3.805270 0.038012
0.247028 3.810506 0.037446
0.247534 3.784690 0.037264
0.248041 3.798628 0.036760
0.248548 3.823527 0.037013
0.249054 3.824762 0.036965
0.249561 3.763938 0.037470
0.250068 3.808958 0.037026
0.250574 3.772110 0.035949
0.251081 3.817024 0.036971
0.251587 3.810884 0.036994
0.252094 3.765303 0.035605
0.252601 3.769613 0.036494
0.253107 3.828288 0.036165
0.253614 3.835792 0.036063
0.254120 3.756608 0.036281
0.254627 3.807471 0.036571
0.255134 3.817929 0.036888
0.255640 3.789431 0.035457
0.256147 3.803893 0.036306
0.256654 3.768491 0.036533
0.257160 3.803332 0.036162
0.257667 3.847563 0.036000
0.258173 3.788578 0.035526
0.258680 3.866302 0.036143
0.259187 3.788112 0.035486
0.259693 3.783379 0.035639
0.260200 3.713672 0.034667
0.260706 3.780322 0.035208
0.261213 3.807063 0.035356
0.261720 3.753462 0.035200
0.262226 3.730161 0.034536
0.262733 3.773910 0.034997
0.263239 3.808575 0.035302
0.263746 3.718755 0.035082
0.264253 3.762245 0.034101
0.264759 3.762311 0.034681
0.265266 3.762171 0.035916
0.265772 3.798775 0.035798
0.266279 3.756594 0.035594
0.266786 3.730673 0.033955
0.267292 3.772685 0.034978
0.267799 3.773069 0.034196
0.268305 3.668991 0.034352
0.268812 3.707846 0.035035
0.269319 3.769743 0.033915
0.269825 3.719950 0.033885
0.270332 3.805049 0.034280
0.270838 3.770780 0.034619
0.271345 3.703862 0.033539
0.271852 3.804240 0.034058
0.272358 3.763520 0.034062
0.272865 3.709541 0.033841
0.273371 3.685376 0.033221
0.273878 3.766175 0.034214
0.274385 3.719991 0.034002
0.274891 3.786811 0.033363
0.275398 3.716467 0.033717
0.275904 3.696447 0.033707
0.276411 3.724075 0.033700
0.276917 3.721578 0.033841
0.277424 3.690777 0.033399
0.277931 3.765952 0.033393
0.278437 3.738005 0.033808
0.278944 3.730466 0.033561
0.279450 3.734952 0.033192
0.279957 3.688970 0.033698
0.280464 3.750076 0.034003
0.280970 3.732044 0.033132
0.281477 3.744735 0.033799
0.281983 3.732829 0.033299
0.282490 3.739602 0.032267
0.282996 3.746017 0.033813
0.283503 3.738862 0.033159
0.284010 3.730653 0.033508
0.284516 3.707347 0.033241
0.285023 3.766396 0.032688
0.285529 3.677307 0.033116
0.286036 3.672591 0.031898
0.286542 3.713474 0.033022
0.287049 3.700652 0.033269
0.287556 3.714874 0.033294
0.288062 3.673909 0.032511
0.288569 3.660625 0.032534
0.289075 3.709270 0.033051
0.289582 3.693794 0.032931
0.290088 3.670357 0.033240
0.290595 3.698773 0.032776
0.291102 3.674005 0.032536
0.291608 3.621513 0.032695
0.292115 3.646289 0.032725
0.292621 3.700871 0.032577
0.293128 3.713405 0.032687
0.293634 3.685552 0.032802
0.294141 3.692263 0.032497
0.294647 3.707934 0.033316
0.295154 3.671472 0.033195
0.295661 3.640726 0.032734
0.296167 3.625641 0.032476
0.296674 3.620213 0.032605
0.297180 3.645316 0.033390
0.297687 3.670733 0.032614
0.298193 3.650334 0.032601
0.298700 3.663754 0.032806
0.299206 3.698548 0.032496
0.299713 3.628912 0.033186
0.300220 3.630870 0.032452
0.300726 3.630713 0.032490
0.301233 3.624541 0.031974
0.301739 3.631397 0.031953
0.302246 3.612581 0.032616
0.302752 3.634360 0.032694
0.303259 3.652048 0.032941
0.303765 3.571114 0.032144
0.304272 3.642400 0.032497
0.304779 3.630421 0.032560
0.305285 3.640869 0.033155
0.305792 3.635314 0.031848
0.306298 3.635929 0.032757
0.306805 3.591631 0.031857
0.307311 3.620443 0.031837
0.307818 3.601988 0.031723
0.308324 3.565495 0.031670
0.308831 3.582049 0.031719
0.309337 3.558972 0.032320
0.309844 3.595959 0.032433
0.310350 3.618244 0.033402
0.310857 3.616852 0.033017
0.311364 3.580637 0.034555
0.311870 3.622294 0.034106
0.312377 3.601886 0.033097
0.312883 3.650954 0.035218
0.313390 3.640748 0.034370
0.313896 3.628989 0.033891
0.314403 3.599935 0.034674
0.314909 3.676007 0.034979
0.315416 3.581098 0.034942
0.315922 3.677763 0.035156
0.316429 3.553409 0.034631
0.316935 3.659988 0.035280
0.317442 3.567441 0.034136
0.317948 3.556713 0.034470
0.318455 3.598064 0.035095
0.318961 3.649142 0.036130
0.319468 3.624327 0.035916
0.319975 3.716071 0.035951
0.320481 3.649824 0.034970
0.320988 3.580580 0.035833
0.321494 3.583217 0.035442
0.322001 3.570287 0.035613
0.322507 3.626115 0.035219
0.323014 3.616396 0.034633
0.323520 3.583799 0.034604
0.324027 3.550917 0.034629
0.324533 3.609693 0.034880
0.325040 3.622722 0.035646
0.325546 3.589152 0.035778
0.326053 3.585423 0.036071
0.326559 3.558093 0.034590
0.327066 3.620976 0.035281
0.327572 3.630321 0.035611
0.328079 3.611174 0.035593
0.328585 3.615728 0.034906
0.329092 3.649278 0.036186
0.329598 3.641131 0.035776
0.330105 3.651132 0.035521
0.330611 3.618001 0.035255
0.331118 3.522112 0.035384
0.331624 3.673393 0.034972
0.332131 3.613831 0.035407
0.332637 3.617292 0.036133
0.333144 3.535415 0.035842
0.333650 3.588137 0.036690
0.334157 3.617804 0.035935
0.334663 3.573649 0.036268
0.335170 3.639221 0.036383
0.335676 3.558112 0.035576
0.336183 3.535548 0.035397
0.336689 3.573786 0.036006
0.337196 3.528715 0.035994
0.337702 3.535571 0.035281
0.338209 3.583794 0.036747
0.338715 3.578163 0.036959
0.339222 3.561404 0.036190
0.339728 3.583164 0.035768
0.340235 3.587883 0.037512
0.340741 3.556230 0.036379
0.341248 3.622500 0.035269
0.341754 3.611119 0.037096
0.342261 3.547926 0.036905
0.342767 3.547072 0.037224
0.343274 3.544366 0.035916
0.343780 3.541581 0.037144
0.344287 3.511051 0.035859
0.344793 3.559508 0.034592
0.345300 3.632233 0.036512
0.345806 3.592976 0.036286
0.346313 3.522882 0.036650
0.346819 3.584632 0.036022
0.347325 3.497768 0.036774
0.347832 3.584211 0.037057
0.348338 3.547957 0.036732
0.348845 3.607443 0.037613
0.349351 3.530235 0.037317
0.349858 3.518637 0.035261
0.350364 3.518130 0.037189
0.350871 3.555008 0.037080
0.351377 3.535818 0.036953
0.351884 3.568457 0.037189
0.352390 3.517356 0.037754
0.352897 3.529055 0.037279
0.353403 3.571642 0.036910
0.353910 3.600687 0.037409
0.354416 3.566601 0.037405
0.354923 3.535706 0.036218
0.355429 3.511119 0.035466
0.355935 3.516210 0.035675
0.356442 3.549450 0.034738
0.356948 3.550764 0.034708
0.357455 3.511539 0.034494
0.357961 3.508221 0.034342
0.358468 3.630065 0.035001
0.358974 3.501199 0.034860
0.359481 3.597510 0.035349
0.359987 3.520795 0.035448
0.360494 3.526903 0.035593
0.361000 3.550609 0.034923
0.361506 3.425139 0.034775
0.362013 3.461339 0.035148
0.362519 3.564535 0.035284
0.363026 3.514894 0.035639
0.363532 3.549282 0.035938
0.364039 3.529027 0.036607
0.364545 3.516875 0.034616
0.365052 3.488817 0.035428
0.365558 3.582369 0.036246
0.366064 3.474983 0.035039
0.366571 3.506962 0.037237
0.367077 3.524830 0.035824
0.367584 3.533658 0.036387
0.368090 3.523835 0.036280
0.368597 3.565442 0.036811
0.369103 3.472919 0.036691
0.369610 3.457281 0.036937
0.370116 3.483810 0.037382
0.370622 3.483662 0.037307
0.371129 3.503600 0.037596
0.371635 3.443221 0.036796
0.372142 3.491153 0.037805
0.372648 3.405132 0.037009
0.373155 3.527001 0.037732
0.373661 3.430872 0.036993
0.374167 3.486698 0.036875
0.374674 3.484732 0.037651
0.375180 3.489834 0.037886
0.375687 3.537481 0.037971
0.376193 3.554783 0.038405
0.376700 3.521975 0.037963
0.377206 3.423970 0.037719
0.377712 3.427042 0.037713
0.378219 3.469923 0.039626
0.378725 3.451377 0.038974
0.379232 3.475757 0.039276
0.379738 3.546003 0.039423
0.380245 3.396025 0.038650
0.380751 3.451902 0.040172
0.381257 3.480536 0.040264
0.381764 3.450743 0.040027
0.382270 3.464736 0.040423
0.382777 3.450144 0.040211
0.383283 3.467592 0.041128
0.383789 3.442976 0.041555
0.384296 3.476998 0.040314
0.384802 3.340367 0.041294
0.385309 3.425096 0.040540
0.385815 3.405224 0.040902
0.386321 3.522469 0.042780
0.386828 3.470527 0.042401
0.387334 3.419713 0.040657
0.387841 3.508953 0.043263
0.388347 3.448998 0.041409
0.388853 3.462771 0.042042
0.389360 3.390550 0.043807
0.389866 3.511238 0.042740
0.390373 3.439045 0.043619
0.390879 3.387409 0.044282
0.391385 3.384120 0.042644
0.391892 3.496495 0.045748
0.392398 3.492741 0.044347
0.392905 3.474066 0.044611
0.393411 3.523798 0.045794
0.393917 3.395756 0.044941
0.394424 3.516776 0.046688
0.394930 3.361662 0.044026
0.395437 3.422489 0.043553
0.395943 3.411940 0.045842
0.396449 3.509236 0.045320
0.396956 3.441154 0.045161
0.397462 3.428793 0.045940
0.397969 3.479043 0.046480
0.398475 3.376501 0.046248
0.398981 3.402296 0.047221
0.399488 3.395634 0.045490
0.399994 3.332789 0.045842
0.400500 3.424372 0.046050
0.401007 3.427045 0.047462
0.401513 3.338616 0.047622
0.402020 3.413256 0.046653
0.402526 3.455022 0.049031
0.403032 3.390280 0.048100
0.403539 3.305137 0.047632
0.404045 3.409875 0.048772
0.404551 3.307656 0.048868
0.405058 3.438096 0.049923
0.405564 3.423862 0.048733
0.406071 3.356024 0.049685
0.406577 3.400364 0.048856
0.407083 3.344003 0.049160
0.407590 3.328203 0.049265
0.408096 3.366809 0.050195
0.408602 3.404685 0.050441
0.409109 3.339647 0.050294
0.409615 3.423202 0.048926
0.410121 3.413094 0.051987
0.410628 3.368884 0.050639
0.411134 3.374606 0.049779
0.411641 3.346765 0.050774
0.412147 3.381154 0.050249
0.412653 3.321580 0.051078
0.413160 3.262792 0.049918
0.413666 3.349311 0.050904
0.414172 3.342071 0.052224
0.414679 3.409336 0.051429
0.415185 3.324853 0.051118
0.415691 3.311246 0.052614
0.416198 3.318937 0.052442
0.416704 3.292187 0.050572
0.417210 3.387433 0.053616
0.417717 3.340478 0.052362
0.418223 3.252547 0.052979
0.418729 3.337949 0.053154
0.419236 3.385581 0.053788
0.419742 3.287984 0.051880
0.420248 3.291224 0.051663
0.420755 3.420916 0.054168
0.421261 3.271228 0.053606
0.421767 3.264125 0.054006
0.422274 3.300678 0.053863
0.422780 3.360845 0.053715
0.423286 3.308602 0.052907
0.423793 3.364861 0.053146
0.424299 3.348028 0.055742
0.424805 3.367966 0.056048
0.425312 3.426084 0.054821
0.425818 3.397034 0.055182
0.426324 3.386534 0.056174
0.426831 3.402389 0.054607
0.427337 3.345491 0.056447
0.427843 3.402476 0.055816
0.428350 3.316765 0.058417
0.428856 3.282622 0.058031
0.429362 3.398424 0.061134
0.429869 3.310394 0.059241
0.430375 3.218074 0.058283
0.430881 3.293171 0.057894
0.431388 3.289477 0.060144
0.431894 3.292674 0.061382
0.432400 3.260508 0.061073
0.432907 3.240971 0.061082
0.433413 3.350096 0.064063
0.433919 3.326726 0.063101
0.434425 3.297099 0.062488
0.434932 3.335305 0.063497
0.435438 3.400351 0.064386
0.435944 3.322083 0.063368
0.436451 3.281962 0.063370
0.436957 3.320711 0.068123
0.437463 3.349578 0.066923
0.437970 3.227006 0.063998
0.438476 3.329867 0.068919
0.438982 3.409124 0.068979
0.439488 3.347776 0.069841
0.439995 3.430158 0.067741
