0.009882 108.222614 24.926900
0.010389 73.854461 14.030157
0.010896 68.942610 13.496015
0.011402 57.673007 9.916594
0.011909 34.456322 6.230713
0.012416 40.500232 6.027758
0.012923 28.191957 3.632669
0.013430 25.446119 3.410395
0.013936 21.115538 2.209766
0.014443 18.812114 1.841903
0.014950 17.341231 1.037062
0.015457 15.386345 0.854796
0.015963 14.925143 0.709999
0.016470 12.963323 0.509499
0.016977 12.471400 0.420180
0.017484 12.177560 0.411335
0.017990 11.381328 0.281949
0.018497 10.450631 0.233150
0.019004 10.330285 0.227073
0.019511 9.798387 0.213466
0.020018 9.012382 0.196980
0.020524 8.562890 0.187937
0.021031 8.656016 0.182672
0.021538 7.959248 0.171352
0.022045 7.951024 0.168180
0.022551 7.759600 0.161521
0.023058 7.630025 0.156583
0.023565 7.298291 0.162844
0.024072 7.384064 0.151117
0.024579 6.967997 0.139702
0.025085 6.811798 0.132713
0.025592 6.596895 0.148707
0.026099 6.645950 0.135751
0.026606 6.433940 0.124586
0.027112 6.248277 0.116945
0.027619 6.126087 0.119985
0.028126 6.071106 0.117302
0.028633 6.204846 0.116422
0.029139 6.214814 0.120508
0.029646 6.022574 0.114858
0.030153 5.948033 0.106387
0.030660 5.911660 0.109526
0.031167 5.830652 0.103322
0.031673 5.695871 0.103901
0.032180 5.812731 0.106412
0.032687 5.741649 0.104722
0.033194 5.728226 0.101713
0.033700 5.521725 0.096871
0.034207 5.437980 0.097908
0.034714 5.593604 0.100102
0.035221 5.453963 0.094537
0.035727 5.389550 0.089489
0.036234 5.459440 0.098926
0.036741 5.483705 0.097253
0.037248 5.419049 0.091126
0.037755 5.299450 0.092987
0.038261 5.240091 0.088786
0.038768 5.342414 0.090613
0.039275 5.223424 0.090007
0.039782 4.992304 0.090924
0.040288 5.221126 0.087107
0.040795 5.083267 0.084318
0.041302 5.163890 0.085147
0.041809 5.070570 0.086326
0.042315 5.041010 0.083640
0.042822 5.151251 0.082775
0.043329 4.929245 0.085453
0.043836 4.933895 0.086691
0.044343 4.986411 0.079601
0.044849 4.899680 0.083017
0.045356 4.821003 0.082923
0.045863 5.005930 0.082418
0.046370 4.824324 0.080066
0.046876 4.776404 0.077370
0.047383 4.993792 0.078764
0.047890 4.828511 0.079167
0.048397 4.948633 0.082095
0.048903 4.916697 0.078364
0.049410 4.852215 0.079586
0.049917 4.886889 0.076586
0.050424 4.764806 0.080646
0.050931 4.735768 0.070342
0.051437 4.880116 0.075152
0.051944 4.781931 0.075373
0.052451 4.704556 0.075221
0.052958 4.799827 0.070931
0.053464 4.786569 0.071945
0.053971 4.659877 0.069967
0.054478 4.741903 0.067912
0.054985 4.722154 0.069359
0.055491 4.827301 0.071800
0.055998 4.728241 0.070688
0.056505 4.656625 0.071336
0.057012 4.722220 0.068243
0.057519 4.691075 0.069606
0.058025 4.731466 0.070599
0.058532 4.692694 0.070342
0.059039 4.651091 0.066111
0.059546 4.661795 0.069115
0.060052 4.766728 0.069050
0.060559 4.588706 0.065817
0.061066 4.605454 0.064560
0.061573 4.686676 0.066620
0.062079 4.654763 0.063517
0.062586 4.608792 0.066080
0.063093 4.693696 0.066393
0.063600 4.666146 0.065074
0.064106 4.653281 0.066251
0.064613 4.555042 0.062456
0.065120 4.526812 0.063651
0.065627 4.648046 0.064133
0.066134 4.652564 0.063749
0.066640 4.492648 0.063886
0.067147 4.560403 0.062751
0.067654 4.623442 0.061560
0.068161 4.653933 0.063863
0.068667 4.557998 0.061641
0.069174 4.578741 0.064945
0.069681 4.446439 0.062298
0.070188 4.566569 0.061004
0.070694 4.600218 0.061941
0.071201 4.522073 0.061501
0.071708 4.514275 0.063408
0.072215 4.449088 0.060268
0.072721 4.586222 0.059266
0.073228 4.598850 0.060962
0.073735 4.562461 0.059667
0.074242 4.479738 0.057657
0.074748 4.603102 0.061268
0.075255 4.530498 0.056953
0.075762 4.368097 0.057624
0.076269 4.461160 0.058309
0.076776 4.434973 0.060249
0.077282 4.586295 0.057797
0.077789 4.518642 0.058811
0.078296 4.517840 0.059042
0.078803 4.440145 0.056748
0.079309 4.479284 0.058021
0.079816 4.563478 0.056483
0.080323 4.535453 0.059446
0.080830 4.468521 0.058377
0.081336 4.433224 0.058549
0.081843 4.527111 0.059291
0.082350 4.427574 0.056624
0.082857 4.448509 0.059289
0.083363 4.332370 0.058016
0.083870 4.439107 0.058290
0.084377 4.557778 0.060107
0.084884 4.456299 0.059661
0.085390 4.463100 0.057575
0.085897 4.494627 0.059176
0.086404 4.385210 0.057918
0.086911 4.512163 0.056328
0.087417 4.439691 0.058917
0.087924 4.444309 0.057751
0.088431 4.444033 0.057552
0.088938 4.472978 0.058304
0.089444 4.379462 0.057717
0.089951 4.419341 0.057639
0.090458 4.269531 0.056997
0.090965 4.495267 0.057904
0.091471 4.434744 0.057605
0.091978 4.303772 0.058753
0.092485 4.308873 0.059472
0.092992 4.334529 0.058837
0.093498 4.500351 0.059998
0.094005 4.462335 0.057587
0.094512 4.305538 0.058764
0.095019 4.285011 0.056147
0.095525 4.413370 0.057283
0.096032 4.301307 0.055547
0.096539 4.353931 0.054761
0.097046 4.444533 0.060563
0.097552 4.316181 0.055941
0.098059 4.374295 0.056252
0.098566 4.316579 0.056399
0.099073 4.333967 0.056704
0.099579 4.365860 0.056829
0.100086 4.395014 0.055495
0.100593 4.344517 0.057149
0.101100 4.315141 0.056168
0.101606 4.308676 0.055212
0.102113 4.260290 0.055532
0.102620 4.363889 0.056027
0.103127 4.345493 0.057903
0.103633 4.371281 0.058145
0.104140 4.255014 0.059213
0.104647 4.345643 0.057627
0.105154 4.288551 0.056158
0.105660 4.302090 0.056582
0.106167 4.295813 0.057530
0.106674 4.359012 0.055118
0.107181 4.382596 0.057198
0.107687 4.324025 0.054744
0.108194 4.225934 0.052460
0.108701 4.270165 0.053009
0.109208 4.346316 0.053598
0.109714 4.266343 0.052881
0.110221 4.332086 0.052784
0.110728 4.225977 0.050494
0.111235 4.233051 0.051529
0.111741 4.267172 0.051795
0.112248 4.302227 0.051617
0.112755 4.348826 0.052985
0.113262 4.221873 0.050530
0.113768 4.264044 0.049925
0.114275 4.242147 0.050848
0.114782 4.265528 0.049981
0.115289 4.270285 0.049936
0.115795 4.253410 0.049854
0.116302 4.293893 0.049245
0.116809 4.249250 0.050072
0.117316 4.293253 0.048136
0.117822 4.221003 0.048599
0.118329 4.268791 0.049394
0.118836 4.219369 0.049196
0.119342 4.162708 0.048694
0.119849 4.283196 0.048446
0.120356 4.167668 0.048661
0.120863 4.227226 0.048001
0.121369 4.190556 0.047317
0.121876 4.227309 0.049398
0.122383 4.202549 0.047912
0.122890 4.238232 0.047780
0.123396 4.234691 0.048683
0.123903 4.222305 0.047942
0.124410 4.198567 0.047312
0.124917 4.218239 0.046679
0.125423 4.110486 0.045733
0.125930 4.152527 0.047425
0.126437 4.244896 0.046001
0.126944 4.228833 0.045182
0.127450 4.121968 0.045505
0.127957 4.235367 0.046263
0.128464 4.189375 0.045759
0.128970 4.240241 0.045289
0.129477 4.192675 0.045811
0.129984 4.189432 0.046476
0.130491 4.110219 0.044842
0.130997 4.122763 0.045918
0.131504 4.225164 0.044107
0.132011 4.194408 0.045913
0.132518 4.298305 0.045147
0.133024 4.248171 0.044450
0.133531 4.152944 0.045182
0.134038 4.129203 0.043336
0.134545 4.213759 0.043242
0.135051 4.247460 0.044310
0.135558 4.206720 0.043313
0.136065 4.155710 0.043892
0.136571 4.076506 0.042964
0.137078 4.188873 0.043749
0.137585 4.181860 0.043633
0.138092 4.191546 0.042856
0.138598 4.139406 0.043531
0.139105 4.200220 0.043518
0.139612 4.164847 0.042972
0.140119 4.123721 0.042450
0.140625 4.172234 0.042317
0.141132 4.195481 0.042797
0.141639 4.143926 0.041122
0.142145 4.164168 0.041578
0.142652 4.194514 0.042387
0.143159 4.114728 0.042498
0.143666 4.139025 0.042308
0.144172 4.111870 0.041729
0.144679 4.092554 0.041560
0.145186 4.157973 0.042727
0.145692 4.208020 0.041259
0.146199 4.127347 0.040915
0.146706 4.129555 0.040478
0.147213 4.186069 0.041630
0.147719 4.106925 0.041268
0.148226 4.113401 0.040932
0.148733 4.155529 0.042043
0.149240 4.094106 0.040009
0.149746 4.094739 0.041073
0.150253 4.053593 0.040583
0.150760 4.074785 0.040458
0.151266 4.179091 0.041479
0.151773 4.098229 0.041009
0.152280 4.115491 0.040418
0.152787 4.070765 0.040821
0.153293 3.981945 0.039735
0.153800 4.095907 0.040849
0.154307 4.052150 0.039259
0.154813 4.140529 0.039630
0.155320 4.009378 0.040186
0.155827 4.110608 0.039917
0.156334 4.042510 0.039171
0.156840 3.997099 0.039371
0.157347 4.036314 0.038701
0.157854 4.083507 0.039337
0.158360 4.095430 0.039710
0.158867 4.074501 0.040022
0.159374 4.081507 0.040109
0.159881 4.034495 0.039598
0.160387 4.094106 0.039181
0.160894 4.053637 0.038150
0.161401 4.057837 0.039673
0.161907 4.059214 0.038826
0.162414 4.017811 0.037975
0.162921 4.071239 0.039531
0.163427 3.968318 0.038085
0.163934 4.055676 0.037904
0.164441 4.063618 0.038951
0.164948 4.076373 0.038935
0.165454 4.044671 0.038666
0.165961 3.983678 0.037726
0.166468 3.987295 0.037966
0.166974 4.044717 0.037770
0.167481 3.972901 0.038269
0.167988 4.014882 0.037836
0.168495 4.065437 0.039193
0.169001 4.079836 0.039940
0.169508 3.990498 0.037069
0.170015 4.043512 0.039759
0.170521 4.058966 0.038369
0.171028 3.984593 0.038151
0.171535 4.094194 0.039011
0.172041 4.077355 0.039818
0.172548 4.060032 0.038805
0.173055 4.065982 0.040113
0.173562 4.076386 0.038413
0.174068 4.015716 0.039484
0.174575 4.004347 0.038888
0.175082 4.021241 0.038898
0.175588 4.018017 0.040305
0.176095 4.007150 0.039939
0.176602 3.984216 0.039071
0.177108 4.041700 0.039948
0.177615 3.975365 0.038929
0.178122 4.000282 0.038557
0.178629 3.997988 0.038612
0.179135 4.059921 0.039109
0.179642 3.969132 0.037834
0.180149 4.022368 0.039449
0.180655 4.091403 0.039183
0.181162 3.973151 0.038019
0.181669 3.981444 0.039155
0.182175 4.063988 0.040474
0.182682 4.003540 0.039453
0.183189 3.954387 0.039987
0.183695 4.023475 0.039915
0.184202 4.032202 0.038634
0.184709 4.006994 0.039414
0.185216 3.983713 0.040600
0.185722 4.048826 0.040603
0.186229 3.979361 0.041064
0.186736 3.971040 0.039448
0.187242 4.009729 0.039330
0.187749 3.939099 0.041039
0.188256 4.028329 0.041696
0.188762 4.048550 0.041068
0.189269 3.989814 0.040468
0.189776 3.977697 0.042164
0.190282 3.955516 0.041286
0.190789 3.992912 0.041673
0.191296 4.021785 0.040968
0.191802 3.901127 0.040280
0.192309 4.007528 0.041460
0.192816 4.053661 0.041502
0.193323 3.952131 0.041119
0.193829 4.023094 0.041685
0.194336 3.986657 0.042668
0.194843 4.062147 0.042565
0.195349 3.995010 0.042141
0.195856 4.005061 0.042641
0.196363 4.034059 0.041335
0.196869 3.959297 0.040760
0.197376 3.972539 0.041913
0.197883 4.007913 0.043251
0.198389 4.038725 0.042164
0.198896 3.965871 0.041949
0.199403 3.997088 0.042715
0.199909 3.974989 0.042843
0.200416 3.944542 0.042956
0.200923 4.038603 0.043503
0.201429 3.965346 0.041917
0.201936 3.882130 0.041664
0.202443 3.948716 0.040609
0.202949 4.014232 0.042847
0.203456 3.923784 0.041986
0.203963 4.024382 0.042987
0.204469 4.006504 0.042598
0.204976 4.011653 0.042202
0.205483 3.983975 0.041616
0.205989 3.918122 0.042135
0.206496 3.927432 0.043256
0.207003 4.024921 0.042044
0.207509 3.932536 0.042101
0.208016 4.014806 0.043491
0.208523 3.982436 0.042208
0.209029 3.893193 0.041759
0.209536 3.976675 0.042180
0.210043 3.969403 0.043057
0.210549 4.004073 0.043113
0.211056 3.935208 0.043122
0.211563 3.935244 0.042236
0.212069 3.885250 0.041660
0.212576 3.894104 0.042711
0.213083 3.906228 0.042686
0.213589 3.975750 0.041959
0.214096 3.896696 0.042023
0.214603 3.916948 0.041766
0.215109 3.927721 0.041814
0.215616 3.872015 0.042038
0.216123 3.910077 0.041220
0.216629 3.860591 0.042633
0.217136 3.924832 0.041752
0.217643 3.944640 0.042102
0.218149 3.877939 0.042130
0.218656 3.866262 0.041389
0.219163 3.937629 0.041466
0.219669 3.919787 0.042349
0.220176 3.913717 0.041863
0.220683 3.867926 0.040855
0.221189 3.888490 0.042062
0.221696 3.965198 0.041387
0.222203 3.871570 0.041964
0.222709 3.872506 0.040593
0.223216 3.810375 0.042341
0.223722 3.882714 0.041285
0.224229 3.878755 0.041246
0.224736 3.900330 0.042132
0.225242 3.906841 0.042028
0.225749 3.897925 0.041150
0.226256 3.843592 0.039718
0.226762 3.832464 0.039877
0.227269 3.876448 0.041657
0.227776 3.919064 0.040744
0.228282 3.780990 0.041065
0.228789 3.924136 0.041735
0.229296 3.911156 0.040068
0.229802 3.920066 0.040046
0.230309 3.886767 0.040947
0.230816 3.887790 0.040592
0.231322 3.874274 0.040055
0.231829 3.912101 0.039261
0.232335 3.833701 0.039720
0.232842 3.868696 0.039512
0.233349 3.832694 0.039012
0.233855 3.815828 0.039547
0.234362 3.861542 0.040087
0.234869 3.878897 0.039941
0.235375 3.873120 0.038595
0.235882 3.880283 0.037980
0.236389 3.841736 0.037683
0.236895 3.804242 0.038848
0.237402 3.879121 0.039122
0.237908 3.829348 0.039599
0.238415 3.841880 0.039091
0.238922 3.856470 0.038459
0.239428 3.851199 0.038425
0.239935 3.876739 0.040841
0.240442 3.810663 0.038050
0.240948 3.822653 0.038162
0.241455 3.874351 0.038740
0.241962 3.879190 0.038104
0.242468 3.864254 0.038016
0.242975 3.892753 0.038193
0.243481 3.774397 0.037690
0.243988 3.811721 0.038846
0.244495 3.807852 0.037689
0.245001 3.780597 0.037082
0.245508 3.789101 0.037583
0.246015 3.812190 0.037347
0.246521 3.770352 0.037438
0.247028 3.805697 0.037957
0.247534 3.815507 0.037204
0.248041 3.845734 0.038436
0.248548 3.762964 0.037249
0.249054 3.822556 0.037566
0.249561 3.776372 0.036927
0.250068 3.813426 0.036777
0.250574 3.782178 0.036394
0.251081 3.805331 0.037237
0.251587 3.780774 0.036887
0.252094 3.789762 0.037290
0.252601 3.807219 0.036132
0.253107 3.781263 0.037149
0.253614 3.812943 0.036077
0.254120 3.786140 0.036336
0.254627 3.798351 0.036182
0.255134 3.799488 0.036105
0.255640 3.759975 0.036087
0.256147 3.795485 0.036819
0.256654 3.794846 0.036124
0.257160 3.782052 0.035732
0.257667 3.751486 0.036591
0.258173 3.808553 0.035600
0.258680 3.800478 0.035687
0.259187 3.793535 0.034754
0.259693 3.847151 0.034773
0.260200 3.783844 0.035591
0.260706 3.809990 0.035635
0.261213 3.738647 0.034882
0.261720 3.808165 0.034928
0.262226 3.751253 0.035554
0.262733 3.780127 0.035309
0.263239 3.793123 0.035915
0.263746 3.730800 0.034135
0.264253 3.759624 0.034514
0.264759 3.769945 0.034544
0.265266 3.781942 0.034407
0.265772 3.824094 0.035459
0.266279 3.789627 0.034443
0.266786 3.793993 0.035106
0.267292 3.791103 0.034520
0.267799 3.791681 0.033821
0.268305 3.718663 0.034105
0.268812 3.795881 0.034834
0.269319 3.736963 0.034598
0.269825 3.750440 0.035301
0.270332 3.758912 0.034753
0.270838 3.778770 0.034508
0.271345 3.705431 0.033765
0.271852 3.738519 0.034674
0.272358 3.743930 0.034132
0.272865 3.745537 0.033783
0.273371 3.701755 0.033841
0.273878 3.714767 0.034012
0.274385 3.663959 0.034104
0.274891 3.686387 0.033595
0.275398 3.773681 0.034471
0.275904 3.700811 0.034043
0.276411 3.674221 0.033131
0.276917 3.786139 0.033749
0.277424 3.756057 0.033470
0.277931 3.774216 0.034073
0.278437 3.697288 0.033209
0.278944 3.760989 0.033359
0.279450 3.662065 0.033451
0.279957 3.715629 0.033674
0.280464 3.653524 0.032858
0.280970 3.742603 0.033660
0.281477 3.714911 0.033245
0.281983 3.678126 0.033365
0.282490 3.747760 0.032858
0.282996 3.655876 0.033006
0.283503 3.672847 0.032691
0.284010 3.721608 0.033479
0.284516 3.663222 0.032753
0.285023 3.712677 0.034110
0.285529 3.676100 0.032602
0.286036 3.675375 0.032786
0.286542 3.720146 0.032696
0.287049 3.678538 0.032954
0.287556 3.681961 0.032580
0.288062 3.657966 0.032361
0.288569 3.663436 0.033519
0.289075 3.703802 0.032885
0.289582 3.691104 0.032435
0.290088 3.689633 0.032955
0.290595 3.706850 0.033193
0.291102 3.674899 0.033302
0.291608 3.676819 0.032047
0.292115 3.696651 0.032324
0.292621 3.636758 0.032054
0.293128 3.699660 0.033226
0.293634 3.614035 0.032358
0.294141 3.634214 0.032255
0.294647 3.637826 0.032394
0.295154 3.650354 0.033037
0.295661 3.647933 0.032521
0.296167 3.588400 0.032848
0.296674 3.630233 0.032670
0.297180 3.670643 0.032865
0.297687 3.713018 0.033522
0.298193 3.631730 0.032989
0.298700 3.629038 0.032886
0.299206 3.657173 0.032647
0.299713 3.618676 0.031818
0.300220 3.665107 0.033022
0.300726 3.640826 0.032863
0.301233 3.698927 0.032904
0.301739 3.642335 0.032375
0.302246 3.617493 0.032670
0.302752 3.609486 0.032303
0.303259 3.591964 0.032500
0.303765 3.589427 0.032388
0.304272 3.601948 0.032376
0.304779 3.628337 0.032352
0.305285 3.620434 0.031695
0.305792 3.635719 0.032475
0.306298 3.612102 0.032006
0.306805 3.607800 0.031714
0.307311 3.545620 0.032762
0.307818 3.622789 0.032769
0.308324 3.650722 0.033009
0.308831 3.574818 0.031924
0.309337 3.600502 0.032224
0.309844 3.603864 0.033263
0.310350 3.633288 0.033314
0.310857 3.590469 0.032457
0.311364 3.563066 0.033381
0.311870 3.481090 0.032982
0.312377 3.613501 0.033688
0.312883 3.600355 0.034667
0.313390 3.614183 0.034482
0.313896 3.694727 0.035356
0.314403 3.647514 0.034242
0.314909 3.610544 0.034846
0.315416 3.590055 0.035434
0.315922 3.562249 0.034385
0.316429 3.571416 0.034756
0.316935 3.603498 0.034546
0.317442 3.656748 0.034916
0.317948 3.592158 0.034949
0.318455 3.553190 0.035478
0.318961 3.577786 0.035279
0.319468 3.594395 0.035691
0.319975 3.587543 0.034309
0.320481 3.504916 0.035743
0.320988 3.572733 0.035395
0.321494 3.577604 0.038199
0.322001 3.589178 0.035039
0.322507 3.596436 0.035998
0.323014 3.577410 0.035203
0.323520 3.671919 0.035388
0.324027 3.611241 0.035374
0.324533 3.599583 0.035661
0.325040 3.594898 0.034336
0.325546 3.608834 0.035358
0.326053 3.581868 0.035912
0.326559 3.622345 0.034779
0.327066 3.612820 0.035470
0.327572 3.623875 0.036172
0.328079 3.636370 0.036165
0.328585 3.623195 0.035494
0.329092 3.575037 0.036406
0.329598 3.640767 0.036800
0.330105 3.640226 0.036370
0.330611 3.629832 0.036313
0.331118 3.548296 0.036480
0.331624 3.632885 0.035565
0.332131 3.590400 0.035399
0.332637 3.584545 0.036080
0.333144 3.509993 0.035310
0.333650 3.587406 0.035678
0.334157 3.596772 0.036580
0.334663 3.583474 0.036227
0.335170 3.607048 0.035980
0.335676 3.584748 0.035576
0.336183 3.519675 0.035132
0.336689 3.630069 0.037537
0.337196 3.611361 0.036576
0.337702 3.593719 0.036166
0.338209 3.582279 0.036481
0.338715 3.581906 0.036299
0.339222 3.581546 0.036155
0.339728 3.570021 0.035603
0.340235 3.581797 0.036571
0.340741 3.572457 0.036099
0.341248 3.673083 0.037664
0.341754 3.592736 0.035907
0.342261 3.564369 0.035674
0.342767 3.495545 0.036664
0.343274 3.513245 0.035650
0.343780 3.516138 0.036538
0.344287 3.633158 0.037945
0.344793 3.537395 0.036422
0.345300 3.591196 0.036704
0.345806 3.532076 0.036360
0.346313 3.541629 0.036486
0.346819 3.523323 0.036330
0.347325 3.566359 0.037978
0.347832 3.554513 0.036917
0.348338 3.527161 0.036619
0.348845 3.494453 0.036730
0.349351 3.514342 0.036389
0.349858 3.442587 0.036047
0.350364 3.490652 0.036422
0.350871 3.519752 0.036876
0.351377 3.588970 0.035734
0.351884 3.592186 0.036694
0.352390 3.491681 0.036792
0.352897 3.516232 0.036507
0.353403 3.563541 0.036000
0.353910 3.529524 0.036562
0.354416 3.513053 0.037267
0.354923 3.544956 0.036129
0.355429 3.562377 0.035782
0.355935 3.473850 0.035338
0.356442 3.456572 0.034854
0.356948 3.491689 0.034483
0.357455 3.565824 0.035106
0.357961 3.560065 0.034734
0.358468 3.541919 0.035004
0.358974 3.520072 0.034632
0.359481 3.500027 0.035288
0.359987 3.553897 0.035333
0.360494 3.509862 0.034120
0.361000 3.525013 0.035690
0.361506 3.534981 0.035520
0.362013 3.496511 0.035693
0.362519 3.580183 0.034962
0.363026 3.523310 0.034930
0.363532 3.563243 0.035997
0.364039 3.546428 0.036401
0.364545 3.574732 0.035657
0.365052 3.502210 0.036024
0.365558 3.533771 0.035459
0.366064 3.504554 0.035668
0.366571 3.494045 0.035252
0.367077 3.502733 0.035991
0.367584 3.475324 0.035937
0.368090 3.453876 0.036191
0.368597 3.485079 0.036086
0.369103 3.466696 0.037159
0.369610 3.462515 0.036809
0.370116 3.479543 0.036534
0.370622 3.496215 0.036917
0.371129 3.457739 0.037365
0.371635 3.399766 0.036251
0.372142 3.419913 0.038572
0.372648 3.525097 0.038055
0.373155 3.452816 0.036971
0.373661 3.419111 0.036326
0.374167 3.505826 0.037737
0.374674 3.477076 0.038723
0.375180 3.491920 0.038097
0.375687 3.474984 0.036954
0.376193 3.455018 0.038677
0.376700 3.533167 0.038317
0.377206 3.527329 0.038674
0.377712 3.424400 0.038695
0.378219 3.519326 0.039399
0.378725 3.462636 0.039283
0.379232 3.489786 0.039130
0.379738 3.438520 0.039861
0.380245 3.504005 0.039633
0.380751 3.473299 0.041186
0.381257 3.453686 0.038822
0.381764 3.435000 0.041007
0.382270 3.491178 0.040934
0.382777 3.484841 0.039599
0.383283 3.439050 0.039969
0.383789 3.429748 0.040872
0.384296 3.448205 0.041183
0.384802 3.498857 0.041639
0.385309 3.396156 0.040456
0.385815 3.442084 0.042027
0.386321 3.489906 0.041770
0.386828 3.464286 0.041514
0.387334 3.364065 0.041994
0.387841 3.457762 0.042401
0.388347 3.430151 0.041745
0.388853 3.378457 0.041766
0.389360 3.469146 0.042615
0.389866 3.383656 0.042865
0.390373 3.415676 0.043931
0.390879 3.459616 0.043300
0.391385 3.486176 0.044854
0.391892 3.461329 0.044492
0.392398 3.400661 0.043888
0.392905 3.409999 0.044673
0.393411 3.423367 0.043803
0.393917 3.378300 0.042963
0.394424 3.423299 0.043796
0.394930 3.442593 0.045694
0.395437 3.400992 0.044692
0.395943 3.493367 0.044971
0.396449 3.406293 0.045090
0.396956 3.358250 0.045914
0.397462 3.446075 0.046826
0.397969 3.362015 0.045322
0.398475 3.404771 0.046174
0.398981 3.459377 0.048562
0.399488 3.419233 0.045867
0.399994 3.434350 0.046595
0.400500 3.414382 0.045958
0.401007 3.464469 0.048345
0.401513 3.438359 0.048317
0.402020 3.310571 0.047766
0.402526 3.428875 0.049224
0.403032 3.492739 0.049161
0.403539 3.481753 0.048160
0.404045 3.370018 0.049776
0.404551 3.431287 0.048985
0.405058 3.378054 0.048726
0.405564 3.303349 0.047821
0.406071 3.366932 0.048220
0.406577 3.320867 0.049016
0.407083 3.412128 0.047794
0.407590 3.427673 0.047815
0.408096 3.320709 0.049081
0.408602 3.400197 0.050522
0.409109 3.449069 0.050435
0.409615 3.414133 0.052100
0.410121 3.362958 0.050410
0.410628 3.402719 0.050264
0.411134 3.329601 0.049414
0.411641 3.332620 0.049912
0.412147 3.463335 0.052549
0.412653 3.336125 0.052410
0.413160 3.359439 0.050113
0.413666 3.354048 0.051234
0.414172 3.328721 0.051783
0.414679 3.363505 0.049904
0.415185 3.260593 0.052412
0.415691 3.378148 0.053164
0.416198 3.390227 0.053015
0.416704 3.366321 0.050885
0.417210 3.373252 0.053102
0.417717 3.317744 0.052945
0.418223 3.379923 0.051150
0.418729 3.275798 0.052711
0.419236 3.262500 0.051618
0.419742 3.353760 0.053002
0.420248 3.359132 0.049787
0.420755 3.365993 0.053317
0.421261 3.262442 0.053179
0.421767 3.333628 0.051755
0.422274 3.372162 0.052310
0.422780 3.286722 0.053051
0.423286 3.290684 0.054174
0.423793 3.272821 0.052377
0.424299 3.376210 0.056573
0.424805 3.292956 0.055707
0.425312 3.391804 0.051939
0.425818 3.335511 0.056366
0.426324 3.278881 0.057096
0.426831 3.327971 0.054825
0.427337 3.367807 0.056093
0.427843 3.368768 0.059445
0.428350 3.296873 0.057469
0.428856 3.393618 0.056873
0.429362 3.409810 0.059162
0.429869 3.284147 0.056631
0.430375 3.347861 0.059083
0.430881 3.232027 0.055044
0.431388 3.307246 0.062923
0.431894 3.309014 0.060805
0.432400 3.303151 0.059708
0.432907 3.297446 0.062148
0.433413 3.350096 0.062844
0.433919 3.257545 0.061965
0.434425 3.354733 0.062937
0.434932 3.329117 0.062304
0.435438 3.316183 0.065654
0.435944 3.387700 0.063333
0.436451 3.440829 0.066130
0.436957 3.269184 0.069476
0.437463 3.378441 0.068192
0.437970 3.325167 0.066333
0.438476 3.249883 0.067987
0.438982 3.206458 0.070827
0.439488 3.280410 0.068923
0.439995 3.400740 0.071253
