0.009882 103.722598 23.716343
0.010389 74.562797 14.338504
0.010896 71.596468 13.453387
0.011402 58.563921 10.474917
0.011909 35.315976 6.405118
0.012416 40.863871 6.445396
0.012923 28.507028 3.702841
0.013430 23.657694 3.531084
0.013936 19.194945 2.023571
0.014443 18.743737 1.791308
0.014950 17.069911 1.027286
0.015457 15.103584 0.736875
0.015963 14.493889 0.716418
0.016470 13.216185 0.488564
0.016977 12.074844 0.398693
0.017484 11.308239 0.366521
0.017990 11.323522 0.304691
0.018497 10.514988 0.231274
0.019004 10.153249 0.253687
0.019511 9.627332 0.222926
0.020018 9.024627 0.186147
0.020524 8.741031 0.191849
0.021031 8.376659 0.209984
0.021538 8.041034 0.176281
0.022045 8.070325 0.169901
0.022551 7.708053 0.154152
0.023058 7.558595 0.166253
0.023565 7.288974 0.154540
0.024072 7.204493 0.136946
0.024579 6.886123 0.130916
0.025085 6.836729 0.134041
0.025592 6.648668 0.139039
0.026099 6.550579 0.129390
0.026606 6.631348 0.133956
0.027112 6.481195 0.125585
0.027619 6.329482 0.119441
0.028126 6.342982 0.130634
0.028633 6.081586 0.115820
0.029139 6.082389 0.117557
0.029646 6.082979 0.113326
0.030153 6.243696 0.112350
0.030660 5.818784 0.115282
0.031167 5.769780 0.104161
0.031673 5.948469 0.108452
0.032180 5.498202 0.104959
0.032687 5.616392 0.106158
0.033194 5.688476 0.107453
0.033700 5.672122 0.107033
0.034207 5.647423 0.100820
0.034714 5.381025 0.098190
0.035221 5.578043 0.101532
0.035727 5.543129 0.098930
0.036234 5.261608 0.101806
0.036741 5.394695 0.093187
0.037248 5.362095 0.094372
0.037755 5.275919 0.091703
0.038261 5.258799 0.088615
0.038768 5.174641 0.091603
0.039275 5.279607 0.090655
0.039782 5.121912 0.087301
0.040288 5.200325 0.089434
0.040795 5.335240 0.093305
0.041302 5.084446 0.086891
0.041809 5.023239 0.090156
0.042315 5.119329 0.084606
0.042822 5.028461 0.084474
0.043329 4.984064 0.088261
0.043836 4.990029 0.080544
0.044343 5.035297 0.085123
0.044849 5.210194 0.080793
0.045356 4.880330 0.083839
0.045863 4.923051 0.080824
0.046370 4.957400 0.083455
0.046876 4.869919 0.082791
0.047383 4.995120 0.084145
0.047890 4.938757 0.079921
0.048397 4.659747 0.075264
0.048903 4.815164 0.076917
0.049410 4.888651 0.075017
0.049917 4.889359 0.076411
0.050424 4.911842 0.076886
0.050931 4.849934 0.073554
0.051437 4.801443 0.071935
0.051944 4.611526 0.072218
0.052451 4.860897 0.073730
0.052958 4.865578 0.076753
0.053464 4.732787 0.071363
0.053971 4.862138 0.072950
0.054478 4.896882 0.069498
0.054985 4.686516 0.068559
0.055491 4.745751 0.069854
0.055998 4.861002 0.071008
0.056505 4.599293 0.070444
0.057012 4.630131 0.069970
0.057519 4.630461 0.069790
0.058025 4.704867 0.071419
0.058532 4.618497 0.066341
0.059039 4.680051 0.065679
0.059546 4.626666 0.068274
0.060052 4.650246 0.070339
0.060559 4.724353 0.071433
0.061066 4.675324 0.069009
0.061573 4.726296 0.066810
0.062079 4.572386 0.068327
0.062586 4.624589 0.066888
0.063093 4.729312 0.065142
0.063600 4.668958 0.065283
0.064106 4.588299 0.065528
0.064613 4.617786 0.064314
0.065120 4.676744 0.066212
0.065627 4.600766 0.062718
0.066134 4.565038 0.063257
0.066640 4.681309 0.066031
0.067147 4.609886 0.064726
0.067654 4.489482 0.063231
0.068161 4.593745 0.062165
0.068667 4.556291 0.061595
0.069174 4.718889 0.064806
0.069681 4.545675 0.062293
0.070188 4.564382 0.061099
0.070694 4.539468 0.064198
0.071201 4.673797 0.064585
0.071708 4.564452 0.059218
0.072215 4.528051 0.060851
0.072721 4.612983 0.060456
0.073228 4.596422 0.060707
0.073735 4.442627 0.061222
0.074242 4.427685 0.057444
0.074748 4.515562 0.060700
0.075255 4.445152 0.057736
0.075762 4.494853 0.059721
0.076269 4.411930 0.056240
0.076776 4.561575 0.057534
0.077282 4.517786 0.058182
0.077789 4.543877 0.059158
0.078296 4.458723 0.058133
0.078803 4.403732 0.056992
0.079309 4.518684 0.057229
0.079816 4.457569 0.059469
0.080323 4.444167 0.057262
0.080830 4.420372 0.057999
0.081336 4.470565 0.057957
0.081843 4.586983 0.059696
0.082350 4.453834 0.059001
0.082857 4.564892 0.059155
0.083363 4.504005 0.059639
0.083870 4.516357 0.059189
0.084377 4.472378 0.057703
0.084884 4.503664 0.059176
0.085390 4.415880 0.058145
0.085897 4.506377 0.059414
0.086404 4.493349 0.057264
0.086911 4.478418 0.059306
0.087417 4.473242 0.059379
0.087924 4.464486 0.061008
0.088431 4.469758 0.059208
0.088938 4.441076 0.059787
0.089444 4.334417 0.054697
0.089951 4.351983 0.055928
0.090458 4.438026 0.058118
0.090965 4.455131 0.058198
0.091471 4.341422 0.056650
0.091978 4.398291 0.057709
0.092485 4.434615 0.061146
0.092992 4.391340 0.056488
0.093498 4.310053 0.057361
0.094005 4.396283 0.059298
0.094512 4.475956 0.058072
0.095019 4.392907 0.056943
0.095525 4.440234 0.060805
0.096032 4.465363 0.057132
0.096539 4.367634 0.055272
0.097046 4.324183 0.055792
0.097552 4.370912 0.059383
0.098059 4.378031 0.056119
0.098566 4.341770 0.056716
0.099073 4.320274 0.057231
0.099579 4.373388 0.056722
0.100086 4.418815 0.057242
0.100593 4.397682 0.055721
0.101100 4.330318 0.056921
0.101606 4.358252 0.054576
0.102113 4.413855 0.056983
0.102620 4.356246 0.056779
0.103127 4.335626 0.056010
0.103633 4.317212 0.056195
0.104140 4.354249 0.057769
0.104647 4.397470 0.057419
0.105154 4.328972 0.057938
0.105660 4.301326 0.056724
0.106167 4.361844 0.054886
0.106674 4.406546 0.055909
0.107181 4.306576 0.054190
0.107687 4.346538 0.052851
0.108194 4.261765 0.053781
0.108701 4.306260 0.053958
0.109208 4.440324 0.054356
0.109714 4.297732 0.050986
0.110221 4.312806 0.053167
0.110728 4.241046 0.052283
0.111235 4.250730 0.053983
0.111741 4.225567 0.051349
0.112248 4.277625 0.051072
0.112755 4.284965 0.050345
0.113262 4.354180 0.052016
0.113768 4.257148 0.052603
0.114275 4.243994 0.051210
0.114782 4.316525 0.051340
0.115289 4.247173 0.050045
0.115795 4.305595 0.050180
0.116302 4.214477 0.048737
0.116809 4.197064 0.049215
0.117316 4.299670 0.049983
0.117822 4.267139 0.049919
0.118329 4.286142 0.048642
0.118836 4.224077 0.048965
0.119342 4.262160 0.049531
0.119849 4.231394 0.049899
0.120356 4.222107 0.049836
0.120863 4.255766 0.049106
0.121369 4.125751 0.047660
0.121876 4.128419 0.047031
0.122383 4.184594 0.046956
0.122890 4.255397 0.047587
0.123396 4.347319 0.049051
0.123903 4.219570 0.047758
0.124410 4.312048 0.047430
0.124917 4.098929 0.047269
0.125423 4.176484 0.047385
0.125930 4.249533 0.048713
0.126437 4.292272 0.047560
0.126944 4.191025 0.047748
0.127450 4.155497 0.046112
0.127957 4.222433 0.045181
0.128464 4.246658 0.047082
0.128970 4.181986 0.045231
0.129477 4.165522 0.045074
0.129984 4.166394 0.045692
0.130491 4.111797 0.044224
0.130997 4.154159 0.044873
0.131504 4.154907 0.044808
0.132011 4.209995 0.045406
0.132518 4.246569 0.046924
0.133024 4.173667 0.044553
0.133531 4.195783 0.045008
0.134038 4.137953 0.044756
0.134545 4.201908 0.043685
0.135051 4.207318 0.043119
0.135558 4.128897 0.044550
0.136065 4.252113 0.045189
0.136571 4.201829 0.043205
0.137078 4.271881 0.044629
0.137585 4.169650 0.044193
0.138092 4.193840 0.042701
0.138598 4.204779 0.042671
0.139105 4.128213 0.042889
0.139612 4.186544 0.042828
0.140119 4.187232 0.042506
0.140625 4.205700 0.042446
0.141132 4.146826 0.041591
0.141639 4.188346 0.042619
0.142145 4.103837 0.042323
0.142652 4.148697 0.041673
0.143159 4.151169 0.041811
0.143666 4.084610 0.041123
0.144172 4.158803 0.043086
0.144679 4.180978 0.042516
0.145186 4.160121 0.041760
0.145692 4.135335 0.041585
0.146199 4.094108 0.040838
0.146706 4.170500 0.041974
0.147213 4.147070 0.042455
0.147719 4.216501 0.042018
0.148226 4.177034 0.040867
0.148733 4.226600 0.041131
0.149240 4.163096 0.041865
0.149746 4.077918 0.041707
0.150253 4.059906 0.040581
0.150760 4.213981 0.041723
0.151266 4.043128 0.040721
0.151773 4.145970 0.041560
0.152280 4.061378 0.040167
0.152787 4.087653 0.040431
0.153293 4.081463 0.039898
0.153800 4.116358 0.039538
0.154307 4.080383 0.040391
0.154813 4.021692 0.039815
0.155320 4.082166 0.040919
0.155827 3.996676 0.038095
0.156334 4.197684 0.039453
0.156840 4.080940 0.039788
0.157347 4.093763 0.038309
0.157854 4.125691 0.039102
0.158360 4.100930 0.039615
0.158867 4.153269 0.039728
0.159374 4.106848 0.038745
0.159881 4.071279 0.038098
0.160387 4.059238 0.039454
0.160894 4.067271 0.038950
0.161401 4.078437 0.039065
0.161907 4.132429 0.040058
0.162414 4.082185 0.039237
0.162921 4.096300 0.039934
0.163427 4.089393 0.038684
0.163934 4.065050 0.038692
0.164441 4.065498 0.038857
0.164948 4.048711 0.038778
0.165454 4.068996 0.038460
0.165961 4.085587 0.039376
0.166468 4.077159 0.038211
0.166974 4.090658 0.039348
0.167481 4.064313 0.038451
0.167988 4.042388 0.037947
0.168495 4.062068 0.039803
0.169001 3.993396 0.038700
0.169508 4.042985 0.038496
0.170015 4.100511 0.039798
0.170521 4.045530 0.039470
0.171028 4.057500 0.039816
0.171535 4.041341 0.040210
0.172041 3.961257 0.037503
0.172548 4.025162 0.038798
0.173055 4.020753 0.037745
0.173562 4.005833 0.039121
0.174068 4.020826 0.039591
0.174575 4.045252 0.038780
0.175082 4.052659 0.039193
0.175588 4.015688 0.038671
0.176095 4.062664 0.039690
0.176602 4.112288 0.039912
0.177108 3.946733 0.037958
0.177615 4.011900 0.039622
0.178122 4.042130 0.038371
0.178629 4.022777 0.038599
0.179135 4.037325 0.039888
0.179642 3.940243 0.038822
0.180149 4.018129 0.038980
0.180655 4.062499 0.039721
0.181162 3.988328 0.040284
0.181669 4.057344 0.038999
0.182175 4.054270 0.038940
0.182682 3.974684 0.039749
0.183189 4.041583 0.039367
0.183695 4.024718 0.039280
0.184202 4.075115 0.040696
0.184709 4.019241 0.041060
0.185216 3.968028 0.040407
0.185722 4.025618 0.040862
0.186229 3.980240 0.040214
0.186736 4.064300 0.041161
0.187242 4.057231 0.039961
0.187749 4.068392 0.041962
0.188256 4.016481 0.040908
0.188762 3.967760 0.041679
0.189269 4.030080 0.041212
0.189776 4.020659 0.041692
0.190282 4.008707 0.042006
0.190789 3.957304 0.041576
0.191296 3.975737 0.040820
0.191802 3.944745 0.041640
0.192309 3.973332 0.041248
0.192816 4.030393 0.041679
0.193323 4.035585 0.041634
0.193829 4.011290 0.042765
0.194336 3.988892 0.041777
0.194843 4.048993 0.040733
0.195349 4.011853 0.042021
0.195856 3.957543 0.041368
0.196363 4.002775 0.043037
0.196869 3.981288 0.042380
0.197376 4.038673 0.042215
0.197883 4.084462 0.043796
0.198389 3.989590 0.041824
0.198896 4.015765 0.042599
0.199403 3.997088 0.041452
0.199909 3.968101 0.043424
0.200416 4.032495 0.042429
0.200923 3.981332 0.042089
0.201429 4.055101 0.042563
0.201936 3.894644 0.042124
0.202443 3.943601 0.042821
0.202949 4.031263 0.041505
0.203456 4.007368 0.042690
0.203963 3.924457 0.042358
0.204469 4.027894 0.043251
0.204976 3.939978 0.042876
0.205483 3.982092 0.043070
0.205989 3.931808 0.042033
0.206496 4.009429 0.042214
0.207003 3.985135 0.042207
0.207509 3.978650 0.042146
0.208016 4.015756 0.042653
0.208523 4.025479 0.043087
0.209029 4.016225 0.043424
0.209536 3.948876 0.041436
0.210043 3.929168 0.042399
0.210549 3.943348 0.042310
0.211056 3.926658 0.041980
0.211563 3.907767 0.042038
0.212069 3.915340 0.041760
0.212576 3.886161 0.042265
0.213083 3.856281 0.041870
0.213589 3.904754 0.041953
0.214096 3.960462 0.042204
0.214603 3.845056 0.041852
0.215109 3.896248 0.042117
0.215616 3.956527 0.042239
0.216123 3.869425 0.042663
0.216629 3.939302 0.043006
0.217136 3.962911 0.042107
0.217643 3.966319 0.043332
0.218149 3.956361 0.042904
0.218656 3.953420 0.042469
0.219163 3.871928 0.041113
0.219669 3.913323 0.042049
0.220176 3.915547 0.042540
0.220683 3.849906 0.040836
0.221189 3.957790 0.041519
0.221696 3.903577 0.040827
0.222203 3.813793 0.042492
0.222709 3.921594 0.041481
0.223216 3.902455 0.041466
0.223722 3.850059 0.041479
0.224229 3.955931 0.042647
0.224736 3.896731 0.041635
0.225242 3.786036 0.041109
0.225749 3.825029 0.041347
0.226256 3.910479 0.041513
0.226762 3.874344 0.041680
0.227269 3.942462 0.042264
0.227776 3.915135 0.040825
0.228282 3.904123 0.041788
0.228789 3.901501 0.040233
0.229296 3.866244 0.040248
0.229802 3.899625 0.040444
0.230309 3.893180 0.041538
0.230816 3.932576 0.040478
0.231322 3.904249 0.039072
0.231829 3.886232 0.041008
0.232335 3.894614 0.040565
0.232842 3.869108 0.038694
0.233349 3.895532 0.038915
0.233855 3.853699 0.039605
0.234362 3.835453 0.039516
0.234869 3.819134 0.038757
0.235375 3.880898 0.039619
0.235882 3.836268 0.039522
0.236389 3.807385 0.038076
0.236895 3.856989 0.039131
0.237402 3.902877 0.039479
0.237908 3.814193 0.038672
0.238415 3.851795 0.037978
0.238922 3.874384 0.038630
0.239428 3.879336 0.038960
0.239935 3.871262 0.038627
0.240442 3.845089 0.037868
0.240948 3.839131 0.038201
0.241455 3.832435 0.037791
0.241962 3.871070 0.038784
0.242468 3.790641 0.037911
0.242975 3.789854 0.038585
0.243481 3.810438 0.037763
0.243988 3.825913 0.038079
0.244495 3.826512 0.037839
0.245001 3.859997 0.038272
0.245508 3.836386 0.037929
0.246015 3.814825 0.037194
0.246521 3.781739 0.037291
0.247028 3.807842 0.037646
0.247534 3.798474 0.036315
0.248041 3.818312 0.037359
0.248548 3.843347 0.037500
0.249054 3.743525 0.037142
0.249561 3.807458 0.037209
0.250068 3.837232 0.037900
0.250574 3.812021 0.036316
0.251081 3.769460 0.035824
0.251587 3.807193 0.036652
0.252094 3.778972 0.037467
0.252601 3.848765 0.037103
0.253107 3.790525 0.036694
0.253614 3.725474 0.037148
0.254120 3.811599 0.036442
0.254627 3.827338 0.036393
0.255134 3.800197 0.037641
0.255640 3.845917 0.037192
0.256147 3.803192 0.035370
0.256654 3.805037 0.036272
0.257160 3.735716 0.035182
0.257667 3.765310 0.034985
0.258173 3.721072 0.035732
0.258680 3.732228 0.035263
0.259187 3.750149 0.035323
0.259693 3.778604 0.034457
0.260200 3.753274 0.035787
0.260706 3.738517 0.035001
0.261213 3.793245 0.035879
0.261720 3.771470 0.035189
0.262226 3.792097 0.035005
0.262733 3.756354 0.035490
0.263239 3.774648 0.034684
0.263746 3.798647 0.035710
0.264253 3.732763 0.034496
0.264759 3.742728 0.034963
0.265266 3.738355 0.034804
0.265772 3.819503 0.035046
0.266279 3.808008 0.034371
0.266786 3.759991 0.034895
0.267292 3.780578 0.035189
0.267799 3.776919 0.034593
0.268305 3.780915 0.034541
0.268812 3.727987 0.034045
0.269319 3.752239 0.034333
0.269825 3.755299 0.033776
0.270332 3.778135 0.034651
0.270838 3.740100 0.033890
0.271345 3.741842 0.034562
0.271852 3.764428 0.034264
0.272358 3.745826 0.033713
0.272865 3.732391 0.033912
0.273371 3.761855 0.034559
0.273878 3.704797 0.034407
0.274385 3.784787 0.033596
0.274891 3.745184 0.034152
0.275398 3.746157 0.032811
0.275904 3.684603 0.033092
0.276411 3.792446 0.033091
0.276917 3.699854 0.032913
0.277424 3.681015 0.033896
0.277931 3.665865 0.033198
0.278437 3.638037 0.032847
0.278944 3.681206 0.032453
0.279450 3.712690 0.032915
0.279957 3.739562 0.033638
0.280464 3.704598 0.033076
0.280970 3.729631 0.032585
0.281477 3.672826 0.033541
0.281983 3.726785 0.033338
0.282490 3.654096 0.033708
0.282996 3.681152 0.033171
0.283503 3.697753 0.032066
0.284010 3.662511 0.033486
0.284516 3.652116 0.031865
0.285023 3.646584 0.032914
0.285529 3.677005 0.032088
0.286036 3.672692 0.032624
0.286542 3.696491 0.033174
0.287049 3.737056 0.033033
0.287556 3.679673 0.032752
0.288062 3.638713 0.033123
0.288569 3.710532 0.033198
0.289075 3.631315 0.032157
0.289582 3.716813 0.033123
0.290088 3.691741 0.032800
0.290595 3.673347 0.033411
0.291102 3.699341 0.032695
0.291608 3.679316 0.033080
0.292115 3.644972 0.032520
0.292621 3.668216 0.032364
0.293128 3.708026 0.032077
0.293634 3.666764 0.032945
0.294141 3.716024 0.032727
0.294647 3.670183 0.032418
0.295154 3.624711 0.032712
0.295661 3.714286 0.033465
0.296167 3.725953 0.033451
0.296674 3.601426 0.032423
0.297180 3.652251 0.033204
0.297687 3.640143 0.032436
0.298193 3.682818 0.033323
0.298700 3.673032 0.032964
0.299206 3.634088 0.032697
0.299713 3.609865 0.032851
0.300220 3.619708 0.032470
0.300726 3.645585 0.033278
0.301233 3.611782 0.032689
0.301739 3.606567 0.032358
0.302246 3.668187 0.032961
0.302752 3.685294 0.033090
0.303259 3.666028 0.033246
0.303765 3.702632 0.033083
0.304272 3.643876 0.032109
0.304779 3.587125 0.032484
0.305285 3.588907 0.031944
0.305792 3.599036 0.031609
0.306298 3.643133 0.032337
0.306805 3.616619 0.032313
0.307311 3.575140 0.032472
0.307818 3.606676 0.032026
0.308324 3.672898 0.032965
0.308831 3.636406 0.031846
0.309337 3.573888 0.031525
0.309844 3.624541 0.033310
0.310350 3.659399 0.033997
0.310857 3.616231 0.032892
0.311364 3.590725 0.033778
0.311870 3.678187 0.034086
0.312377 3.662223 0.034676
0.312883 3.589583 0.033889
0.313390 3.624477 0.033204
0.313896 3.611884 0.035475
0.314403 3.571790 0.034722
0.314909 3.579500 0.034522
0.315416 3.604728 0.034510
0.315922 3.650915 0.034331
0.316429 3.593009 0.034794
0.316935 3.644646 0.034581
0.317442 3.561185 0.035085
0.317948 3.556365 0.034480
0.318455 3.576941 0.035646
0.318961 3.540341 0.035227
0.319468 3.636300 0.035737
0.319975 3.589650 0.035195
0.320481 3.703607 0.036341
0.320988 3.579154 0.035617
0.321494 3.662852 0.036158
0.322001 3.579555 0.035696
0.322507 3.580346 0.035667
0.323014 3.624443 0.035683
0.323520 3.616449 0.035733
0.324027 3.538068 0.035289
0.324533 3.633171 0.036150
0.325040 3.639627 0.035291
0.325546 3.601659 0.035169
0.326053 3.534238 0.035834
0.326559 3.528951 0.034430
0.327066 3.612820 0.035956
0.327572 3.615280 0.035982
0.328079 3.612248 0.035372
0.328585 3.578390 0.035103
0.329092 3.657886 0.035767
0.329598 3.567349 0.036030
0.330105 3.587222 0.035147
0.330611 3.652420 0.035482
0.331118 3.558185 0.035108
0.331624 3.636900 0.036033
0.332131 3.600133 0.035269
0.332637 3.617803 0.036408
0.333144 3.570784 0.036426
0.333650 3.622505 0.036130
0.334157 3.520006 0.036617
0.334663 3.546689 0.035206
0.335170 3.608527 0.036179
0.335676 3.605835 0.036609
0.336183 3.668066 0.036838
0.336689 3.599743 0.036504
0.337196 3.609504 0.036256
0.337702 3.561295 0.036709
0.338209 3.549705 0.036850
0.338715 3.600837 0.036114
0.339222 3.587514 0.036140
0.339728 3.567223 0.036320
0.340235 3.537296 0.035889
0.340741 3.576773 0.036154
0.341248 3.548311 0.036776
0.341754 3.584693 0.036809
0.342261 3.553279 0.036268
0.342767 3.551034 0.036770
0.343274 3.620270 0.037169
0.343780 3.565482 0.037006
0.344287 3.599302 0.037061
0.344793 3.482492 0.035899
0.345300 3.620853 0.037516
0.345806 3.500968 0.036875
0.346313 3.532829 0.036416
0.346819 3.578885 0.036184
0.347325 3.505562 0.035304
0.347832 3.565312 0.037253
0.348338 3.590704 0.036950
0.348845 3.580765 0.037634
0.349351 3.600010 0.037539
0.349858 3.541682 0.036769
0.350364 3.560418 0.037876
0.350871 3.558534 0.036712
0.351377 3.522921 0.037784
0.351884 3.610470 0.036475
0.352390 3.554879 0.037825
0.352897 3.530221 0.036716
0.353403 3.511851 0.036349
0.353910 3.543287 0.036973
0.354416 3.526150 0.037364
0.354923 3.589726 0.035695
0.355429 3.549382 0.035990
0.355935 3.514749 0.034831
0.356442 3.535714 0.035294
0.356948 3.455006 0.034769
0.357455 3.574872 0.034706
0.357961 3.540448 0.034903
0.358468 3.470586 0.034620
0.358974 3.509845 0.034664
0.359481 3.527006 0.034843
0.359987 3.511701 0.035336
0.360494 3.533894 0.035476
0.361000 3.477759 0.035506
0.361506 3.514757 0.036335
0.362013 3.554888 0.036022
0.362519 3.537605 0.035428
0.363026 3.555510 0.035102
0.363532 3.547446 0.035713
0.364039 3.550871 0.035665
0.364545 3.496368 0.035053
0.365052 3.504443 0.036071
0.365558 3.522557 0.035421
0.366064 3.545271 0.035707
0.366571 3.459473 0.035412
0.367077 3.535404 0.035346
0.367584 3.513142 0.035877
0.368090 3.472126 0.036626
0.368597 3.533494 0.035817
0.369103 3.476419 0.036796
0.369610 3.410566 0.036570
0.370116 3.521045 0.037247
0.370622 3.525043 0.037051
0.371129 3.490949 0.037238
0.371635 3.500298 0.037314
0.372142 3.412669 0.037698
0.372648 3.508775 0.039018
0.373155 3.518210 0.037301
0.373661 3.546426 0.037845
0.374167 3.470668 0.037451
0.374674 3.561717 0.038620
0.375180 3.419354 0.037629
0.375687 3.547755 0.039329
0.376193 3.532905 0.039215
0.376700 3.467931 0.038786
0.377206 3.413897 0.039159
0.377712 3.492202 0.037938
0.378219 3.548519 0.038869
0.378725 3.488755 0.039218
0.379232 3.476869 0.039549
0.379738 3.488802 0.037970
0.380245 3.482438 0.040412
0.380751 3.493766 0.039898
0.381257 3.427500 0.039907
0.381764 3.437862 0.040546
0.382270 3.519260 0.041116
0.382777 3.419845 0.040998
0.383283 3.434413 0.041299
0.383789 3.446405 0.041297
0.384296 3.530116 0.041931
0.384802 3.446027 0.040673
0.385309 3.452005 0.040777
0.385815 3.477429 0.042517
0.386321 3.497142 0.042445
0.386828 3.498092 0.042611
0.387334 3.468011 0.041899
0.387841 3.483093 0.041527
0.388347 3.404304 0.042714
0.388853 3.435556 0.042119
0.389360 3.555384 0.043496
0.389866 3.474956 0.043125
0.390373 3.447947 0.042067
0.390879 3.440121 0.043767
0.391385 3.455335 0.043446
0.391892 3.479201 0.044972
0.392398 3.428686 0.044312
0.392905 3.483878 0.042333
0.393411 3.428052 0.043258
0.393917 3.365820 0.043347
0.394424 3.362779 0.049841
0.394930 3.451608 0.044452
0.395437 3.549021 0.045949
0.395943 3.352103 0.045871
0.396449 3.487789 0.045947
0.396956 3.369555 0.045212
0.397462 3.428793 0.046841
0.397969 3.440246 0.045435
0.398475 3.422120 0.045634
0.398981 3.398977 0.045621
0.399488 3.498552 0.047925
0.399994 3.449717 0.047673
0.400500 3.429699 0.047991
0.401007 3.456846 0.048249
0.401513 3.390106 0.047916
0.402020 3.320840 0.047688
0.402526 3.464916 0.050406
0.403032 3.498353 0.049233
0.403539 3.371628 0.048039
0.404045 3.396352 0.049193
0.404551 3.326455 0.049318
0.405058 3.425944 0.048040
0.405564 3.386560 0.048943
0.406071 3.497828 0.049988
0.406577 3.411614 0.050517
0.407083 3.375039 0.048633
0.407590 3.412937 0.048222
0.408096 3.366809 0.049841
0.408602 3.407675 0.050612
0.409109 3.423588 0.049820
0.409615 3.434536 0.050175
0.410121 3.406152 0.048945
0.410628 3.385033 0.050907
0.411134 3.328102 0.048698
0.411641 3.449706 0.051955
0.412147 3.339645 0.050153
0.412653 3.402725 0.052469
0.413160 3.377995 0.052236
0.413666 3.424319 0.051281
0.414172 3.228993 0.051653
0.414679 3.423318 0.051650
0.415185 3.308986 0.049222
0.415691 3.264495 0.051039
0.416198 3.262697 0.050548
0.416704 3.326464 0.051840
0.417210 3.304019 0.052704
0.417717 3.328420 0.053346
0.418223 3.327999 0.052084
0.418729 3.345407 0.051642
0.419236 3.311219 0.052965
0.419742 3.370626 0.053764
0.420248 3.327125 0.052042
0.420755 3.300608 0.052913
0.421261 3.297588 0.053116
0.421767 3.319220 0.050528
0.422274 3.332448 0.053375
0.422780 3.302993 0.056874
0.423286 3.331896 0.054126
0.423793 3.335985 0.052444
0.424299 3.253148 0.054632
0.424805 3.266975 0.053209
0.425312 3.330658 0.056045
0.425818 3.373371 0.055498
0.426324 3.293972 0.057968
0.426831 3.268436 0.057839
0.427337 3.346461 0.054047
0.427843 3.333016 0.058506
0.428350 3.373301 0.059508
0.428856 3.326814 0.057269
0.429362 3.398424 0.058720
0.429869 3.284147 0.059755
0.430375 3.210308 0.057877
0.430881 3.296389 0.060073
0.431388 3.192858 0.057146
0.431894 3.304346 0.059403
0.432400 3.381523 0.061621
0.432907 3.374667 0.061018
0.433413 3.385463 0.066446
0.433919 3.455899 0.066597
0.434425 3.402761 0.066411
0.434932 3.320454 0.063440
0.435438 3.265997 0.062787
0.435944 3.286057 0.063364
0.436451 3.381416 0.063917
0.436957 3.325726 0.067632
0.437463 3.304220 0.066993
0.437970 3.353797 0.064856
0.438476 3.235851 0.066173
0.438982 3.202115 0.067774
0.439488 3.419535 0.066116
0.439995 3.449280 0.069511
