0.009882 108.694838 25.272278
0.010389 78.083644 14.845993
0.010896 70.981080 13.479675
0.011402 61.000296 10.545098
0.011909 33.052806 6.421542
0.012416 39.712349 6.419445
0.012923 26.904278 3.703758
0.013430 22.301521 3.361107
0.013936 21.000153 2.526243
0.014443 19.222373 1.705691
0.014950 17.093894 1.082543
0.015457 15.479591 0.889618
0.015963 14.643891 0.763550
0.016470 13.429586 0.498461
0.016977 12.172546 0.388451
0.017484 11.383915 0.352585
0.017990 11.104614 0.291012
0.018497 10.099141 0.238143
0.019004 10.100617 0.235908
0.019511 9.601016 0.211926
0.020018 8.955238 0.200814
0.020524 8.866539 0.197539
0.021031 8.210664 0.185844
0.021538 7.829134 0.184838
0.022045 7.940498 0.174032
0.022551 7.494991 0.146957
0.023058 7.555348 0.162083
0.023565 6.956669 0.144117
0.024072 6.987770 0.153869
0.024579 7.137591 0.138098
0.025085 7.171917 0.141775
0.025592 6.550573 0.136972
0.026099 6.684098 0.130092
0.026606 6.358613 0.136917
0.027112 6.314101 0.123590
0.027619 6.588570 0.127163
0.028126 6.238959 0.124311
0.028633 6.188566 0.127163
0.029139 6.100655 0.118584
0.029646 5.872681 0.107938
0.030153 6.113256 0.111153
0.030660 5.695670 0.109370
0.031167 5.669776 0.109863
0.031673 5.540586 0.107704
0.032180 5.649418 0.101112
0.032687 5.454769 0.110300
0.033194 5.477727 0.104979
0.033700 5.527585 0.108181
0.034207 5.485152 0.096404
0.034714 5.368086 0.097320
0.035221 5.376182 0.099914
0.035727 5.502055 0.098753
0.036234 5.306983 0.095991
0.036741 5.319647 0.097776
0.037248 5.169455 0.093085
0.037755 5.470888 0.097950
0.038261 5.093824 0.091556
0.038768 5.122006 0.083596
0.039275 5.197740 0.091269
0.039782 5.243519 0.084473
0.040288 5.251528 0.089313
0.040795 5.095788 0.091995
0.041302 4.967616 0.082843
0.041809 5.143857 0.088087
0.042315 4.988295 0.085172
0.042822 5.001832 0.081528
0.043329 5.206302 0.086167
0.043836 4.985598 0.082959
0.044343 4.848132 0.080800
0.044849 4.849327 0.077747
0.045356 4.939657 0.081026
0.045863 4.823595 0.079775
0.046370 4.878092 0.079840
0.046876 4.845950 0.079456
0.047383 4.988479 0.081037
0.047890 4.853447 0.077307
0.048397 4.708974 0.076502
0.048903 4.810088 0.075164
0.049410 4.813267 0.076228
0.049917 4.793053 0.075277
0.050424 4.792240 0.077156
0.050931 4.818107 0.074980
0.051437 4.746611 0.074755
0.051944 4.745500 0.070294
0.052451 4.777357 0.073794
0.052958 4.549512 0.070890
0.053464 4.780848 0.071496
0.053971 4.717946 0.071666
0.054478 4.896882 0.070457
0.054985 4.797887 0.070200
0.055491 4.718567 0.071588
0.055998 4.642174 0.066618
0.056505 4.797831 0.069314
0.057012 4.641910 0.069765
0.057519 4.701899 0.074564
0.058025 4.681459 0.067612
0.058532 4.735382 0.066243
0.059039 4.757621 0.071356
0.059546 4.584305 0.066633
0.060052 4.599034 0.067296
0.060559 4.597817 0.065382
0.061066 4.766155 0.067712
0.061573 4.648023 0.066066
0.062079 4.636349 0.067722
0.062586 4.737143 0.067215
0.063093 4.712948 0.064696
0.063600 4.609905 0.063186
0.064106 4.663641 0.064340
0.064613 4.525566 0.062679
0.065120 4.564062 0.061858
0.065627 4.618950 0.062133
0.066134 4.579625 0.063987
0.066640 4.555836 0.064424
0.067147 4.601336 0.064779
0.067654 4.589952 0.062287
0.068161 4.571617 0.062555
0.068667 4.481192 0.060154
0.069174 4.580482 0.060384
0.069681 4.610961 0.062622
0.070188 4.578877 0.060595
0.070694 4.492067 0.061484
0.071201 4.681426 0.060238
0.071708 4.655608 0.061400
0.072215 4.593854 0.059901
0.072721 4.522664 0.058746
0.073228 4.419201 0.059756
0.073735 4.377917 0.060315
0.074242 4.442100 0.061532
0.074748 4.518805 0.060721
0.075255 4.437973 0.059027
0.075762 4.421873 0.058583
0.076269 4.428340 0.057769
0.076776 4.486086 0.057954
0.077282 4.450039 0.058535
0.077789 4.579818 0.059139
0.078296 4.492681 0.056662
0.078803 4.536751 0.059314
0.079309 4.568390 0.058505
0.079816 4.538373 0.059555
0.080323 4.427002 0.056584
0.080830 4.510457 0.058590
0.081336 4.381582 0.057097
0.081843 4.507154 0.058211
0.082350 4.519086 0.058561
0.082857 4.475246 0.057910
0.083363 4.505601 0.059831
0.083870 4.432735 0.059095
0.084377 4.547498 0.059487
0.084884 4.441046 0.058845
0.085390 4.464675 0.058015
0.085897 4.537709 0.059920
0.086404 4.424967 0.058112
0.086911 4.543497 0.061152
0.087417 4.367907 0.057027
0.087924 4.413268 0.059559
0.088431 4.404967 0.058152
0.088938 4.260564 0.057913
0.089444 4.412081 0.059023
0.089951 4.374436 0.058751
0.090458 4.371205 0.057802
0.090965 4.334722 0.059668
0.091471 4.389240 0.055530
0.091978 4.512502 0.060395
0.092485 4.412991 0.058177
0.092992 4.416675 0.056958
0.093498 4.316305 0.057206
0.094005 4.394700 0.059348
0.094512 4.339163 0.055702
0.095019 4.322004 0.056501
0.095525 4.363343 0.059187
0.096032 4.386006 0.059431
0.096539 4.363828 0.057967
0.097046 4.383208 0.056622
0.097552 4.329103 0.058180
0.098059 4.381766 0.055696
0.098566 4.432182 0.058079
0.099073 4.244960 0.056869
0.099579 4.398527 0.057367
0.100086 4.299810 0.055057
0.100593 4.241932 0.055370
0.101100 4.386812 0.057293
0.101606 4.320515 0.055232
0.102113 4.302781 0.052120
0.102620 4.376117 0.056372
0.103127 4.211902 0.056080
0.103633 4.287160 0.055988
0.104140 4.288092 0.058831
0.104647 4.322085 0.058455
0.105154 4.350737 0.056432
0.105660 4.315847 0.056824
0.106167 4.410215 0.055995
0.106674 4.241841 0.055705
0.107181 4.330243 0.053059
0.107687 4.367645 0.054487
0.108194 4.342560 0.052668
0.108701 4.328054 0.053230
0.109208 4.231036 0.054462
0.109714 4.262335 0.052878
0.110221 4.311491 0.052254
0.110728 4.290185 0.053450
0.111235 4.233051 0.053231
0.111741 4.132689 0.053724
0.112248 4.338184 0.052718
0.112755 4.231265 0.051487
0.113262 4.317638 0.051296
0.113768 4.380017 0.052423
0.114275 4.257540 0.047672
0.114782 4.230316 0.049953
0.115289 4.235617 0.050567
0.115795 4.236155 0.051518
0.116302 4.283665 0.049211
0.116809 4.208461 0.049888
0.117316 4.065726 0.049159
0.117822 4.257090 0.048420
0.118329 4.278623 0.048436
0.118836 4.218192 0.047930
0.119342 4.160910 0.047783
0.119849 4.310786 0.049174
0.120356 4.225552 0.048886
0.120863 4.212117 0.047702
0.121369 4.233703 0.048046
0.121876 4.172864 0.048218
0.122383 4.277090 0.048379
0.122890 4.221066 0.048186
0.123396 4.210751 0.047983
0.123903 4.163310 0.047601
0.124410 4.256294 0.047833
0.124917 4.230435 0.047635
0.125423 4.257384 0.046360
0.125930 4.196042 0.046943
0.126437 4.147301 0.046738
0.126944 4.125767 0.045644
0.127450 4.153925 0.044142
0.127957 4.182593 0.045299
0.128464 4.143962 0.045499
0.128970 4.049495 0.044565
0.129477 4.162505 0.046232
0.129984 4.155876 0.044461
0.130491 4.169589 0.045193
0.130997 4.174092 0.043868
0.131504 4.144662 0.045224
0.132011 4.117376 0.045664
0.132518 4.102502 0.043681
0.133024 4.139094 0.043259
0.133531 4.209741 0.043939
0.134038 4.155258 0.043809
0.134545 4.131276 0.043078
0.135051 4.128451 0.043771
0.135558 4.156111 0.044260
0.136065 4.156180 0.042936
0.136571 4.165490 0.043690
0.137078 4.185627 0.042814
0.137585 4.104422 0.043860
0.138092 4.145661 0.042716
0.138598 4.121498 0.042243
0.139105 4.182874 0.044112
0.139612 4.195132 0.043127
0.140119 4.144589 0.043598
0.140625 4.131891 0.042624
0.141132 4.129417 0.041801
0.141639 4.099951 0.042427
0.142145 4.160176 0.042001
0.142652 4.089853 0.043020
0.143159 4.100062 0.042803
0.143666 4.090269 0.041665
0.144172 4.069717 0.042273
0.144679 4.060000 0.042419
0.145186 4.223720 0.043088
0.145692 4.163721 0.041134
0.146199 4.103575 0.040578
0.146706 4.121113 0.040585
0.147213 4.114005 0.040305
0.147719 4.156536 0.041209
0.148226 4.088538 0.040646
0.148733 4.068526 0.040498
0.149240 4.110397 0.041451
0.149746 4.094739 0.041206
0.150253 4.132299 0.041007
0.150760 4.037915 0.040037
0.151266 4.014268 0.040716
0.151773 4.138083 0.042039
0.152280 4.024760 0.038921
0.152787 4.076120 0.039967
0.153293 4.116273 0.040720
0.153800 4.111947 0.040482
0.154307 4.038005 0.039967
0.154813 4.024551 0.040373
0.155320 4.042755 0.040080
0.155827 4.032551 0.039949
0.156334 4.106326 0.039860
0.156840 4.146194 0.039982
0.157347 3.984041 0.038583
0.157854 4.000323 0.038774
0.158360 4.049074 0.039016
0.158867 4.081519 0.039520
0.159374 4.109152 0.039305
0.159881 4.070105 0.038770
0.160387 4.101158 0.039088
0.160894 4.066893 0.038690
0.161401 4.064704 0.038955
0.161907 4.047629 0.038240
0.162414 4.071926 0.037570
0.162921 4.048109 0.039206
0.163427 4.041114 0.039006
0.163934 4.008685 0.037980
0.164441 3.969229 0.037777
0.164948 4.028899 0.037842
0.165454 4.065253 0.038731
0.165961 4.030769 0.037685
0.166468 4.046819 0.037580
0.166974 4.084360 0.039172
0.167481 4.076896 0.038421
0.167988 4.071729 0.038804
0.168495 4.010030 0.038627
0.169001 3.989588 0.038103
0.169508 4.054295 0.038240
0.170015 4.037009 0.038564
0.170521 4.048597 0.039136
0.171028 3.983433 0.039197
0.171535 4.021425 0.038183
0.172041 4.009244 0.037969
0.172548 4.020125 0.039029
0.173055 4.062915 0.039890
0.173562 4.034591 0.038228
0.174068 4.071140 0.040186
0.174575 4.017593 0.039376
0.175082 4.038099 0.038408
0.175588 3.945670 0.038922
0.176095 4.030442 0.038561
0.176602 4.018862 0.039770
0.177108 4.007203 0.039694
0.177615 4.000629 0.039905
0.178122 4.020044 0.038111
0.178629 3.975136 0.038788
0.179135 3.999532 0.038297
0.179642 4.028029 0.039458
0.180149 4.012741 0.039004
0.180655 4.059051 0.038899
0.181162 3.954359 0.039086
0.181669 4.023599 0.038852
0.182175 3.988113 0.039141
0.182682 4.019204 0.040254
0.183189 3.996539 0.040170
0.183695 4.004832 0.039019
0.184202 3.950582 0.038313
0.184709 3.982077 0.040162
0.185216 3.929873 0.039955
0.185722 4.060219 0.040748
0.186229 4.052663 0.041956
0.186736 3.991669 0.041386
0.187242 4.038388 0.041925
0.187749 4.076636 0.042480
0.188256 3.987519 0.041118
0.188762 3.990776 0.041469
0.189269 4.009072 0.040427
0.189776 4.023751 0.042046
0.190282 3.943207 0.042016
0.190789 4.046983 0.042471
0.191296 3.988695 0.042326
0.191802 3.957652 0.041943
0.192309 3.978661 0.041871
0.192816 4.054556 0.042450
0.193323 4.024759 0.042593
0.193829 3.951820 0.041220
0.194336 3.944203 0.042370
0.194843 4.025416 0.041880
0.195349 3.986352 0.042831
0.195856 3.982886 0.041953
0.196363 3.953093 0.041797
0.196869 3.992283 0.042938
0.197376 3.994735 0.041803
0.197883 3.977840 0.041881
0.198389 3.911022 0.042537
0.198896 4.017138 0.043689
0.199403 3.966159 0.042668
0.199909 3.969478 0.042559
0.200416 3.960199 0.043039
0.200923 4.021986 0.043189
0.201429 3.977773 0.042933
0.201936 3.927551 0.043282
0.202443 3.986845 0.043310
0.202949 3.906523 0.042085
0.203456 3.962326 0.042051
0.203963 4.029567 0.043517
0.204469 3.973023 0.041387
0.204976 3.933030 0.043474
0.205483 4.008922 0.043470
0.205989 3.882636 0.042954
0.206496 3.968896 0.043455
0.207003 3.862033 0.041519
0.207509 3.938241 0.041521
0.208016 3.991533 0.042761
0.208523 3.941264 0.042626
0.209029 3.912520 0.042265
0.209536 3.944165 0.043067
0.210043 3.969403 0.042432
0.210549 3.889213 0.041507
0.211056 3.895310 0.040417
0.211563 3.963166 0.043291
0.212069 3.959317 0.043416
0.212576 3.875283 0.042170
0.213083 3.910940 0.041707
0.213589 3.963763 0.041807
0.214096 3.939207 0.043201
0.214603 3.989780 0.044384
0.215109 3.972543 0.042251
0.215616 3.862422 0.040193
0.216123 3.863818 0.042336
0.216629 3.902974 0.041826
0.217136 3.919353 0.041475
0.217643 3.832556 0.041908
0.218149 3.924343 0.042230
0.218656 3.829039 0.042139
0.219163 3.860141 0.041477
0.219669 3.941948 0.042518
0.220176 3.828962 0.041627
0.220683 3.876035 0.041596
0.221189 3.936502 0.042855
0.221696 3.855193 0.041150
0.222203 3.866612 0.040395
0.222709 3.899098 0.041173
0.223216 3.815845 0.041087
0.223722 3.835719 0.041288
0.224229 3.795369 0.041992
0.224736 3.875135 0.041607
0.225242 3.914553 0.041958
0.225749 3.942105 0.041169
0.226256 3.870696 0.040336
0.226762 3.948302 0.042580
0.227269 3.852404 0.041384
0.227776 3.901348 0.041702
0.228282 3.843209 0.040384
0.228789 3.921089 0.039639
0.229296 3.826417 0.041247
0.229802 3.849799 0.040264
0.230309 3.810514 0.039850
0.230816 3.824790 0.039588
0.231322 3.875107 0.040363
0.231829 3.814139 0.040163
0.232335 3.781248 0.040297
0.232842 3.813458 0.039330
0.233349 3.863497 0.039453
0.233855 3.910714 0.039883
0.234362 3.782862 0.038847
0.234869 3.885402 0.039596
0.235375 3.857155 0.039224
0.235882 3.771875 0.038706
0.236389 3.783020 0.037838
0.236895 3.808705 0.037746
0.237402 3.825495 0.038821
0.237908 3.823366 0.038466
0.238415 3.832758 0.037896
0.238922 3.818044 0.038356
0.239428 3.969691 0.039345
0.239935 3.847399 0.036652
0.240442 3.877167 0.038972
0.240948 3.816477 0.037926
0.241455 3.838660 0.037428
0.241962 3.867976 0.038524
0.242468 3.858442 0.038558
0.242975 3.767805 0.037180
0.243481 3.851730 0.037657
0.243988 3.865040 0.037950
0.244495 3.767865 0.037374
0.245001 3.741275 0.036816
0.245508 3.798859 0.037088
0.246015 3.760623 0.037362
0.246521 3.770732 0.037271
0.247028 3.753174 0.036862
0.247534 3.752557 0.036702
0.248041 3.760374 0.036853
0.248548 3.772507 0.036648
0.249054 3.724777 0.036668
0.249561 3.754429 0.037379
0.250068 3.819216 0.037270
0.250574 3.844741 0.037188
0.251081 3.781079 0.036572
0.251587 3.806181 0.037149
0.252094 3.783926 0.036400
0.252601 3.813666 0.036319
0.253107 3.808694 0.036382
0.253614 3.828652 0.036174
0.254120 3.818296 0.036930
0.254627 3.756285 0.036344
0.255134 3.811546 0.036523
0.255640 3.772450 0.035942
0.256147 3.784626 0.036681
0.256654 3.696452 0.035590
0.257160 3.760085 0.036167
0.257667 3.832356 0.036183
0.258173 3.773768 0.036418
0.258680 3.825421 0.036268
0.259187 3.779638 0.035032
0.259693 3.764622 0.034651
0.260200 3.742283 0.035337
0.260706 3.788076 0.035036
0.261213 3.836385 0.036510
0.261720 3.840104 0.036349
0.262226 3.789084 0.034101
0.262733 3.765879 0.035570
0.263239 3.749454 0.034537
0.263746 3.727788 0.034736
0.264253 3.748487 0.035653
0.264759 3.806457 0.034844
0.265266 3.662984 0.034595
0.265772 3.769989 0.035768
0.266279 3.778583 0.034213
0.266786 3.784624 0.034297
0.267292 3.793734 0.034939
0.267799 3.743867 0.034333
0.268305 3.757369 0.034378
0.268812 3.784186 0.034062
0.269319 3.799341 0.033719
0.269825 3.740650 0.034770
0.270332 3.736163 0.034271
0.270838 3.763430 0.035038
0.271345 3.736734 0.034406
0.271852 3.747366 0.033845
0.272358 3.767628 0.034840
0.272865 3.713517 0.033888
0.273371 3.741196 0.034039
0.273878 3.780819 0.034145
0.274385 3.723434 0.034050
0.274891 3.698488 0.033656
0.275398 3.683685 0.032919
0.275904 3.734160 0.033190
0.276411 3.735285 0.033726
0.276917 3.731369 0.033367
0.277424 3.736229 0.033538
0.277931 3.708011 0.033220
0.278437 3.737397 0.033471
0.278944 3.673046 0.033378
0.279450 3.765374 0.033566
0.279957 3.715023 0.033566
0.280464 3.737238 0.033190
0.280970 3.712133 0.034178
0.281477 3.736847 0.034237
0.281983 3.740687 0.033684
0.282490 3.753501 0.033053
0.282996 3.671103 0.032614
0.283503 3.693252 0.033162
0.284010 3.677184 0.033055
0.284516 3.729559 0.032308
0.285023 3.731991 0.033043
0.285529 3.615420 0.032711
0.286036 3.588348 0.032154
0.286542 3.752292 0.032431
0.287049 3.704346 0.032999
0.287556 3.704731 0.033322
0.288062 3.700983 0.033615
0.288569 3.729257 0.033247
0.289075 3.691648 0.032742
0.289582 3.601419 0.032843
0.290088 3.660718 0.033198
0.290595 3.702662 0.032734
0.291102 3.624227 0.032683
0.291608 3.681711 0.032769
0.292115 3.669510 0.032872
0.292621 3.599010 0.032142
0.293128 3.584027 0.032600
0.293634 3.690909 0.033240
0.294141 3.674216 0.032576
0.294647 3.653405 0.032010
0.295154 3.670868 0.033621
0.295661 3.628116 0.032935
0.296167 3.660780 0.032044
0.296674 3.688446 0.033003
0.297180 3.696272 0.033024
0.297687 3.689926 0.032560
0.298193 3.559379 0.032223
0.298700 3.586242 0.032010
0.299206 3.606504 0.032650
0.299713 3.684860 0.032694
0.300220 3.576684 0.032333
0.300726 3.601863 0.032618
0.301233 3.599023 0.032405
0.301739 3.642039 0.032999
0.302246 3.646596 0.032728
0.302752 3.629622 0.032218
0.303259 3.597318 0.032548
0.303765 3.576523 0.031720
0.304272 3.599464 0.031810
0.304779 3.564327 0.032600
0.305285 3.657217 0.032911
0.305792 3.600796 0.033316
0.306298 3.557748 0.032137
0.306805 3.617501 0.032344
0.307311 3.646163 0.032512
0.307818 3.622203 0.031983
0.308324 3.550193 0.032197
0.308831 3.625942 0.032775
0.309337 3.574345 0.031740
0.309844 3.613777 0.032778
0.310350 3.615569 0.033690
0.310857 3.616541 0.033518
0.311364 3.547092 0.033160
0.311870 3.639192 0.033645
0.312377 3.618019 0.033773
0.312883 3.678376 0.034482
0.313390 3.601565 0.034218
0.313896 3.598803 0.034818
0.314403 3.653881 0.034796
0.314909 3.600084 0.034998
0.315416 3.606591 0.035098
0.315922 3.609795 0.035120
0.316429 3.694229 0.035504
0.316935 3.621631 0.034665
0.317442 3.583276 0.034946
0.317948 3.583471 0.035080
0.318455 3.627990 0.034885
0.318961 3.596808 0.035434
0.319468 3.597212 0.035400
0.319975 3.601239 0.035416
0.320481 3.635547 0.036258
0.320988 3.583433 0.035377
0.321494 3.598302 0.036071
0.322001 3.646919 0.036066
0.322507 3.546377 0.035128
0.323014 3.614647 0.035293
0.323520 3.556415 0.035321
0.324027 3.510937 0.035928
0.324533 3.587562 0.035379
0.325040 3.634344 0.035623
0.325546 3.548569 0.034953
0.326053 3.545613 0.035820
0.326559 3.550368 0.034778
0.327066 3.507155 0.035280
0.327572 3.553517 0.035362
0.328079 3.597003 0.036367
0.328585 3.541052 0.034385
0.329092 3.562126 0.035454
0.329598 3.595699 0.036612
0.330105 3.595480 0.035582
0.330611 3.633776 0.036537
0.331118 3.562414 0.036626
0.331624 3.606975 0.036546
0.332131 3.547165 0.035690
0.332637 3.578538 0.036277
0.333144 3.585521 0.036177
0.333650 3.533661 0.034866
0.334157 3.519640 0.034585
0.334663 3.513247 0.036002
0.335170 3.537525 0.036266
0.335676 3.628998 0.036310
0.336183 3.522628 0.036639
0.336689 3.554976 0.036666
0.337196 3.534839 0.035312
0.337702 3.584990 0.036534
0.338209 3.478878 0.035795
0.338715 3.578538 0.036524
0.339222 3.525223 0.036054
0.339728 3.542608 0.036125
0.340235 3.600815 0.036683
0.340741 3.548105 0.035836
0.341248 3.524897 0.036001
0.341754 3.565161 0.036044
0.342261 3.544102 0.035497
0.342767 3.509837 0.036391
0.343274 3.612679 0.035349
0.343780 3.542352 0.036745
0.344287 3.554796 0.036296
0.344793 3.521762 0.037217
0.345300 3.512217 0.035983
0.345806 3.646905 0.037365
0.346313 3.581085 0.036225
0.346819 3.583866 0.036452
0.347325 3.520761 0.037427
0.347832 3.577268 0.036528
0.348338 3.527161 0.036493
0.348845 3.570172 0.037551
0.349351 3.480617 0.036012
0.349858 3.545523 0.036344
0.350364 3.492601 0.036016
0.350871 3.570678 0.036831
0.351377 3.517645 0.037087
0.351884 3.571222 0.037212
0.352390 3.528810 0.037350
0.352897 3.539547 0.037074
0.353403 3.541553 0.036578
0.353910 3.523895 0.037381
0.354416 3.540022 0.037104
0.354923 3.537186 0.035662
0.355429 3.505705 0.035462
0.355935 3.511097 0.034473
0.356442 3.526088 0.035025
0.356948 3.568331 0.034632
0.357455 3.568260 0.034330
0.357961 3.493158 0.034300
0.358468 3.476589 0.034695
0.358974 3.517779 0.035046
0.359481 3.571450 0.034306
0.359987 3.562990 0.035832
0.360494 3.537481 0.034927
0.361000 3.549167 0.035352
0.361506 3.484156 0.035208
0.362013 3.540022 0.035578
0.362519 3.478287 0.034921
0.363026 3.500258 0.034774
0.363532 3.429148 0.034394
0.364039 3.509405 0.035593
0.364545 3.552761 0.035929
0.365052 3.492714 0.036069
0.365558 3.477324 0.036054
0.366064 3.519424 0.036497
0.366571 3.511141 0.036612
0.367077 3.450814 0.035940
0.367584 3.500211 0.035545
0.368090 3.503684 0.035567
0.368597 3.510336 0.035527
0.369103 3.460474 0.036378
0.369610 3.470619 0.037075
0.370116 3.478170 0.036993
0.370622 3.454072 0.037708
0.371129 3.521391 0.037622
0.371635 3.474035 0.037044
0.372142 3.479884 0.038602
0.372648 3.423902 0.037871
0.373155 3.485922 0.036916
0.373661 3.499135 0.037820
0.374167 3.505410 0.038445
0.374674 3.480479 0.038099
0.375180 3.402415 0.037041
0.375687 3.531708 0.038303
0.376193 3.507089 0.037712
0.376700 3.416514 0.037143
0.377206 3.474773 0.038479
0.377712 3.490880 0.039651
0.378219 3.467228 0.039410
0.378725 3.477497 0.039022
0.379232 3.468516 0.040215
0.379738 3.467789 0.039806
0.380245 3.488248 0.039395
0.380751 3.498640 0.039726
0.381257 3.425615 0.040419
0.381764 3.505131 0.040360
0.382270 3.498317 0.039442
0.382777 3.466271 0.040595
0.383283 3.473881 0.040141
0.383789 3.480207 0.041215
0.384296 3.486430 0.041565
0.384802 3.421373 0.041112
0.385309 3.442866 0.040457
0.385815 3.469350 0.042169
0.386321 3.464580 0.041635
0.386828 3.433601 0.041506
0.387334 3.392414 0.041190
0.387841 3.487315 0.042914
0.388347 3.439757 0.044534
0.388853 3.440892 0.042023
0.389360 3.424936 0.043205
0.389866 3.398922 0.042269
0.390373 3.472984 0.044120
0.390879 3.433437 0.042164
0.391385 3.434027 0.042421
0.391892 3.411750 0.043554
0.392398 3.432689 0.042952
0.392905 3.368065 0.044056
0.393411 3.521747 0.045123
0.393917 3.455551 0.045077
0.394424 3.501796 0.051828
0.394930 3.460022 0.046080
0.395437 3.455044 0.045818
0.395943 3.506939 0.044601
0.396449 3.515363 0.046474
0.396956 3.396562 0.045809
0.397462 3.474237 0.047758
0.397969 3.482859 0.044862
0.398475 3.366863 0.045071
0.398981 3.391676 0.046002
0.399488 3.436276 0.045918
0.399994 3.374215 0.048689
0.400500 3.411053 0.046719
0.401007 3.502586 0.049222
0.401513 3.403518 0.048431
0.402020 3.444062 0.049006
0.402526 3.383646 0.048772
0.403032 3.447826 0.049982
0.403539 3.442967 0.046111
0.404045 3.338928 0.046364
0.404551 3.400198 0.050997
0.405058 3.434521 0.049775
0.405564 3.356432 0.049265
0.406071 3.289849 0.049471
0.406577 3.368115 0.049531
0.407083 3.297954 0.048288
0.407590 3.395253 0.048861
0.408096 3.343759 0.051173
0.408602 3.328410 0.048820
0.409109 3.370376 0.050726
0.409615 3.411866 0.050932
0.410121 3.273485 0.048145
0.410628 3.373499 0.049659
0.411134 3.302599 0.050054
0.411641 3.342050 0.050712
0.412147 3.387098 0.049713
0.412653 3.414207 0.050253
0.413160 3.375675 0.051817
0.413666 3.327204 0.050829
0.414172 3.450437 0.052464
0.414679 3.301362 0.050978
0.415185 3.339926 0.052282
0.415691 3.274974 0.051487
0.416198 3.364880 0.053666
0.416704 3.293781 0.051758
0.417210 3.297346 0.052588
0.417717 3.289603 0.052812
0.418223 3.206302 0.050684
0.418729 3.354798 0.054446
0.419236 3.377034 0.054202
0.419742 3.352074 0.053704
0.420248 3.352172 0.051564
0.420755 3.417428 0.055793
0.421261 3.303738 0.052686
0.421767 3.376009 0.054506
0.422274 3.380988 0.053973
0.422780 3.305705 0.053615
0.423286 3.351605 0.056760
0.423793 3.235114 0.055466
0.424299 3.329240 0.055446
0.424805 3.258400 0.056191
0.425312 3.371422 0.056298
0.425818 3.341190 0.053364
0.426324 3.384521 0.058930
0.426831 3.310110 0.058311
0.427337 3.375570 0.057751
0.427843 3.253344 0.057318
0.428350 3.387958 0.059508
0.428856 3.356961 0.060965
0.429362 3.296978 0.058934
0.429869 3.336641 0.061223
0.430375 3.324900 0.058210
0.430881 3.204138 0.059621
0.431388 3.399423 0.060752
0.431894 3.335860 0.062083
0.432400 3.292779 0.059774
0.432907 3.320497 0.060465
0.433413 3.283021 0.061373
0.433919 3.266041 0.062435
0.434425 3.297100 0.061229
0.434932 3.223921 0.063376
0.435438 3.343376 0.065092
0.435944 3.354248 0.064061
0.436451 3.319420 0.066089
0.436957 3.321664 0.067643
0.437463 3.294599 0.066039
0.437970 3.307443 0.064982
0.438476 3.297593 0.064678
0.438982 3.274496 0.063933
0.439488 3.224760 0.070482
0.439995 3.366909 0.067759
