0.009882 107.222610 24.532039
0.010389 75.271133 14.160188
0.010896 69.057995 13.843447
0.011402 59.545744 11.307854
0.011909 33.982635 6.126933
0.012416 37.184829 6.251349
0.012923 27.917983 3.809849
0.013430 24.094758 3.368757
0.013936 20.936050 2.170511
0.014443 18.837755 1.701957
0.014950 17.224951 0.957446
0.015457 16.315215 0.815238
0.015963 14.793892 0.614870
0.016470 13.190319 0.476329
0.016977 12.868712 0.444891
0.017484 11.551485 0.391098
0.017990 10.886272 0.247150
0.018497 10.381323 0.270957
0.019004 9.909227 0.238724
0.019511 9.377328 0.199242
0.020018 9.167486 0.195672
0.020524 8.676252 0.169951
0.021031 8.319978 0.194745
0.021538 8.498291 0.172265
0.022045 7.954533 0.160504
0.022551 7.594649 0.158010
0.023058 7.841068 0.163028
0.023565 7.180276 0.151941
0.024072 7.257126 0.144346
0.024579 6.900744 0.145752
0.025085 6.933684 0.136678
0.025592 6.596895 0.141018
0.026099 6.556029 0.135550
0.026606 6.231337 0.127155
0.027112 6.463473 0.127550
0.027619 6.329482 0.114376
0.028126 6.198769 0.121318
0.028633 6.288569 0.123812
0.029139 6.096089 0.115249
0.029646 6.123248 0.112668
0.030153 5.921945 0.108638
0.030660 5.836063 0.108502
0.031167 5.704560 0.103848
0.031673 5.751774 0.105130
0.032180 5.744180 0.106963
0.032687 5.448708 0.109477
0.033194 5.477727 0.099664
0.033700 5.519772 0.103314
0.034207 5.530437 0.096027
0.034714 5.539997 0.106163
0.035221 5.607674 0.101887
0.035727 5.684207 0.095887
0.036234 5.455810 0.095673
0.036741 5.352808 0.093675
0.037248 5.147678 0.086930
0.037755 5.247346 0.089896
0.038261 5.209477 0.091262
0.038768 5.258527 0.088767
0.039275 5.070927 0.091328
0.039782 5.235519 0.089726
0.040288 5.145921 0.090766
0.040795 5.166215 0.083027
0.041302 4.994097 0.088640
0.041809 5.072097 0.089285
0.042315 5.178068 0.089472
0.042822 5.105390 0.086763
0.043329 4.992953 0.084424
0.043836 5.007756 0.088817
0.044343 5.017140 0.082371
0.044849 5.075918 0.085561
0.045356 4.984858 0.078429
0.045863 4.961728 0.082752
0.046370 4.913041 0.081314
0.046876 4.969795 0.082244
0.047383 4.926057 0.078639
0.047890 4.970255 0.083856
0.048397 4.895519 0.082813
0.048903 5.010614 0.078748
0.049410 4.878600 0.077929
0.049917 4.870838 0.074588
0.050424 4.894495 0.077835
0.050931 4.696920 0.076707
0.051437 4.746611 0.071371
0.051944 4.820713 0.074248
0.052451 4.667560 0.071309
0.052958 4.691396 0.070706
0.053464 4.729354 0.071632
0.053971 4.942885 0.073565
0.054478 4.639327 0.070894
0.054985 4.844663 0.072829
0.055491 4.802383 0.072774
0.055998 4.683573 0.070156
0.056505 4.745808 0.069075
0.057012 4.707229 0.071764
0.057519 4.589331 0.069574
0.058025 4.701675 0.068682
0.058532 4.717087 0.068287
0.059039 4.702805 0.068545
0.059546 4.748584 0.066595
0.060052 4.667317 0.065180
0.060559 4.701071 0.068427
0.061066 4.593476 0.065786
0.061573 4.734993 0.066767
0.062079 4.584985 0.065906
0.062586 4.513022 0.063135
0.063093 4.586846 0.065754
0.063600 4.668021 0.066207
0.064106 4.579823 0.062731
0.064613 4.603367 0.065106
0.065120 4.632044 0.066648
0.065627 4.602584 0.062781
0.066134 4.596037 0.062013
0.066640 4.580208 0.063982
0.067147 4.541717 0.063591
0.067654 4.644260 0.062707
0.068161 4.562766 0.061908
0.068667 4.575919 0.061648
0.069174 4.609208 0.060257
0.069681 4.663190 0.063795
0.070188 4.644533 0.063254
0.070694 4.554945 0.061407
0.071201 4.439006 0.060642
0.071708 4.559902 0.062332
0.072215 4.519826 0.058183
0.072721 4.616328 0.061358
0.073228 4.396543 0.058520
0.073735 4.503343 0.058078
0.074242 4.644705 0.060431
0.074748 4.512320 0.059697
0.075255 4.508962 0.059504
0.075762 4.418800 0.058761
0.076269 4.554931 0.058572
0.076776 4.559216 0.058485
0.077282 4.458412 0.057963
0.077789 4.507936 0.058483
0.078296 4.521652 0.056946
0.078803 4.586540 0.055802
0.079309 4.528625 0.057205
0.079816 4.561909 0.059323
0.080323 4.508146 0.059320
0.080830 4.546180 0.058039
0.081336 4.557163 0.059649
0.081843 4.483205 0.060738
0.082350 4.492030 0.058520
0.082857 4.585797 0.056897
0.083363 4.486031 0.059274
0.083870 4.333982 0.059388
0.084377 4.374328 0.057261
0.084884 4.419370 0.059781
0.085390 4.425324 0.058495
0.085897 4.493844 0.057876
0.086404 4.444051 0.059918
0.086911 4.433425 0.057857
0.087417 4.474022 0.057800
0.087924 4.450517 0.057210
0.088431 4.460276 0.058193
0.088938 4.414275 0.057417
0.089444 4.233454 0.055591
0.089951 4.485925 0.060304
0.090458 4.436120 0.058935
0.090965 4.394927 0.056716
0.091471 4.469451 0.057026
0.091978 4.348669 0.058105
0.092485 4.399375 0.058478
0.092992 4.413152 0.059673
0.093498 4.348347 0.057980
0.094005 4.434271 0.057953
0.094512 4.464493 0.057582
0.095019 4.429130 0.058245
0.095525 4.289560 0.058007
0.096032 4.417291 0.059304
0.096539 4.513806 0.057307
0.097046 4.451432 0.057584
0.097552 4.367871 0.056618
0.098059 4.482985 0.057350
0.098566 4.341513 0.056101
0.099073 4.303537 0.056853
0.099579 4.405755 0.058704
0.100086 4.331792 0.057601
0.100593 4.369976 0.055848
0.101100 4.368894 0.058210
0.101606 4.244301 0.054557
0.102113 4.404164 0.057438
0.102620 4.357011 0.056212
0.103127 4.412288 0.054328
0.103633 4.490406 0.058298
0.104140 4.296967 0.061210
0.104647 4.419786 0.060254
0.105154 4.325085 0.057405
0.105660 4.194328 0.056739
0.106167 4.453979 0.056769
0.106674 4.405360 0.055749
0.107181 4.171032 0.053601
0.107687 4.262816 0.050939
0.108194 4.339750 0.053305
0.108701 4.283105 0.050987
0.109208 4.361412 0.055981
0.109714 4.248310 0.050881
0.110221 4.228009 0.051818
0.110728 4.316599 0.054551
0.111235 4.259241 0.051697
0.111741 4.387438 0.054779
0.112248 4.229051 0.050079
0.112755 4.272443 0.051868
0.113262 4.296847 0.052175
0.113768 4.316702 0.051036
0.114275 4.222445 0.052327
0.114782 4.278884 0.050048
0.115289 4.283666 0.050466
0.115795 4.165234 0.050335
0.116302 4.252380 0.050830
0.116809 4.240852 0.050096
0.117316 4.283335 0.049202
0.117822 4.223332 0.048899
0.118329 4.223102 0.049114
0.118836 4.235260 0.049794
0.119342 4.192195 0.048522
0.119849 4.282633 0.048109
0.120356 4.344379 0.048289
0.120863 4.179660 0.049107
0.121369 4.168768 0.047877
0.121876 4.310645 0.047908
0.122383 4.204726 0.046317
0.122890 4.237124 0.047558
0.123396 4.195517 0.048005
0.123903 4.239265 0.047976
0.124410 4.261104 0.046991
0.124917 4.181120 0.046290
0.125423 4.117937 0.046069
0.125930 4.106435 0.046845
0.126437 4.242798 0.046690
0.126944 4.267677 0.046717
0.127450 4.215745 0.045317
0.127957 4.232263 0.045360
0.128464 4.154283 0.045581
0.128970 4.304167 0.047088
0.129477 4.163008 0.046244
0.129984 4.216477 0.045835
0.130491 4.149292 0.045269
0.130997 4.211966 0.044434
0.131504 4.206624 0.042981
0.132011 4.176672 0.045018
0.132518 4.221747 0.044490
0.133024 4.228206 0.044070
0.133531 4.158720 0.042786
0.134038 4.226185 0.044394
0.134545 4.216603 0.043804
0.135051 4.229042 0.043629
0.135558 4.264490 0.045306
0.136065 4.220606 0.044110
0.136571 4.086289 0.042801
0.137078 4.195365 0.044186
0.137585 4.201583 0.043405
0.138092 4.197052 0.042251
0.138598 4.186476 0.043760
0.139105 4.148460 0.043527
0.139612 4.155807 0.042849
0.140119 4.165457 0.043645
0.140625 4.198823 0.043121
0.141132 4.154860 0.041779
0.141639 4.187902 0.041191
0.142145 4.115815 0.041919
0.142652 4.202150 0.042725
0.143159 4.083175 0.041345
0.143666 4.125530 0.040708
0.144172 4.243543 0.042401
0.144679 4.191536 0.042286
0.145186 4.086639 0.041786
0.145692 4.141786 0.041368
0.146199 4.116053 0.041491
0.146706 4.135465 0.041103
0.147213 4.164450 0.041328
0.147719 4.148771 0.042361
0.148226 4.193048 0.041399
0.148733 4.057514 0.040784
0.149240 4.108726 0.040709
0.149746 4.127541 0.041932
0.150253 4.104941 0.041055
0.150760 4.096366 0.040734
0.151266 4.040228 0.041366
0.151773 4.132271 0.041502
0.152280 4.115085 0.040219
0.152787 4.065411 0.040656
0.153293 4.081872 0.039613
0.153800 4.086683 0.039360
0.154307 4.029126 0.039712
0.154813 4.056404 0.040092
0.155320 4.115141 0.040491
0.155827 4.070397 0.039501
0.156334 4.085979 0.040522
0.156840 4.080544 0.039280
0.157347 4.163874 0.039628
0.157854 4.070103 0.039500
0.158360 4.088358 0.038219
0.158867 4.107256 0.039470
0.159374 4.117983 0.039328
0.159881 4.106889 0.039089
0.160387 4.103901 0.039376
0.160894 4.042653 0.038236
0.161401 4.096748 0.038725
0.161907 4.105832 0.039269
0.162414 4.021620 0.038630
0.162921 4.058347 0.038686
0.163427 4.107875 0.038786
0.163934 4.091387 0.039541
0.164441 4.074174 0.038415
0.164948 4.050206 0.038437
0.165454 4.097437 0.039181
0.165961 4.084851 0.037709
0.166468 4.044601 0.038269
0.166974 3.998405 0.037598
0.167481 3.990290 0.037734
0.167988 4.081476 0.037579
0.168495 4.019019 0.037981
0.169001 4.019671 0.038442
0.169508 3.992008 0.038683
0.170015 4.040069 0.038940
0.170521 4.016784 0.039015
0.171028 4.078989 0.039011
0.171535 4.040958 0.039016
0.172041 4.083547 0.039249
0.172548 4.015089 0.039043
0.173055 4.013087 0.038547
0.173562 4.075619 0.038638
0.174068 3.980722 0.039072
0.174575 3.963833 0.038641
0.175082 3.985976 0.038681
0.175588 4.032020 0.039910
0.176095 4.001326 0.039672
0.176602 3.950350 0.038462
0.177108 4.007977 0.040155
0.177615 4.067092 0.040088
0.178122 4.054916 0.038907
0.178629 4.041756 0.038319
0.179135 3.997580 0.039200
0.179642 4.022569 0.038185
0.180149 4.020437 0.038506
0.180655 4.059030 0.039815
0.181162 3.982736 0.038929
0.181669 4.103493 0.040652
0.182175 4.043296 0.039736
0.182682 3.969737 0.038580
0.183189 4.034145 0.039719
0.183695 4.032589 0.041316
0.184202 4.021684 0.039709
0.184709 3.993479 0.040779
0.185216 4.065956 0.040698
0.185722 4.052202 0.040487
0.186229 4.027943 0.039848
0.186736 4.031207 0.041263
0.187242 3.967809 0.041785
0.187749 4.015026 0.041128
0.188256 4.061679 0.040767
0.188762 4.065493 0.040895
0.189269 3.966601 0.041174
0.189776 3.977710 0.040684
0.190282 4.042557 0.040340
0.190789 4.017530 0.042203
0.191296 4.062468 0.043588
0.191802 4.043108 0.041797
0.192309 4.036394 0.042100
0.192816 3.979381 0.041587
0.193323 3.970626 0.042794
0.193829 3.974065 0.042084
0.194336 3.985763 0.042017
0.194843 3.943255 0.041767
0.195349 3.998196 0.041002
0.195856 3.931295 0.040927
0.196363 4.019798 0.043213
0.196869 4.027112 0.042725
0.197376 3.973898 0.041739
0.197883 3.980574 0.042370
0.198389 3.984539 0.042699
0.198896 3.960836 0.042228
0.199403 3.985262 0.041734
0.199909 4.038361 0.043161
0.200416 3.960199 0.042563
0.200923 4.035832 0.042922
0.201429 3.983297 0.041448
0.201936 3.947944 0.042028
0.202443 4.006840 0.042528
0.202949 4.046913 0.043102
0.203456 4.066341 0.042466
0.203963 4.050307 0.043871
0.204469 3.955353 0.041290
0.204976 3.873481 0.041611
0.205483 3.994801 0.042422
0.205989 4.006127 0.041321
0.206496 4.016417 0.043232
0.207003 4.042239 0.042549
0.207509 3.997191 0.041900
0.208016 3.901291 0.042430
0.208523 3.988977 0.042946
0.209029 3.987470 0.043999
0.209536 3.919151 0.043228
0.210043 3.884308 0.040308
0.210549 3.945701 0.041925
0.211056 4.030679 0.042091
0.211563 3.957133 0.042078
0.212069 3.942652 0.042709
0.212576 3.927549 0.042395
0.213083 3.942981 0.042427
0.213589 3.918584 0.041545
0.214096 3.929930 0.042526
0.214603 3.903273 0.042117
0.215109 3.904107 0.042341
0.215616 3.936427 0.041883
0.216123 3.941820 0.042872
0.216629 3.946755 0.041428
0.217136 3.915766 0.041407
0.217643 3.895235 0.041266
0.218149 3.961001 0.042146
0.218656 3.926637 0.040900
0.219163 3.934034 0.042070
0.219669 3.858843 0.043010
0.220176 3.882594 0.041720
0.220683 3.969287 0.042374
0.221189 3.869014 0.042042
0.221696 3.899469 0.042180
0.222203 3.811175 0.040137
0.222709 3.921633 0.041024
0.223216 3.938922 0.042407
0.223722 3.850955 0.041427
0.224229 3.845933 0.041432
0.224736 3.900330 0.042156
0.225242 3.919062 0.041885
0.225749 3.865612 0.040503
0.226256 3.918347 0.041424
0.226762 3.938055 0.042017
0.227269 3.940276 0.041604
0.227776 3.885361 0.040743
0.228282 3.888459 0.041130
0.228789 3.829678 0.040970
0.229296 3.856076 0.040504
0.229802 3.880887 0.041190
0.230309 3.886768 0.041768
0.230816 3.856924 0.039663
0.231322 3.837638 0.039592
0.231829 3.926943 0.040299
0.232335 3.834124 0.039592
0.232842 3.882711 0.039549
0.233349 3.868015 0.038685
0.233855 3.855364 0.039747
0.234362 3.901710 0.039182
0.234869 3.963460 0.039763
0.235375 3.866980 0.040296
0.235882 3.932042 0.039972
0.236389 3.888869 0.038308
0.236895 3.825746 0.038245
0.237402 3.880731 0.040191
0.237908 3.789068 0.037314
0.238415 3.907319 0.039025
0.238922 3.805348 0.038989
0.239428 3.861899 0.039152
0.239935 3.837619 0.037954
0.240442 3.810272 0.037598
0.240948 3.869207 0.038887
0.241455 3.872068 0.038741
0.241962 3.832402 0.037994
0.242468 3.787929 0.038140
0.242975 3.883469 0.037772
0.243481 3.848755 0.037578
0.243988 3.817091 0.038249
0.244495 3.808613 0.037544
0.245001 3.821432 0.037551
0.245508 3.841639 0.037116
0.246015 3.852088 0.037663
0.246521 3.765418 0.036634
0.247028 3.816424 0.037322
0.247534 3.774775 0.037488
0.248041 3.864736 0.038052
0.248548 3.824261 0.037290
0.249054 3.842345 0.037379
0.249561 3.789172 0.037286
0.250068 3.826611 0.038229
0.250574 3.811231 0.036528
0.251081 3.868217 0.037751
0.251587 3.855381 0.036778
0.252094 3.808107 0.037225
0.252601 3.783858 0.037325
0.253107 3.826863 0.036376
0.253614 3.823297 0.037263
0.254120 3.811599 0.036940
0.254627 3.815958 0.036716
0.255134 3.787431 0.036776
0.255640 3.763094 0.035148
0.256147 3.780773 0.036881
0.256654 3.786413 0.036143
0.257160 3.776903 0.035857
0.257667 3.829592 0.035566
0.258173 3.769634 0.035153
0.258680 3.874616 0.036878
0.259187 3.789467 0.035055
0.259693 3.831744 0.035457
0.260200 3.743656 0.035217
0.260706 3.732785 0.034437
0.261213 3.771338 0.035262
0.261720 3.719824 0.034832
0.262226 3.830872 0.035799
0.262733 3.754035 0.035116
0.263239 3.812203 0.035527
0.263746 3.760242 0.034834
0.264253 3.781572 0.035013
0.264759 3.777912 0.035059
0.265266 3.764645 0.034819
0.265772 3.787040 0.034944
0.266279 3.793622 0.033746
0.266786 3.761041 0.035103
0.267292 3.767094 0.034852
0.267799 3.733510 0.034611
0.268305 3.772851 0.034840
0.268812 3.733835 0.034178
0.269319 3.820983 0.034847
0.269825 3.801794 0.033952
0.270332 3.746096 0.034238
0.270838 3.771420 0.034449
0.271345 3.742784 0.033927
0.271852 3.715453 0.034218
0.272358 3.672730 0.034082
0.272865 3.720809 0.033886
0.273371 3.748395 0.033474
0.273878 3.667614 0.034298
0.274385 3.776648 0.033984
0.274891 3.761884 0.033588
0.275398 3.705952 0.033081
0.275904 3.774989 0.034006
0.276411 3.740252 0.034547
0.276917 3.743608 0.033907
0.277424 3.671864 0.033312
0.277931 3.726468 0.033873
0.278437 3.722508 0.032740
0.278944 3.730466 0.032862
0.279450 3.705370 0.033227
0.279957 3.708661 0.032951
0.280464 3.725970 0.032229
0.280970 3.760703 0.032403
0.281477 3.721069 0.033753
0.281983 3.650925 0.033433
0.282490 3.728121 0.033648
0.282996 3.752108 0.033110
0.283503 3.736461 0.032669
0.284010 3.776483 0.033014
0.284516 3.712450 0.032168
0.285023 3.702416 0.032999
0.285529 3.689081 0.033112
0.286036 3.652724 0.032627
0.286542 3.743113 0.033350
0.287049 3.706147 0.033322
0.287556 3.694196 0.033242
0.288062 3.684137 0.032761
0.288569 3.660024 0.032006
0.289075 3.686272 0.032721
0.289582 3.663302 0.032868
0.290088 3.691139 0.033322
0.290595 3.678433 0.032874
0.291102 3.672216 0.032588
0.291608 3.691296 0.032942
0.292115 3.641766 0.033216
0.292621 3.684693 0.032791
0.293128 3.696971 0.033066
0.293634 3.690098 0.032377
0.294141 3.656471 0.032929
0.294647 3.636927 0.033294
0.295154 3.660612 0.033483
0.295661 3.679158 0.032981
0.296167 3.692015 0.033162
0.296674 3.656532 0.032114
0.297180 3.672651 0.032758
0.297687 3.589161 0.032677
0.298193 3.670711 0.032434
0.298700 3.612877 0.033421
0.299206 3.646980 0.033111
0.299713 3.654207 0.032919
0.300220 3.647303 0.033515
0.300726 3.659267 0.033165
0.301233 3.623651 0.032820
0.301739 3.622530 0.032134
0.302246 3.677356 0.032939
0.302752 3.637618 0.032513
0.303259 3.659782 0.033195
0.303765 3.658934 0.032021
0.304272 3.636199 0.032579
0.304779 3.635483 0.033033
0.305285 3.573727 0.031564
0.305792 3.575265 0.032826
0.306298 3.646975 0.032995
0.306805 3.589572 0.032314
0.307311 3.597061 0.032228
0.307818 3.632164 0.032058
0.308324 3.656314 0.031799
0.308831 3.577562 0.031425
0.309337 3.622729 0.032339
0.309844 3.649171 0.032925
0.310350 3.592565 0.032791
0.310857 3.614989 0.032275
0.311364 3.681909 0.034141
0.311870 3.590448 0.033764
0.312377 3.658029 0.034298
0.312883 3.593500 0.033103
0.313390 3.608403 0.034057
0.313896 3.611884 0.035608
0.314403 3.650865 0.034583
0.314909 3.642601 0.035417
0.315416 3.579226 0.034995
0.315922 3.558139 0.033996
0.316429 3.661337 0.035261
0.316935 3.631395 0.034269
0.317442 3.564313 0.034074
0.317948 3.556365 0.034100
0.318455 3.610974 0.035609
0.318961 3.578851 0.035680
0.319468 3.667289 0.034819
0.319975 3.599131 0.035612
0.320481 3.568288 0.035541
0.320988 3.592707 0.035916
0.321494 3.622157 0.037904
0.322001 3.582406 0.034581
0.322507 3.642072 0.035137
0.323014 3.579312 0.034893
0.323520 3.590469 0.035088
0.324027 3.556108 0.036063
0.324533 3.572712 0.035186
0.325040 3.578344 0.035166
0.325546 3.632247 0.034830
0.326053 3.565518 0.035858
0.326559 3.586532 0.034790
0.327066 3.617643 0.036647
0.327572 3.631754 0.036071
0.328079 3.569089 0.034931
0.328585 3.671434 0.035977
0.329092 3.611475 0.035980
0.329598 3.597516 0.036087
0.330105 3.623845 0.035743
0.330611 3.612264 0.035968
0.331118 3.641325 0.036439
0.331624 3.624857 0.036865
0.332131 3.514698 0.035321
0.332637 3.650695 0.036527
0.333144 3.603573 0.035736
0.333650 3.555598 0.035621
0.334157 3.618903 0.035630
0.334663 3.595737 0.035734
0.335170 3.631824 0.035444
0.335676 3.576979 0.036138
0.336183 3.617126 0.036115
0.336689 3.629086 0.036531
0.337196 3.626591 0.035612
0.337702 3.627567 0.036076
0.338209 3.530768 0.035668
0.338715 3.548598 0.036304
0.339222 3.572594 0.036015
0.339728 3.572649 0.035960
0.340235 3.570217 0.035696
0.340741 3.625812 0.036743
0.341248 3.602641 0.036405
0.341754 3.604225 0.036505
0.342261 3.542190 0.036505
0.342767 3.584307 0.037782
0.343274 3.612300 0.036143
0.343780 3.657231 0.037629
0.344287 3.603867 0.036168
0.344793 3.624323 0.036283
0.345300 3.583065 0.036938
0.345806 3.494623 0.036759
0.346313 3.588305 0.036838
0.346819 3.572754 0.036147
0.347325 3.592471 0.037275
0.347832 3.586911 0.037115
0.348338 3.547187 0.037412
0.348845 3.513677 0.037108
0.349351 3.524230 0.037059
0.349858 3.573562 0.036768
0.350364 3.497278 0.036122
0.350871 3.560884 0.036703
0.351377 3.542853 0.037407
0.351884 3.570790 0.036676
0.352390 3.569316 0.037347
0.352897 3.534106 0.036699
0.353403 3.550812 0.036150
0.353910 3.537857 0.036235
0.354416 3.461459 0.036867
0.354923 3.457266 0.035345
0.355429 3.577537 0.035459
0.355935 3.501238 0.034876
0.356442 3.510759 0.035296
0.356948 3.516709 0.034613
0.357455 3.517628 0.034962
0.357961 3.554460 0.035043
0.358468 3.493893 0.034415
0.358974 3.531709 0.034781
0.359481 3.511898 0.034761
0.359987 3.533890 0.035719
0.360494 3.595949 0.035955
0.361000 3.463007 0.035224
0.361506 3.618218 0.035676
0.362013 3.513370 0.035254
0.362519 3.517954 0.034724
0.363026 3.572708 0.035879
0.363532 3.527239 0.036324
0.364039 3.576417 0.036553
0.364545 3.555324 0.036462
0.365052 3.516904 0.036156
0.365558 3.537136 0.036971
0.366064 3.543217 0.036155
0.366571 3.508862 0.036327
0.367077 3.509532 0.036389
0.367584 3.556833 0.036979
0.368090 3.462410 0.036385
0.368597 3.519521 0.035941
0.369103 3.455418 0.036271
0.369610 3.521947 0.037578
0.370116 3.432999 0.037043
0.370622 3.425840 0.037010
0.371129 3.502414 0.037993
0.371635 3.512750 0.038015
0.372142 3.458150 0.036874
0.372648 3.528361 0.037308
0.373155 3.529246 0.037617
0.373661 3.534912 0.037633
0.374167 3.493767 0.037707
0.374674 3.531518 0.038493
0.375180 3.443542 0.037379
0.375687 3.408207 0.038326
0.376193 3.535093 0.039912
0.376700 3.433732 0.037731
0.377206 3.494044 0.038036
0.377712 3.467106 0.038146
0.378219 3.486989 0.038293
0.378725 3.534239 0.038639
0.379232 3.535496 0.039772
0.379738 3.471273 0.039677
0.380245 3.472955 0.038734
0.380751 3.523070 0.039788
0.381257 3.480064 0.039186
0.381764 3.455991 0.040730
0.382270 3.466428 0.040432
0.382777 3.431574 0.042470
0.383283 3.471462 0.041210
0.383789 3.473839 0.040932
0.384296 3.475508 0.041719
0.384802 3.482757 0.042237
0.385309 3.498451 0.041759
0.385815 3.486013 0.042329
0.386321 3.461478 0.042098
0.386828 3.518895 0.042747
0.387334 3.490060 0.042388
0.387841 3.538252 0.042507
0.388347 3.466230 0.043559
0.388853 3.435022 0.041820
0.389360 3.421662 0.042904
0.389866 3.474956 0.042290
0.390373 3.451841 0.042743
0.390879 3.444020 0.043678
0.391385 3.526550 0.042942
0.391892 3.431351 0.042452
0.392398 3.499878 0.044893
0.392905 3.417502 0.044173
0.393411 3.499495 0.044446
0.393917 3.421085 0.044582
0.394424 3.416708 0.044516
0.394930 3.498487 0.044998
0.395437 3.415733 0.045567
0.395943 3.361973 0.044896
0.396449 3.470632 0.046247
0.396956 3.426964 0.045317
0.397462 3.508160 0.047376
0.397969 3.406536 0.046681
0.398475 3.501152 0.046382
0.398981 3.413579 0.047796
0.399488 3.391045 0.045595
0.399994 3.437691 0.047510
0.400500 3.433695 0.046865
0.401007 3.403482 0.047131
0.401513 3.435626 0.047269
0.402020 3.463532 0.048491
0.402526 3.416154 0.048665
0.403032 3.499757 0.049243
0.403539 3.359853 0.048321
0.404045 3.353649 0.047381
0.404551 3.468159 0.049985
0.405058 3.286751 0.048989
0.405564 3.392299 0.049477
0.406071 3.401111 0.048640
0.406577 3.420613 0.049757
0.407083 3.388129 0.049340
0.407590 3.354729 0.048905
0.408096 3.428275 0.050593
0.408602 3.315698 0.048552
0.409109 3.428833 0.048363
0.409615 3.428491 0.047789
0.410121 3.439319 0.051495
0.410628 3.409640 0.050581
0.411134 3.415110 0.048332
0.411641 3.400986 0.052487
0.412147 3.339645 0.050129
0.412653 3.413441 0.050820
0.413160 3.341656 0.051281
0.413666 3.324045 0.052271
0.414172 3.236845 0.049953
0.414679 3.295147 0.050755
0.415185 3.393873 0.052337
0.415691 3.283245 0.053178
0.416198 3.275371 0.051349
0.416704 3.300956 0.052562
0.417210 3.274824 0.054315
0.417717 3.329811 0.053223
0.418223 3.276886 0.051283
0.418729 3.358667 0.052010
0.419236 3.416351 0.053303
0.419742 3.363037 0.052134
0.420248 3.464051 0.054013
0.420755 3.345069 0.054793
0.421261 3.302859 0.052727
0.421767 3.388723 0.051943
0.422274 3.344205 0.054945
0.422780 3.311129 0.053649
0.423286 3.287100 0.054308
0.423793 3.358544 0.054700
0.424299 3.310452 0.054869
0.424805 3.288888 0.053999
0.425312 3.294526 0.054172
0.425818 3.343083 0.054860
0.426324 3.289948 0.059469
0.426831 3.421241 0.058120
0.427337 3.254285 0.057357
0.427843 3.355489 0.055466
0.428350 3.353409 0.059063
0.428856 3.315509 0.058523
0.429362 3.331138 0.058659
0.429869 3.383666 0.058650
0.430375 3.199216 0.058989
0.430881 3.342515 0.058752
0.431388 3.298361 0.058940
0.431894 3.337027 0.060532
0.432400 3.285864 0.057776
0.432907 3.268632 0.060083
0.433413 3.224483 0.065569
0.433919 3.213852 0.061167
0.434425 3.395556 0.063076
0.434932 3.371195 0.063012
0.435438 3.391286 0.066565
0.435944 3.397994 0.064679
0.436451 3.305211 0.063689
0.436957 3.362288 0.063142
0.437463 3.364696 0.069467
0.437970 3.300625 0.065265
0.438476 3.240363 0.069847
0.438982 3.375829 0.068582
0.439488 3.267230 0.068791
0.439995 3.277184 0.070685
