0.009882 109.222618 25.303776
0.010389 73.771127 14.342963
0.010896 70.731080 13.630215
0.011402 61.018478 10.968513
0.011909 33.614212 6.091964
0.012416 39.924471 5.700761
0.012923 27.890585 3.993218
0.013430 25.783959 3.935727
0.013936 20.295019 2.082955
0.014443 17.974279 1.829793
0.014950 17.643559 1.028424
0.015457 14.965652 0.854626
0.015963 14.518889 0.644118
0.016470 13.055348 0.504311
0.016977 12.725853 0.398995
0.017484 11.832569 0.378080
0.017990 11.064812 0.299262
0.018497 10.579345 0.256247
0.019004 9.669989 0.230376
0.019511 9.425575 0.211883
0.020018 9.273610 0.191739
0.020524 8.854393 0.178910
0.021031 8.239005 0.174558
0.021538 8.003858 0.163951
0.022045 7.989621 0.174561
0.022551 7.773346 0.149518
0.023058 7.438462 0.160375
0.023565 7.164748 0.147323
0.024072 7.250934 0.146685
0.024579 7.239933 0.155946
0.025085 6.634508 0.135135
0.025592 6.694990 0.128440
0.026099 6.539680 0.119434
0.026606 6.470305 0.122713
0.027112 6.605249 0.117347
0.027619 6.373067 0.127728
0.028126 6.236595 0.111900
0.028633 6.132751 0.108672
0.029139 5.895169 0.118267
0.029646 5.899527 0.106977
0.030153 6.021949 0.114497
0.030660 5.946218 0.111808
0.031167 5.863262 0.111540
0.031673 5.809747 0.106955
0.032180 5.665547 0.100375
0.032687 5.640635 0.106214
0.033194 5.757582 0.105497
0.033700 5.592041 0.098316
0.034207 5.524776 0.101228
0.034714 5.545543 0.098859
0.035221 5.424332 0.098656
0.035727 5.491340 0.092137
0.036234 5.604638 0.101082
0.036741 5.307430 0.096953
0.037248 5.352044 0.092605
0.037755 5.396934 0.096967
0.038261 5.384657 0.094069
0.038768 5.149968 0.085932
0.039275 5.313317 0.090378
0.039782 5.355526 0.091851
0.040288 5.174723 0.095068
0.040795 4.997190 0.085492
0.041302 5.216853 0.094226
0.041809 5.036980 0.084613
0.042315 5.138908 0.086694
0.042822 5.026982 0.090492
0.043329 4.908503 0.080937
0.043836 5.068322 0.082577
0.044343 5.107928 0.084694
0.044849 4.839536 0.083038
0.045356 5.099274 0.081965
0.045863 4.824976 0.078757
0.046370 4.934548 0.079861
0.046876 4.897885 0.080090
0.047383 4.896838 0.080283
0.047890 4.978130 0.078271
0.048397 4.850179 0.078336
0.048903 4.987769 0.076380
0.049410 4.948958 0.074445
0.049917 4.796757 0.075522
0.050424 4.940634 0.077306
0.050931 4.862175 0.076772
0.051437 4.826476 0.072415
0.051944 4.834816 0.071963
0.052451 4.754681 0.072764
0.052958 4.770989 0.074787
0.053464 4.848361 0.069875
0.053971 4.797540 0.075257
0.054478 4.725179 0.069780
0.054985 4.683174 0.074582
0.055491 4.780862 0.071449
0.055998 4.839365 0.070134
0.056505 4.752178 0.069797
0.057012 4.647957 0.072052
0.057519 4.613143 0.070158
0.058025 4.699547 0.067054
0.058532 4.718104 0.066800
0.059039 4.690393 0.069172
0.059546 4.639065 0.065845
0.060052 4.576942 0.065887
0.060559 4.594780 0.064820
0.061066 4.550555 0.066809
0.061573 4.650922 0.066201
0.062079 4.699343 0.066138
0.062586 4.644971 0.068309
0.063093 4.566631 0.066254
0.063600 4.672708 0.065112
0.064106 4.611843 0.068719
0.064613 4.603739 0.062861
0.065120 4.597588 0.064790
0.065627 4.548030 0.063923
0.066134 4.613359 0.063876
0.066640 4.603678 0.063837
0.067147 4.664514 0.063278
0.067654 4.579996 0.064318
0.068161 4.537098 0.062568
0.068667 4.570799 0.063492
0.069174 4.682328 0.060818
0.069681 4.472554 0.064781
0.070188 4.493609 0.061412
0.070694 4.427511 0.059020
0.071201 4.596664 0.060200
0.071708 4.511766 0.058378
0.072215 4.552727 0.059784
0.072721 4.455761 0.060760
0.073228 4.499315 0.060768
0.073735 4.511332 0.059553
0.074242 4.481340 0.057790
0.074748 4.477467 0.060752
0.075255 4.423616 0.059314
0.075762 4.537874 0.059495
0.076269 4.425996 0.058083
0.076776 4.611900 0.060881
0.077282 4.450800 0.058426
0.077789 4.530877 0.057418
0.078296 4.395097 0.054951
0.078803 4.413393 0.057236
0.079309 4.510272 0.056758
0.079816 4.496010 0.061756
0.080323 4.443387 0.059595
0.080830 4.483276 0.056492
0.081336 4.373638 0.058869
0.081843 4.498373 0.060107
0.082350 4.496805 0.056472
0.082857 4.390317 0.057348
0.083363 4.455308 0.058077
0.083870 4.474944 0.058192
0.084377 4.542754 0.058429
0.084884 4.472355 0.059852
0.085390 4.459166 0.056956
0.085897 4.429613 0.058432
0.086404 4.535492 0.060488
0.086911 4.447083 0.058765
0.087417 4.375221 0.058289
0.087924 4.349634 0.055531
0.088431 4.457116 0.058555
0.088938 4.458418 0.057575
0.089444 4.385675 0.056576
0.089951 4.425535 0.057385
0.090458 4.401707 0.058219
0.090965 4.425029 0.056543
0.091471 4.423176 0.056845
0.091978 4.463667 0.056699
0.092485 4.388163 0.058997
0.092992 4.283860 0.057860
0.093498 4.439784 0.058426
0.094005 4.326639 0.056226
0.094512 4.296368 0.058221
0.095019 4.372099 0.058829
0.095525 4.468971 0.056653
0.096032 4.335645 0.058020
0.096539 4.296071 0.055763
0.097046 4.364811 0.055764
0.097552 4.408920 0.059281
0.098059 4.427340 0.057751
0.098566 4.386847 0.057501
0.099073 4.335489 0.058496
0.099579 4.408014 0.058056
0.100086 4.324355 0.056723
0.100593 4.328044 0.055993
0.101100 4.260642 0.055603
0.101606 4.389329 0.057672
0.102113 4.446655 0.055981
0.102620 4.444136 0.056103
0.103127 4.337903 0.057777
0.103633 4.381270 0.057769
0.104140 4.361510 0.056978
0.104647 4.388047 0.058247
0.105154 4.302543 0.057210
0.105660 4.330368 0.055423
0.106167 4.238229 0.055691
0.106674 4.269143 0.054870
0.107181 4.292950 0.056977
0.107687 4.350760 0.054447
0.108194 4.310242 0.055736
0.108701 4.253820 0.051727
0.109208 4.287990 0.051759
0.109714 4.250314 0.053603
0.110221 4.262362 0.053774
0.110728 4.296082 0.053521
0.111235 4.318825 0.051526
0.111741 4.245719 0.053503
0.112248 4.217696 0.050719
0.112755 4.325661 0.051514
0.113262 4.351660 0.050091
0.113768 4.357449 0.052991
0.114275 4.351125 0.051869
0.114782 4.233351 0.050950
0.115289 4.255688 0.051290
0.115795 4.247412 0.050765
0.116302 4.246364 0.050116
0.116809 4.195864 0.049575
0.117316 4.236079 0.049939
0.117822 4.242539 0.050238
0.118329 4.179250 0.047634
0.118836 4.224077 0.048738
0.119342 4.152378 0.048307
0.119849 4.097949 0.047988
0.120356 4.099261 0.049557
0.120863 4.281507 0.048675
0.121369 4.184970 0.047264
0.121876 4.247446 0.047086
0.122383 4.130185 0.047678
0.122890 4.263703 0.048522
0.123396 4.150357 0.045658
0.123903 4.284125 0.047768
0.124410 4.170772 0.047097
0.124917 4.313155 0.048651
0.125423 4.240885 0.047298
0.125930 4.208265 0.047385
0.126437 4.124738 0.045733
0.126944 4.202937 0.046067
0.127450 4.211029 0.046455
0.127957 4.189837 0.046022
0.128464 4.188343 0.045756
0.128970 4.170645 0.045482
0.129477 4.154962 0.045425
0.129984 4.179415 0.044392
0.130491 4.122398 0.045550
0.130997 4.156152 0.044458
0.131504 4.130025 0.042533
0.132011 4.178632 0.043600
0.132518 4.166262 0.044712
0.133024 4.146398 0.044371
0.133531 4.172679 0.044285
0.134038 4.154293 0.044370
0.134545 4.158770 0.044129
0.135051 4.154024 0.044239
0.135558 4.095954 0.044350
0.136065 4.198974 0.042996
0.136571 4.214874 0.044337
0.137078 4.108648 0.043595
0.137585 4.232577 0.044672
0.138092 4.104365 0.043079
0.138598 4.118295 0.041469
0.139105 4.247459 0.044440
0.139612 4.196488 0.043640
0.140119 4.207193 0.043490
0.140625 4.161231 0.043512
0.141132 4.185660 0.043080
0.141639 4.182571 0.041545
0.142145 4.169492 0.043633
0.142652 4.170707 0.041899
0.143159 4.244049 0.041999
0.143666 4.211379 0.043599
0.144172 4.081015 0.041730
0.144679 4.192415 0.041251
0.145186 4.157543 0.040671
0.145692 4.133184 0.041362
0.146199 4.109168 0.041401
0.146706 4.207647 0.042185
0.147213 4.126723 0.041302
0.147719 4.105200 0.042413
0.148226 4.105437 0.041083
0.148733 4.044839 0.040974
0.149240 4.163030 0.040666
0.149746 4.135531 0.040368
0.150253 4.022455 0.040878
0.150760 4.048272 0.040377
0.151266 4.109453 0.041280
0.151773 4.090342 0.040507
0.152280 4.087824 0.039602
0.152787 4.058409 0.040621
0.153293 4.059757 0.041055
0.153800 4.117962 0.040505
0.154307 4.019446 0.040228
0.154813 4.126236 0.041210
0.155320 4.056831 0.039792
0.155827 4.068820 0.039714
0.156334 4.052867 0.039916
0.156840 4.026769 0.039501
0.157347 4.067990 0.039104
0.157854 4.078777 0.040049
0.158360 4.099358 0.040266
0.158867 4.073358 0.038709
0.159374 3.982061 0.039001
0.159881 4.080279 0.039661
0.160387 4.002429 0.039933
0.160894 4.072953 0.038730
0.161401 4.076557 0.038778
0.161907 4.003302 0.039221
0.162414 4.041809 0.038660
0.162921 4.068585 0.038819
0.163427 4.045640 0.039472
0.163934 4.013195 0.039435
0.164441 4.015112 0.038138
0.164948 4.015068 0.038942
0.165454 4.028214 0.039330
0.165961 4.074182 0.038843
0.166468 4.091919 0.038379
0.166974 4.032861 0.038856
0.167481 4.079857 0.038622
0.167988 3.956249 0.037345
0.168495 4.042239 0.037908
0.169001 4.003677 0.038099
0.169508 3.998803 0.039145
0.170015 4.017887 0.038297
0.170521 4.113754 0.038339
0.171028 4.034093 0.039017
0.171535 4.017595 0.038440
0.172041 4.067293 0.039715
0.172548 4.004240 0.039696
0.173055 3.986257 0.037896
0.173562 4.085205 0.039443
0.174068 3.994097 0.038771
0.174575 4.027730 0.038881
0.175082 4.102470 0.039045
0.175588 3.950726 0.038312
0.176095 4.036278 0.039475
0.176602 4.099052 0.040382
0.177108 4.002163 0.039199
0.177615 4.065537 0.039259
0.178122 4.004544 0.038683
0.178629 3.952671 0.038335
0.179135 4.021741 0.040353
0.179642 4.013598 0.039720
0.180149 3.985035 0.038808
0.180655 4.034750 0.038649
0.181162 3.966361 0.037842
0.181669 4.044877 0.039860
0.182175 4.001507 0.039716
0.182682 3.978394 0.039443
0.183189 4.019268 0.040057
0.183695 4.015189 0.039161
0.184202 4.009903 0.040788
0.184709 4.031911 0.041183
0.185216 3.998975 0.041235
0.185722 3.974968 0.041132
0.186229 3.941643 0.040361
0.186736 3.969751 0.041002
0.187242 3.978503 0.040565
0.187749 4.010254 0.041222
0.188256 3.988836 0.041317
0.188762 3.969482 0.040696
0.189269 3.995504 0.041803
0.189776 4.016225 0.041116
0.190282 3.997278 0.040764
0.190789 3.956425 0.040640
0.191296 4.083033 0.041012
0.191802 4.142360 0.042864
0.192309 4.005751 0.041755
0.192816 3.989225 0.041416
0.193323 3.965213 0.042285
0.193829 3.960900 0.041727
0.194336 3.962972 0.040977
0.194843 3.936055 0.042275
0.195349 3.956316 0.042205
0.195856 3.940799 0.041156
0.196363 4.012897 0.041853
0.196869 3.911650 0.042631
0.197376 3.958497 0.040677
0.197883 4.026139 0.041759
0.198389 3.989131 0.042507
0.198896 3.915978 0.042269
0.199403 3.978894 0.042205
0.199909 3.960753 0.043148
0.200416 3.925625 0.043101
0.200923 4.050608 0.042612
0.201429 4.047737 0.043394
0.201936 4.044348 0.044186
0.202443 3.946828 0.042839
0.202949 3.967282 0.042829
0.203456 4.017584 0.043316
0.203963 3.976776 0.042030
0.204469 3.979533 0.042605
0.204976 3.983729 0.043204
0.205483 4.028221 0.043658
0.205989 3.969222 0.042725
0.206496 3.922734 0.042107
0.207003 3.974838 0.043973
0.207509 3.964388 0.043121
0.208016 3.919814 0.042335
0.208523 3.948282 0.041615
0.209029 4.017639 0.042776
0.209536 3.966310 0.042417
0.210043 3.968478 0.042371
0.210549 3.985243 0.043310
0.211056 3.944233 0.043739
0.211563 3.946887 0.043322
0.212069 3.960221 0.041950
0.212576 3.889924 0.041504
0.213083 3.925076 0.042334
0.213589 3.966049 0.041440
0.214096 3.977559 0.042797
0.214603 3.858213 0.042751
0.215109 3.875043 0.042947
0.215616 3.884349 0.041332
0.216123 3.904470 0.042249
0.216629 3.900646 0.042830
0.217136 3.892997 0.040924
0.217643 3.850083 0.042046
0.218149 3.823647 0.042116
0.218656 3.888052 0.041425
0.219163 3.924061 0.041654
0.219669 3.890700 0.042720
0.220176 3.872067 0.041968
0.220683 3.948114 0.041583
0.221189 3.957337 0.041758
0.221696 3.875734 0.041996
0.222203 3.977473 0.041825
0.222709 3.948225 0.042797
0.223216 3.896529 0.042584
0.223722 3.825413 0.040141
0.224229 3.902706 0.041300
0.224736 3.916486 0.042171
0.225242 3.917258 0.041522
0.225749 3.859047 0.042503
0.226256 3.893379 0.041107
0.226762 3.891274 0.041084
0.227269 3.897870 0.041309
0.227776 3.797214 0.039980
0.228282 3.834943 0.039989
0.228789 3.837078 0.041042
0.229296 3.883192 0.041167
0.229802 3.926454 0.040923
0.230309 3.884183 0.041345
0.230816 3.845508 0.040401
0.231322 3.865056 0.040060
0.231829 3.842552 0.039846
0.232335 3.837436 0.040036
0.232842 3.882711 0.038641
0.233349 3.817420 0.038742
0.233855 3.987705 0.041099
0.234362 3.760500 0.038976
0.234869 3.877271 0.039051
0.235375 3.826451 0.040527
0.235882 3.870094 0.037466
0.236389 3.808583 0.038022
0.236895 3.835890 0.039293
0.237402 3.873483 0.039031
0.237908 3.892360 0.039002
0.238415 3.831568 0.038688
0.238922 3.828757 0.038681
0.239428 3.839706 0.038863
0.239935 3.862265 0.038341
0.240442 3.911592 0.038740
0.240948 3.816086 0.038692
0.241455 3.820762 0.037793
0.241962 3.839362 0.038468
0.242468 3.796840 0.038055
0.242975 3.797204 0.037898
0.243481 3.834339 0.037257
0.243988 3.797911 0.037499
0.244495 3.803282 0.037402
0.245001 3.770766 0.037328
0.245508 3.795481 0.036861
0.246015 3.863004 0.037914
0.246521 3.796920 0.037842
0.247028 3.799040 0.037410
0.247534 3.827727 0.037806
0.248041 3.817569 0.037513
0.248548 3.853624 0.037068
0.249054 3.790576 0.037171
0.249561 3.782589 0.037282
0.250068 3.755192 0.037276
0.250574 3.858404 0.036927
0.251081 3.835177 0.037210
0.251587 3.774707 0.036194
0.252094 3.769260 0.036196
0.252601 3.775343 0.035772
0.253107 3.787675 0.036292
0.253614 3.759748 0.036145
0.254120 3.732991 0.036239
0.254627 3.797291 0.036447
0.255134 3.786367 0.036765
0.255640 3.825471 0.035871
0.256147 3.767812 0.035466
0.256654 3.732296 0.035833
0.257160 3.847952 0.036532
0.257667 3.752523 0.036065
0.258173 3.804421 0.036006
0.258680 3.755440 0.035168
0.259187 3.793461 0.035510
0.259693 3.863521 0.034704
0.260200 3.718926 0.035444
0.260706 3.823138 0.036195
0.261213 3.776731 0.035025
0.261720 3.775547 0.035505
0.262226 3.714092 0.034611
0.262733 3.759666 0.035178
0.263239 3.780358 0.034812
0.263746 3.743179 0.034806
0.264253 3.752745 0.034775
0.264759 3.817742 0.035233
0.265266 3.727900 0.034240
0.265772 3.773924 0.034873
0.266279 3.803431 0.035164
0.266786 3.680922 0.034785
0.267292 3.757227 0.034683
0.267799 3.748681 0.033591
0.268305 3.779625 0.035381
0.268812 3.764046 0.034959
0.269319 3.743646 0.034257
0.269825 3.719313 0.034032
0.270332 3.781019 0.035054
0.270838 3.734667 0.034685
0.271345 3.723861 0.033235
0.271852 3.769800 0.033899
0.272358 3.832086 0.034225
0.272865 3.794994 0.034358
0.273371 3.800043 0.034251
0.273878 3.777080 0.033679
0.274385 3.764363 0.033969
0.274891 3.731947 0.033386
0.275398 3.772444 0.034488
0.275904 3.706109 0.033090
0.276411 3.725907 0.033464
0.276917 3.767474 0.033621
0.277424 3.752701 0.033733
0.277931 3.668620 0.033039
0.278437 3.705188 0.033267
0.278944 3.713240 0.032801
0.279450 3.632178 0.033237
0.279957 3.725929 0.033532
0.280464 3.742678 0.033553
0.280970 3.767340 0.032936
0.281477 3.730172 0.033812
0.281983 3.711371 0.033029
0.282490 3.710294 0.033063
0.282996 3.658922 0.033223
0.283503 3.742682 0.033412
0.284010 3.684521 0.032834
0.284516 3.656812 0.032570
0.285023 3.694775 0.033350
0.285529 3.676100 0.032917
0.286036 3.667626 0.032287
0.286542 3.688910 0.033564
0.287049 3.737656 0.032736
0.287556 3.720244 0.032729
0.288062 3.702186 0.033220
0.288569 3.649802 0.033313
0.289075 3.599954 0.032609
0.289582 3.622047 0.032342
0.290088 3.713729 0.033458
0.290595 3.699372 0.032578
0.291102 3.680562 0.032828
0.291608 3.679315 0.032542
0.292115 3.649003 0.033068
0.292621 3.668815 0.032617
0.293128 3.726552 0.033008
0.293634 3.640703 0.032884
0.294141 3.666397 0.033258
0.294647 3.647904 0.032069
0.295154 3.670869 0.033308
0.295661 3.663845 0.032347
0.296167 3.643361 0.032472
0.296674 3.656639 0.032599
0.297180 3.637477 0.033710
0.297687 3.629047 0.032620
0.298193 3.693154 0.032329
0.298700 3.646397 0.032798
0.299206 3.664969 0.032490
0.299713 3.713429 0.033165
0.300220 3.683800 0.032236
0.300726 3.703492 0.033377
0.301233 3.633443 0.032864
0.301739 3.619574 0.032338
0.302246 3.647779 0.032641
0.302752 3.618073 0.032641
0.303259 3.635689 0.032555
0.303765 3.704301 0.032471
0.304272 3.599169 0.031950
0.304779 3.624169 0.032910
0.305285 3.637074 0.032429
0.305792 3.617524 0.033043
0.306298 3.654955 0.032529
0.306805 3.593982 0.032508
0.307311 3.589754 0.032090
0.307818 3.634800 0.032165
0.308324 3.623169 0.032336
0.308831 3.600362 0.031960
0.309337 3.604597 0.031994
0.309844 3.640961 0.032971
0.310350 3.654115 0.032933
0.310857 3.580227 0.032253
0.311364 3.641017 0.033919
0.311870 3.622619 0.033601
0.312377 3.609952 0.034540
0.312883 3.597091 0.034358
0.313390 3.636970 0.035525
0.313896 3.621275 0.034596
0.314403 3.616018 0.034597
0.314909 3.562629 0.034313
0.315416 3.645865 0.034714
0.315922 3.567994 0.034873
0.316429 3.590413 0.034964
0.316935 3.604894 0.035609
0.317442 3.594545 0.035356
0.317948 3.511015 0.034190
0.318455 3.608138 0.035385
0.318961 3.577431 0.034696
0.319468 3.538755 0.035072
0.319975 3.637409 0.035190
0.320481 3.607351 0.034536
0.320988 3.561515 0.035521
0.321494 3.576200 0.036762
0.322001 3.553536 0.034842
0.322507 3.580548 0.035568
0.323014 3.594006 0.035690
0.323520 3.588565 0.035258
0.324027 3.614454 0.035882
0.324533 3.556994 0.034136
0.325040 3.586797 0.034987
0.325546 3.661202 0.035682
0.326053 3.548290 0.034715
0.326559 3.529834 0.034804
0.327066 3.637641 0.035556
0.327572 3.651809 0.035130
0.328079 3.603803 0.035354
0.328585 3.592464 0.035391
0.329092 3.568063 0.035109
0.329598 3.617506 0.035515
0.330105 3.572702 0.035813
0.330611 3.609396 0.035903
0.331118 3.556720 0.035801
0.331624 3.578511 0.035315
0.332131 3.610226 0.035670
0.332637 3.616706 0.036244
0.333144 3.564889 0.035885
0.333650 3.591062 0.036078
0.334157 3.561396 0.036275
0.334663 3.586819 0.036630
0.335170 3.571177 0.035885
0.335676 3.576239 0.035516
0.336183 3.578367 0.035501
0.336689 3.567183 0.036246
0.337196 3.611732 0.036621
0.337702 3.542413 0.034807
0.338209 3.535313 0.036443
0.338715 3.658626 0.037519
0.339222 3.547976 0.036517
0.339728 3.605319 0.036607
0.340235 3.566963 0.036461
0.340741 3.621285 0.036705
0.341248 3.539140 0.036072
0.341754 3.568991 0.037073
0.342261 3.531865 0.036048
0.342767 3.581886 0.036537
0.343274 3.624824 0.035814
0.343780 3.613670 0.036492
0.344287 3.573436 0.036742
0.344793 3.545401 0.035751
0.345300 3.536607 0.036482
0.345806 3.560879 0.036371
0.346313 3.506235 0.036029
0.346819 3.541333 0.036161
0.347325 3.461134 0.036751
0.347832 3.523272 0.036551
0.348338 3.534093 0.037061
0.348845 3.566249 0.037376
0.349351 3.573263 0.037917
0.349858 3.586236 0.037431
0.350364 3.520663 0.035985
0.350871 3.561276 0.036130
0.351377 3.571383 0.036836
0.351884 3.548616 0.036242
0.352390 3.488916 0.037401
0.352897 3.594724 0.036927
0.353403 3.564313 0.036898
0.353910 3.504891 0.037012
0.354416 3.557611 0.036621
0.354923 3.557736 0.035853
0.355429 3.566347 0.035660
0.355935 3.548710 0.036340
0.356442 3.572076 0.035339
0.356948 3.507674 0.034696
0.357455 3.496923 0.034295
0.357961 3.485101 0.034279
0.358468 3.509078 0.035558
0.358974 3.559567 0.035380
0.359481 3.536358 0.035587
0.359987 3.500788 0.034894
0.360494 3.480089 0.035102
0.361000 3.557459 0.035382
0.361506 3.559565 0.035228
0.362013 3.480919 0.035396
0.362519 3.476635 0.035687
0.363026 3.490378 0.035849
0.363532 3.512177 0.035638
0.364039 3.516440 0.035366
0.364545 3.526396 0.035405
0.365052 3.490305 0.034822
0.365558 3.475081 0.036223
0.366064 3.500836 0.035695
0.366571 3.453014 0.036050
0.367077 3.445905 0.035749
0.367584 3.481989 0.035802
0.368090 3.550071 0.036734
0.368597 3.564294 0.036664
0.369103 3.494698 0.036201
0.369610 3.376839 0.036280
0.370116 3.421751 0.036698
0.370622 3.488185 0.037426
0.371129 3.408320 0.036254
0.371635 3.491022 0.037987
0.372142 3.508863 0.037619
0.372648 3.504695 0.037720
0.373155 3.476709 0.037135
0.373661 3.474462 0.036782
0.374167 3.468401 0.037674
0.374674 3.474524 0.037289
0.375180 3.409762 0.037185
0.375687 3.435175 0.037700
0.376193 3.441454 0.038037
0.376700 3.434342 0.037578
0.377206 3.516818 0.038481
0.377712 3.487799 0.039134
0.378219 3.497768 0.039525
0.378725 3.429311 0.038181
0.379232 3.411492 0.038715
0.379738 3.514634 0.038631
0.380245 3.554982 0.040565
0.380751 3.451902 0.039641
0.381257 3.436728 0.040376
0.381764 3.446449 0.039612
0.382270 3.431207 0.039627
0.382777 3.429619 0.039821
0.383283 3.475068 0.040203
0.383789 3.496117 0.041188
0.384296 3.551462 0.040992
0.384802 3.503385 0.042178
0.385309 3.474853 0.041420
0.385815 3.419564 0.042021
0.386321 3.502311 0.041690
0.386828 3.462726 0.041908
0.387334 3.483760 0.042105
0.387841 3.396544 0.041993
0.388347 3.410227 0.041685
0.388853 3.523606 0.043501
0.389360 3.471876 0.042819
0.389866 3.502232 0.043614
0.390373 3.481330 0.044682
0.390879 3.446248 0.042558
0.391385 3.418326 0.043572
0.391892 3.354676 0.042873
0.392398 3.366918 0.043052
0.392905 3.435395 0.045143
0.393411 3.450890 0.044755
0.393917 3.405635 0.044616
0.394424 3.454458 0.050421
0.394930 3.354845 0.043790
0.395437 3.523837 0.044562
0.395943 3.443400 0.046171
0.396449 3.388523 0.044977
0.396956 3.368300 0.045513
0.397462 3.401910 0.046846
0.397969 3.438338 0.047111
0.398475 3.476093 0.045833
0.398981 3.460040 0.047257
0.399488 3.478886 0.045165
0.399994 3.414567 0.047638
0.400500 3.423706 0.046861
0.401007 3.454766 0.047098
0.401513 3.377557 0.047547
0.402020 3.357806 0.049195
0.402526 3.416861 0.049863
0.403032 3.306769 0.048462
0.403539 3.365394 0.046337
0.404045 3.326603 0.048167
0.404551 3.364772 0.049480
0.405058 3.311579 0.048321
0.405564 3.331325 0.048004
0.406071 3.371550 0.050923
0.406577 3.348616 0.048030
0.407083 3.365585 0.048991
0.407590 3.338518 0.047920
0.408096 3.429043 0.050254
0.408602 3.323923 0.048887
0.409109 3.317912 0.049420
0.409615 3.399020 0.050346
0.410121 3.312822 0.049264
0.410628 3.324283 0.050777
0.411134 3.382107 0.050312
0.411641 3.376626 0.051102
0.412147 3.411992 0.050125
0.412653 3.392773 0.051799
0.413160 3.414334 0.050595
0.413666 3.339047 0.052409
0.414172 3.315602 0.050831
0.414679 3.299808 0.051139
0.415185 3.301846 0.050248
0.415691 3.305604 0.053356
0.416198 3.322898 0.052954
0.416704 3.257113 0.052376
0.417210 3.322621 0.054554
0.417717 3.349504 0.052013
0.418223 3.273641 0.050036
0.418729 3.298172 0.052585
0.419236 3.390710 0.055668
0.419742 3.301477 0.051490
0.420248 3.251982 0.051436
0.420755 3.335479 0.052887
0.421261 3.374910 0.055608
0.421767 3.303115 0.054482
0.422274 3.286557 0.050909
0.422780 3.352710 0.053905
0.423286 3.272765 0.054266
0.423793 3.357642 0.053080
0.424299 3.267240 0.055033
0.424805 3.302226 0.056628
0.425312 3.305642 0.053369
0.425818 3.405553 0.055362
0.426324 3.327173 0.056339
0.426831 3.226763 0.056782
0.427337 3.348402 0.059934
0.427843 3.363661 0.058689
0.428350 3.275934 0.058401
0.428856 3.299066 0.058388
0.429362 3.311470 0.057050
0.429869 3.389134 0.060708
0.430375 3.300162 0.060348
0.430881 3.380059 0.059756
0.431388 3.329457 0.058369
0.431894 3.360372 0.060633
0.432400 3.401117 0.061411
0.432907 3.305514 0.059496
0.433413 3.268387 0.060789
0.433919 3.312162 0.061554
0.434425 3.439982 0.061007
0.434932 3.305602 0.064195
0.435438 3.378337 0.063115
0.435944 3.274477 0.064008
0.436451 3.405956 0.066614
0.436957 3.347393 0.066760
0.437463 3.265735 0.066463
0.437970 3.314259 0.064698
0.438476 3.224624 0.067546
0.438982 3.283182 0.068014
0.439488 3.358027 0.066481
0.439995 3.425746 0.071007
