0.009882 111.861516 25.348229
0.010389 76.250303 14.356793
0.010896 71.038774 13.708535
0.011402 59.800290 10.585661
0.011909 33.403685 6.196872
0.012416 41.000235 6.374846
0.012923 27.575515 3.837252
0.013430 23.581241 3.498087
0.013936 20.320661 2.137359
0.014443 19.051432 1.687251
0.014950 16.922017 1.105149
0.015457 15.393242 0.898832
0.015963 14.700141 0.628190
0.016470 12.728525 0.584851
0.016977 12.758760 0.400758
0.017484 12.021529 0.336431
0.017990 11.282316 0.260218
0.018497 10.213004 0.235443
0.019004 9.803962 0.198493
0.019511 9.337854 0.204926
0.020018 8.979728 0.198074
0.020524 8.688398 0.191403
0.021031 8.324027 0.187557
0.021538 7.743631 0.171140
0.022045 7.894883 0.176660
0.022551 7.505300 0.164405
0.023058 7.412488 0.149376
0.023565 7.295185 0.151095
0.024072 7.164245 0.146672
0.024579 7.003085 0.142620
0.025085 6.731464 0.137086
0.025592 6.714064 0.135887
0.026099 6.387087 0.117108
0.026606 6.311859 0.123608
0.027112 6.476131 0.134170
0.027619 6.215678 0.123557
0.028126 6.125481 0.122989
0.028633 6.176938 0.115033
0.029139 6.086956 0.120397
0.029646 5.957695 0.119648
0.030153 5.813246 0.113380
0.030660 5.928939 0.110697
0.031167 5.593686 0.105545
0.031673 5.664814 0.108767
0.032180 5.750228 0.110451
0.032687 5.642655 0.104308
0.033194 5.552094 0.098054
0.033700 5.480707 0.098280
0.034207 5.547419 0.106259
0.034714 5.543694 0.099275
0.035221 5.294697 0.101472
0.035727 5.610989 0.097929
0.036234 5.406806 0.099194
0.036741 5.256817 0.093390
0.037248 5.315191 0.094118
0.037755 5.198604 0.093952
0.038261 5.318326 0.088465
0.038768 5.276621 0.095734
0.039275 5.136741 0.092373
0.039782 5.102710 0.083901
0.040288 5.125120 0.092837
0.040795 5.064487 0.085411
0.041302 5.015905 0.089157
0.041809 4.975907 0.085497
0.042315 4.928050 0.089643
0.042822 4.942657 0.084994
0.043329 5.055180 0.085020
0.043836 5.029914 0.084465
0.044343 4.979427 0.080924
0.044849 5.024165 0.077784
0.045356 4.987683 0.078633
0.045863 5.010074 0.079483
0.046370 4.965465 0.078714
0.046876 4.847281 0.077961
0.047383 4.922072 0.078981
0.047890 4.888883 0.076748
0.048397 4.882565 0.084137
0.048903 4.763129 0.072848
0.049410 5.001727 0.081801
0.049917 4.821451 0.076082
0.050424 4.909459 0.076672
0.050931 4.818107 0.078380
0.051437 4.814556 0.075775
0.051944 4.757252 0.072260
0.052451 4.878799 0.075438
0.052958 4.869039 0.071732
0.053464 4.644677 0.069889
0.053971 4.756013 0.073701
0.054478 4.720719 0.068900
0.054985 4.680947 0.071757
0.055491 4.725363 0.075964
0.055998 4.674857 0.069158
0.056505 4.705463 0.066388
0.057012 4.757556 0.067518
0.057519 4.689993 0.069373
0.058025 4.784664 0.070086
0.058532 4.697776 0.066554
0.059039 4.599378 0.065628
0.059546 4.688658 0.065702
0.060052 4.673342 0.063614
0.060559 4.679812 0.070478
0.061066 4.623420 0.065873
0.061573 4.637394 0.067320
0.062079 4.647979 0.066367
0.062586 4.668031 0.069484
0.063093 4.709097 0.068614
0.063600 4.653023 0.062417
0.064106 4.448917 0.064294
0.064613 4.609358 0.063241
0.065120 4.593862 0.064768
0.065627 4.494384 0.063770
0.066134 4.552273 0.064142
0.066640 4.560349 0.064446
0.067147 4.498115 0.061347
0.067654 4.412545 0.062511
0.068161 4.549489 0.062699
0.068667 4.611762 0.064048
0.069174 4.672753 0.065253
0.069681 4.560473 0.063737
0.070188 4.546475 0.062326
0.070694 4.541531 0.060435
0.071201 4.576321 0.061266
0.071708 4.461589 0.061801
0.072215 4.673640 0.062716
0.072721 4.564479 0.060561
0.073228 4.686247 0.061950
0.073735 4.615188 0.060856
0.074242 4.447705 0.059760
0.074748 4.502594 0.060431
0.075255 4.522522 0.058986
0.075762 4.617000 0.059625
0.076269 4.434149 0.058422
0.076776 4.460136 0.058380
0.077282 4.486577 0.057330
0.077789 4.526289 0.057491
0.078296 4.451513 0.055777
0.078803 4.459467 0.055957
0.079309 4.514860 0.057991
0.079816 4.464630 0.059927
0.080323 4.359122 0.057540
0.080830 4.476287 0.056841
0.081336 4.503139 0.059680
0.081843 4.415350 0.060291
0.082350 4.573197 0.059088
0.082857 4.531864 0.059686
0.083363 4.527954 0.059762
0.083870 4.434328 0.058144
0.084377 4.424144 0.057992
0.084884 4.490819 0.059218
0.085390 4.337180 0.056146
0.085897 4.459378 0.058853
0.086404 4.511638 0.059728
0.086911 4.451904 0.058372
0.087417 4.491188 0.059302
0.087924 4.434997 0.056860
0.088431 4.386004 0.059673
0.088938 4.415852 0.058395
0.089444 4.368589 0.058508
0.089951 4.417793 0.057168
0.090458 4.420478 0.058493
0.090965 4.321075 0.057933
0.091471 4.356847 0.057753
0.091978 4.365997 0.058000
0.092485 4.347316 0.056181
0.092992 4.358328 0.055865
0.093498 4.368667 0.058061
0.094005 4.420025 0.059243
0.094512 4.384251 0.057500
0.095019 4.382889 0.057084
0.095525 4.381983 0.057461
0.096032 4.438656 0.057369
0.096539 4.494012 0.055978
0.097046 4.364811 0.057302
0.097552 4.347347 0.057086
0.098059 4.345158 0.055688
0.098566 4.421165 0.056984
0.099073 4.426778 0.056600
0.099579 4.350806 0.057376
0.100086 4.336999 0.055857
0.100593 4.340773 0.055236
0.101100 4.321860 0.057576
0.101606 4.364171 0.057232
0.102113 4.225254 0.054673
0.102620 4.280585 0.054004
0.103127 4.328794 0.057226
0.103633 4.295859 0.057447
0.104140 4.363931 0.057142
0.104647 4.365274 0.056094
0.105154 4.369679 0.058491
0.105660 4.291612 0.056487
0.106167 4.367218 0.056807
0.106674 4.288667 0.057109
0.107181 4.313748 0.055530
0.107687 4.251559 0.055951
0.108194 4.349585 0.054813
0.108701 4.312390 0.054093
0.109208 4.274266 0.053991
0.109714 4.359176 0.051681
0.110221 4.242471 0.050917
0.110728 4.240391 0.053241
0.111235 4.272337 0.051869
0.111741 4.255470 0.052101
0.112248 4.170384 0.050820
0.112755 4.186043 0.049139
0.113262 4.235733 0.052009
0.113768 4.419510 0.050874
0.114275 4.240916 0.048696
0.114782 4.259457 0.049690
0.115289 4.180878 0.049901
0.115795 4.352982 0.048767
0.116302 4.272234 0.049164
0.116809 4.180269 0.048383
0.117316 4.261749 0.048156
0.117822 4.176768 0.049140
0.118329 4.252597 0.048974
0.118836 4.215249 0.049358
0.119342 4.223480 0.049120
0.119849 4.095134 0.046689
0.120356 4.268031 0.049047
0.120863 4.222190 0.048941
0.121369 4.210668 0.049325
0.121876 4.221198 0.047991
0.122383 4.142155 0.046694
0.122890 4.181198 0.047695
0.123396 4.159606 0.047276
0.123903 4.195499 0.047127
0.124410 4.252017 0.047994
0.124917 4.138169 0.047170
0.125423 4.193516 0.047326
0.125930 4.219520 0.049398
0.126437 4.185604 0.044853
0.126944 4.197758 0.045066
0.127450 4.095250 0.044622
0.127957 4.153102 0.045499
0.128464 4.186795 0.046586
0.128970 4.217558 0.046143
0.129477 4.114735 0.044506
0.129984 4.214974 0.044526
0.130491 4.191409 0.045038
0.130997 4.136784 0.046028
0.131504 4.217846 0.045288
0.132011 4.171282 0.044197
0.132518 4.177943 0.043568
0.133024 4.242328 0.043740
0.133531 4.095184 0.043133
0.134038 4.234982 0.045106
0.134545 4.189583 0.044410
0.135051 4.140730 0.044023
0.135558 4.184757 0.042397
0.136065 4.203676 0.044353
0.136571 4.172944 0.043061
0.137078 4.152702 0.042906
0.137585 4.029707 0.042823
0.138092 4.247066 0.043550
0.138598 4.152614 0.043101
0.139105 4.193799 0.043011
0.139612 4.177504 0.044091
0.140119 4.156838 0.042622
0.140625 4.089715 0.042570
0.141132 4.141023 0.042409
0.141639 4.130600 0.042254
0.142145 4.080769 0.041886
0.142652 4.121297 0.042609
0.143159 4.110728 0.043429
0.143666 4.065456 0.042076
0.144172 4.116215 0.042571
0.144679 4.108391 0.042310
0.145186 4.122736 0.042180
0.145692 4.099207 0.042012
0.146199 4.126379 0.041066
0.146706 4.137153 0.041187
0.147213 4.134777 0.041800
0.147719 4.079747 0.040615
0.148226 4.101180 0.041003
0.148733 4.148770 0.041951
0.149240 4.012650 0.040223
0.149746 4.154455 0.041836
0.150253 4.035087 0.040737
0.150760 4.130298 0.041239
0.151266 4.114398 0.041245
0.151773 4.116495 0.041133
0.152280 4.154144 0.039924
0.152787 4.062115 0.040945
0.153293 4.112997 0.040210
0.153800 4.054202 0.039956
0.154307 4.061817 0.040888
0.154813 4.070697 0.040758
0.155320 4.054820 0.041134
0.155827 4.132290 0.040412
0.156334 4.064436 0.038718
0.156840 4.115346 0.039786
0.157347 4.041066 0.039362
0.157854 4.135941 0.039335
0.158360 4.052216 0.039999
0.158867 4.005481 0.038982
0.159374 4.122975 0.039845
0.159881 4.006320 0.039065
0.160387 4.078827 0.039767
0.160894 4.155517 0.039161
0.161401 4.041815 0.037493
0.161907 4.089258 0.039576
0.162414 4.100849 0.039371
0.162921 4.087923 0.039690
0.163427 4.013957 0.038649
0.163934 4.068432 0.039159
0.164441 4.086557 0.039003
0.164948 4.005349 0.039466
0.165454 4.067148 0.038417
0.165961 3.952405 0.037749
0.166468 4.093431 0.039179
0.166974 3.969877 0.038346
0.167481 4.015832 0.038018
0.167988 4.017053 0.037229
0.168495 4.038856 0.037924
0.169001 4.002154 0.038064
0.169508 4.087137 0.038929
0.170015 3.993777 0.038824
0.170521 4.093057 0.038756
0.171028 4.042151 0.039522
0.171535 4.056277 0.038986
0.172041 3.992991 0.038098
0.172548 4.074367 0.039757
0.173055 4.026119 0.039203
0.173562 3.980525 0.039103
0.174068 3.985056 0.039455
0.174575 4.036681 0.038791
0.175082 4.027371 0.038445
0.175588 3.945670 0.038386
0.176095 3.939600 0.038146
0.176602 4.022755 0.039073
0.177108 4.036661 0.039238
0.177615 3.994406 0.038861
0.178122 4.016169 0.039303
0.178629 3.901157 0.038132
0.179135 3.955881 0.038916
0.179642 4.004237 0.038966
0.180149 4.048143 0.040085
0.180655 4.050551 0.038045
0.181162 4.051033 0.040273
0.181669 3.983050 0.039869
0.182175 4.010028 0.040595
0.182682 3.970135 0.040437
0.183189 3.989101 0.039909
0.183695 4.005246 0.040277
0.184202 4.014111 0.040343
0.184709 4.050915 0.040320
0.185216 3.961244 0.038765
0.185722 4.002831 0.040413
0.186229 4.027943 0.040615
0.186736 4.008860 0.041114
0.187242 4.069614 0.041433
0.187749 3.958623 0.040531
0.188256 3.915992 0.040241
0.188762 4.026819 0.042008
0.189269 3.983687 0.040793
0.189776 3.931226 0.042374
0.190282 3.923425 0.041303
0.190789 4.093581 0.042509
0.191296 3.918066 0.041816
0.191802 3.940294 0.042237
0.192309 3.995537 0.041785
0.192816 3.946715 0.042001
0.193323 3.946266 0.041712
0.193829 4.034897 0.042934
0.194336 3.970569 0.041793
0.194843 3.912469 0.041114
0.195349 4.029606 0.041634
0.195856 4.011396 0.040593
0.196363 4.054300 0.042667
0.196869 4.104987 0.042676
0.197376 3.935849 0.042347
0.197883 3.958247 0.043097
0.198389 4.022194 0.042073
0.198896 3.982808 0.042636
0.199403 4.023013 0.042352
0.199909 3.968560 0.041266
0.200416 3.967566 0.042070
0.200923 4.008127 0.042281
0.201429 3.938649 0.042732
0.201936 3.941919 0.043646
0.202443 3.872922 0.040863
0.202949 3.966361 0.042014
0.203456 4.017124 0.041762
0.203963 3.973477 0.042536
0.204469 3.925592 0.042226
0.204976 4.050732 0.043768
0.205483 3.927962 0.042571
0.205989 4.005654 0.045160
0.206496 3.893888 0.043146
0.207003 3.934584 0.042424
0.207509 3.894979 0.043360
0.208016 3.939763 0.041978
0.208523 3.908981 0.042523
0.209029 3.933261 0.042724
0.209536 3.979974 0.042362
0.210043 4.009639 0.041751
0.210549 3.829430 0.042015
0.211056 3.942333 0.041650
0.211563 3.977610 0.042542
0.212069 3.944041 0.042218
0.212576 3.917672 0.042912
0.213083 3.885024 0.043287
0.213589 3.843900 0.041333
0.214096 3.899468 0.042751
0.214603 3.986961 0.042633
0.215109 3.921714 0.042730
0.215616 3.944193 0.042397
0.216123 3.918955 0.043157
0.216629 3.878755 0.042642
0.217136 3.886753 0.041690
0.217643 3.908201 0.042158
0.218149 3.905781 0.041878
0.218656 3.911613 0.042021
0.219163 3.839741 0.041206
0.219669 3.916093 0.041823
0.220176 3.928363 0.042443
0.220683 3.837292 0.041650
0.221189 3.917026 0.041359
0.221696 3.812287 0.042400
0.222203 3.870669 0.041008
0.222709 3.920732 0.040924
0.223216 3.840916 0.042162
0.223722 3.872912 0.041580
0.224229 3.855691 0.042000
0.224736 3.896281 0.041729
0.225242 3.950176 0.040168
0.225749 3.820170 0.041195
0.226256 3.901298 0.040823
0.226762 3.901076 0.041700
0.227269 3.817784 0.040670
0.227776 3.886225 0.040955
0.228282 3.867140 0.040789
0.228789 3.881478 0.041383
0.229296 3.775997 0.039390
0.229802 3.808916 0.040115
0.230309 3.940619 0.042093
0.230816 3.839589 0.040049
0.231322 3.855123 0.039875
0.231829 3.917190 0.040922
0.232335 3.829471 0.038322
0.232842 3.879001 0.039240
0.233349 3.828588 0.038495
0.233855 3.847457 0.038144
0.234362 3.805224 0.039934
0.234869 3.850032 0.038350
0.235375 3.845692 0.039908
0.235882 3.741308 0.038225
0.236389 3.880430 0.039992
0.236895 3.793606 0.039548
0.237402 3.819931 0.039152
0.237908 3.836526 0.038214
0.238415 3.824356 0.037973
0.238922 3.841453 0.039643
0.239428 3.870221 0.038682
0.239935 3.821189 0.039887
0.240442 3.799318 0.037636
0.240948 3.840693 0.038747
0.241455 3.849943 0.037959
0.241962 3.775946 0.037183
0.242468 3.803039 0.038511
0.242975 3.814999 0.037178
0.243481 3.782364 0.036650
0.243988 3.855450 0.037871
0.244495 3.745778 0.036938
0.245001 3.851301 0.037541
0.245508 3.797357 0.037907
0.246015 3.847134 0.038068
0.246521 3.832976 0.037089
0.247028 3.845644 0.037693
0.247534 3.717379 0.036648
0.248041 3.838304 0.037405
0.248548 3.784987 0.037473
0.249054 3.766683 0.036984
0.249561 3.776006 0.037713
0.250068 3.813792 0.037143
0.250574 3.812021 0.036238
0.251081 3.805331 0.037554
0.251587 3.817034 0.037043
0.252094 3.812064 0.037570
0.252601 3.788237 0.037055
0.253107 3.727112 0.036194
0.253614 3.774742 0.036227
0.254120 3.790801 0.036378
0.254627 3.752396 0.036191
0.255134 3.764380 0.036603
0.255640 3.790741 0.035824
0.256147 3.760806 0.035199
0.256654 3.792035 0.036651
0.257160 3.732283 0.035166
0.257667 3.734898 0.035030
0.258173 3.850228 0.036147
0.258680 3.767219 0.034543
0.259187 3.778621 0.035322
0.259693 3.788835 0.035849
0.260200 3.769418 0.034909
0.260706 3.763802 0.036179
0.261213 3.767631 0.035789
0.261720 3.791856 0.035267
0.262226 3.694234 0.034108
0.262733 3.780535 0.034318
0.263239 3.803536 0.035918
0.263746 3.847230 0.036021
0.264253 3.719332 0.034171
0.264759 3.803137 0.034267
0.265266 3.768432 0.034933
0.265772 3.771301 0.034830
0.266279 3.693248 0.035071
0.266786 3.725181 0.034206
0.267292 3.748676 0.034395
0.267799 3.749002 0.034510
0.268305 3.727695 0.033962
0.268812 3.663992 0.034180
0.269319 3.729235 0.035219
0.269825 3.693736 0.034628
0.270332 3.683618 0.034081
0.270838 3.739142 0.034681
0.271345 3.803678 0.034118
0.271852 3.762216 0.033853
0.272358 3.713503 0.034208
0.272865 3.708289 0.033132
0.273371 3.698938 0.034123
0.273878 3.732215 0.033305
0.274385 3.681072 0.033542
0.274891 3.720646 0.033562
0.275398 3.703478 0.032952
0.275904 3.718888 0.034644
0.276411 3.661809 0.033462
0.276917 3.750952 0.033756
0.277424 3.721587 0.033333
0.277931 3.724019 0.033600
0.278437 3.741043 0.033571
0.278944 3.708707 0.033059
0.279450 3.733427 0.033924
0.279957 3.630198 0.032182
0.280464 3.701274 0.032954
0.280970 3.706402 0.033805
0.281477 3.717642 0.033341
0.281983 3.678126 0.032715
0.282490 3.739602 0.032973
0.282996 3.719523 0.033291
0.283503 3.665645 0.032964
0.284010 3.724924 0.032292
0.284516 3.726557 0.033408
0.285023 3.667709 0.032683
0.285529 3.695119 0.033074
0.286036 3.692064 0.032495
0.286542 3.752820 0.033354
0.287049 3.710048 0.032929
0.287556 3.614523 0.032420
0.288062 3.653153 0.032573
0.288569 3.641195 0.033409
0.289075 3.717035 0.033026
0.289582 3.670476 0.032571
0.290088 3.692549 0.033418
0.290595 3.694885 0.032962
0.291102 3.668342 0.032965
0.291608 3.710672 0.033144
0.292115 3.682378 0.032944
0.292621 3.679600 0.033014
0.293128 3.641694 0.032640
0.293634 3.708886 0.032781
0.294141 3.675420 0.033337
0.294647 3.656102 0.032900
0.295154 3.598163 0.032619
0.295661 3.626015 0.032797
0.296167 3.639156 0.032038
0.296674 3.639835 0.033176
0.297180 3.680895 0.033186
0.297687 3.583463 0.032402
0.298193 3.625528 0.033072
0.298700 3.614074 0.032316
0.299206 3.652676 0.032804
0.299713 3.650339 0.033009
0.300220 3.644929 0.032879
0.300726 3.603945 0.033031
0.301233 3.634037 0.033005
0.301739 3.613071 0.033073
0.302246 3.659801 0.032768
0.302752 3.673449 0.032829
0.303259 3.571143 0.031878
0.303765 3.647203 0.033495
0.304272 3.642990 0.033081
0.304779 3.651262 0.032747
0.305285 3.640577 0.031821
0.305792 3.630143 0.032692
0.306298 3.709925 0.032982
0.306805 3.623087 0.032400
0.307311 3.624827 0.032680
0.307818 3.621910 0.032903
0.308324 3.667307 0.033475
0.308831 3.591519 0.031840
0.309337 3.580615 0.031619
0.309844 3.597961 0.032837
0.310350 3.609352 0.033161
0.310857 3.586745 0.032572
0.311364 3.619806 0.033963
0.311870 3.562827 0.034437
0.312377 3.582203 0.033005
0.312883 3.639202 0.034189
0.313390 3.644069 0.034324
0.313896 3.610742 0.034720
0.314403 3.621044 0.034459
0.314909 3.599072 0.034352
0.315416 3.627261 0.035040
0.315922 3.634263 0.035672
0.316429 3.562162 0.034438
0.316935 3.589550 0.035371
0.317442 3.631380 0.034803
0.317948 3.597371 0.035021
0.318455 3.517739 0.034553
0.318961 3.639912 0.036427
0.319468 3.583830 0.035076
0.319975 3.669716 0.035605
0.320481 3.641349 0.035360
0.320988 3.607330 0.034898
0.321494 3.623210 0.036698
0.322001 3.575634 0.035488
0.322507 3.601085 0.035305
0.323014 3.592956 0.034841
0.323520 3.617011 0.035117
0.324027 3.657517 0.036734
0.324533 3.567958 0.035009
0.325040 3.611451 0.034498
0.325546 3.615019 0.034952
0.326053 3.600707 0.035405
0.326559 3.481903 0.034044
0.327066 3.641896 0.035593
0.327572 3.564300 0.035664
0.328079 3.622055 0.036611
0.328585 3.609683 0.034923
0.329092 3.575755 0.034861
0.329598 3.583548 0.035687
0.330105 3.636771 0.036244
0.330611 3.563861 0.035691
0.331118 3.520827 0.035989
0.331624 3.606245 0.035985
0.332131 3.589886 0.034613
0.332637 3.577235 0.035242
0.333144 3.565257 0.035888
0.333650 3.599837 0.036130
0.334157 3.637950 0.036324
0.334663 3.568240 0.037147
0.335170 3.604829 0.036872
0.335676 3.533696 0.035580
0.336183 3.595347 0.036937
0.336689 3.573200 0.035629
0.337196 3.535582 0.036257
0.337702 3.537229 0.035043
0.338209 3.541373 0.035585
0.338715 3.636171 0.035874
0.339222 3.596466 0.036523
0.339728 3.569645 0.036375
0.340235 3.571148 0.036072
0.340741 3.566966 0.036387
0.341248 3.532949 0.035525
0.341754 3.634863 0.037102
0.342261 3.557103 0.035323
0.342767 3.553842 0.035843
0.343274 3.550058 0.036542
0.343780 3.602105 0.036499
0.344287 3.465745 0.036900
0.344793 3.577046 0.036453
0.345300 3.605907 0.036524
0.345806 3.529003 0.036210
0.346313 3.580270 0.036903
0.346819 3.568367 0.036075
0.347325 3.536163 0.037102
0.347832 3.570712 0.036081
0.348338 3.596095 0.036481
0.348845 3.525839 0.037103
0.349351 3.528684 0.036487
0.349858 3.574330 0.036971
0.350364 3.520663 0.036688
0.350871 3.526811 0.036707
0.351377 3.536209 0.036704
0.351884 3.598022 0.036796
0.352390 3.566729 0.037254
0.352897 3.563638 0.036902
0.353403 3.585914 0.037521
0.353910 3.547941 0.037215
0.354416 3.556289 0.038020
0.354923 3.516096 0.036853
0.355429 3.484215 0.034866
0.355935 3.541424 0.035535
0.356442 3.487041 0.035454
0.356948 3.548332 0.034848
0.357455 3.576612 0.035310
0.357961 3.503316 0.034665
0.358468 3.578998 0.035109
0.358974 3.558700 0.035181
0.359481 3.551826 0.034837
0.359987 3.487693 0.034815
0.360494 3.496231 0.034598
0.361000 3.516721 0.035474
0.361506 3.477963 0.035236
0.362013 3.468953 0.035576
0.362519 3.536514 0.035346
0.363026 3.522212 0.035530
0.363532 3.500420 0.035840
0.364039 3.489412 0.036208
0.364545 3.506068 0.035503
0.365052 3.520439 0.035269
0.365558 3.489660 0.035684
0.366064 3.541358 0.035347
0.366571 3.456814 0.036292
0.367077 3.523320 0.036662
0.367584 3.481025 0.036072
0.368090 3.523835 0.036276
0.368597 3.567183 0.037082
0.369103 3.435746 0.036586
0.369610 3.415431 0.036620
0.370116 3.465968 0.036908
0.370622 3.410156 0.035777
0.371129 3.496484 0.037914
0.371635 3.433740 0.036995
0.372142 3.469822 0.037663
0.372648 3.410437 0.037817
0.373155 3.476113 0.037385
0.373661 3.520108 0.038187
0.374167 3.482955 0.038218
0.374674 3.506424 0.038139
0.375180 3.434784 0.037170
0.375687 3.582855 0.038253
0.376193 3.448455 0.038638
0.376700 3.470751 0.037324
0.377206 3.515283 0.038828
0.377712 3.516194 0.039475
0.378219 3.533249 0.039434
0.378725 3.495961 0.038930
0.379232 3.460569 0.039002
0.379738 3.417300 0.038843
0.380245 3.438661 0.039499
0.380751 3.462601 0.039964
0.381257 3.479593 0.039613
0.381764 3.464314 0.040028
0.382270 3.422832 0.039256
0.382777 3.469691 0.040527
0.383283 3.458401 0.040980
0.383789 3.442975 0.040591
0.384296 3.475509 0.041548
0.384802 3.461624 0.041730
0.385309 3.410880 0.040763
0.385815 3.491062 0.042071
0.386321 3.475434 0.041468
0.386828 3.443483 0.041646
0.387334 3.465911 0.042660
0.387841 3.489954 0.042935
0.388347 3.495308 0.042146
0.388853 3.415277 0.042122
0.389360 3.368172 0.041940
0.389866 3.387472 0.041889
0.390373 3.452954 0.043788
0.390879 3.521445 0.043942
0.391385 3.367858 0.043163
0.391892 3.446916 0.043543
0.392398 3.458104 0.043661
0.392905 3.412884 0.044008
0.393411 3.440935 0.043644
0.393917 3.444855 0.044308
0.394424 3.429292 0.044918
0.394930 3.519523 0.045671
0.395437 3.472856 0.046152
0.395943 3.465608 0.044427
0.396449 3.323572 0.044790
0.396956 3.458740 0.044501
0.397462 3.500480 0.045836
0.397969 3.399540 0.046539
0.398475 3.456817 0.045429
0.398981 3.475970 0.048647
0.399488 3.482819 0.048231
0.399994 3.376220 0.046229
0.400500 3.435027 0.047775
0.401007 3.402096 0.048633
0.401513 3.345448 0.046780
0.402020 3.389981 0.047969
0.402526 3.367393 0.049902
0.403032 3.374841 0.047823
0.403539 3.348771 0.049024
0.404045 3.287458 0.048806
0.404551 3.399476 0.047964
0.405058 3.322301 0.049233
0.405564 3.317696 0.048295
0.406071 3.423654 0.048850
0.406577 3.364365 0.050623
0.407083 3.385221 0.050058
0.407590 3.366517 0.049419
0.408096 3.338381 0.051378
0.408602 3.399450 0.051246
0.409109 3.362881 0.048338
0.409615 3.322924 0.049926
0.410121 3.347532 0.050394
0.410628 3.338894 0.049391
0.411134 3.322851 0.049610
0.411641 3.432418 0.050585
0.412147 3.363760 0.051255
0.412653 3.359855 0.051307
0.413160 3.366397 0.050617
0.413666 3.312991 0.049403
0.414172 3.254907 0.051019
0.414679 3.220575 0.049548
0.415185 3.257419 0.050216
0.415691 3.324143 0.053304
0.416198 3.310224 0.051375
0.416704 3.378278 0.052921
0.417210 3.383262 0.054137
0.417717 3.338016 0.053298
0.418223 3.332055 0.051024
0.418729 3.293200 0.051204
0.419236 3.317203 0.052639
0.419742 3.390865 0.050721
0.420248 3.313766 0.052492
0.420755 3.330249 0.055136
0.421261 3.335369 0.054378
0.421767 3.320915 0.051029
0.422274 3.419819 0.054036
0.422780 3.485101 0.056259
0.423286 3.313977 0.054818
0.423793 3.390127 0.056490
0.424299 3.331119 0.056352
0.424805 3.379399 0.055736
0.425312 3.261172 0.053409
0.425818 3.427322 0.055676
0.426324 3.344277 0.055107
0.426831 3.300188 0.056350
0.427337 3.296007 0.054438
0.427843 3.329953 0.056352
0.428350 3.391099 0.058250
0.428856 3.431035 0.058827
0.429362 3.445006 0.056821
0.429869 3.266649 0.059775
0.430375 3.344533 0.058842
0.430881 3.382205 0.059954
0.431388 3.332789 0.059780
0.431894 3.275165 0.061236
0.432400 3.383828 0.063850
0.432907 3.333175 0.058322
0.433413 3.257410 0.061631
0.433919 3.207784 0.060353
0.434425 3.305505 0.062200
0.434932 3.321691 0.061333
0.435438 3.458620 0.064679
0.435944 3.328516 0.065145
0.436451 3.303920 0.068089
0.436957 3.220105 0.064308
0.437463 3.271232 0.067423
0.437970 3.323803 0.067301
0.438476 3.200769 0.062574
0.438982 3.398991 0.068832
0.439488 3.289197 0.068843
0.439995 3.275713 0.066774
