0.009882 110.389289 25.496984
0.010389 74.458629 14.247892
0.010896 72.115701 13.913111
0.011402 58.509375 10.542586
0.011909 35.544047 5.737162
0.012416 41.924483 6.261419
0.012923 27.520720 3.667028
0.013430 22.507002 3.663989
0.013936 20.666817 2.015474
0.014443 18.145442 1.751202
0.014950 16.711078 1.104270
0.015457 15.220826 0.831526
0.015963 14.125136 0.645423
0.016470 13.555017 0.491347
0.016977 12.685852 0.404540
0.017484 11.729865 0.398395
0.017990 11.203108 0.284503
0.018497 10.524889 0.231376
0.019004 9.856594 0.214499
0.019511 9.280836 0.217276
0.020018 9.391980 0.196277
0.020524 8.631717 0.199392
0.021031 8.243054 0.190391
0.021538 8.182300 0.175004
0.022045 8.024710 0.166469
0.022551 7.347221 0.155288
0.023058 7.259887 0.153572
0.023565 7.388355 0.147068
0.024072 7.127092 0.147178
0.024579 7.038174 0.155456
0.025085 6.811798 0.129375
0.025592 6.645943 0.124570
0.026099 6.637775 0.135006
0.026606 6.376796 0.130299
0.027112 6.382458 0.121081
0.027619 6.402124 0.130154
0.028126 6.189312 0.117183
0.028633 6.379270 0.115518
0.029139 6.082389 0.115499
0.029646 6.047183 0.112129
0.030153 5.876022 0.114042
0.030660 5.732388 0.112456
0.031167 5.778476 0.108947
0.031673 5.679307 0.107451
0.032180 5.859104 0.105502
0.032687 5.557803 0.100976
0.033194 5.736054 0.096973
0.033700 5.470941 0.097964
0.034207 5.621007 0.101274
0.034714 5.484542 0.098113
0.035221 5.320624 0.100715
0.035727 5.314546 0.096378
0.036234 5.348727 0.094328
0.036741 5.206203 0.090817
0.037248 5.306815 0.094625
0.037755 5.383488 0.092100
0.038261 5.183965 0.094116
0.038768 5.312807 0.091678
0.039275 5.123899 0.088266
0.039782 5.211517 0.088109
0.040288 5.141121 0.086281
0.040795 5.116133 0.086283
0.041302 4.962943 0.085818
0.041809 5.052248 0.085532
0.042315 5.125353 0.091498
0.042822 5.018106 0.079307
0.043329 5.160373 0.087511
0.043836 4.972303 0.086898
0.044343 4.996188 0.082763
0.044849 5.119278 0.088317
0.045356 5.113399 0.082182
0.045863 4.936864 0.081382
0.046370 4.888846 0.084286
0.046876 4.893890 0.082494
0.047383 4.882228 0.081467
0.047890 4.852135 0.080223
0.048397 4.841110 0.076238
0.048903 4.768206 0.078076
0.049410 4.926343 0.074886
0.049917 4.881950 0.075575
0.050424 4.797228 0.076199
0.050931 4.777711 0.076166
0.051437 4.830052 0.073680
0.051944 4.901803 0.074213
0.052451 4.736779 0.074862
0.052958 4.542590 0.069645
0.053464 4.724777 0.073507
0.053971 4.782544 0.071851
0.054478 4.846709 0.071885
0.054985 4.614124 0.069791
0.055491 4.796719 0.070980
0.055998 4.643263 0.068339
0.056505 4.700155 0.071411
0.057012 4.706158 0.069742
0.057519 4.732206 0.071302
0.058025 4.616557 0.069512
0.058532 4.617481 0.067577
0.059039 4.768998 0.067585
0.059546 4.741351 0.070484
0.060052 4.592599 0.065788
0.060559 4.669690 0.070256
0.061066 4.669335 0.066883
0.061573 4.607438 0.068076
0.062079 4.572386 0.069675
0.062586 4.540667 0.066610
0.063093 4.672518 0.063860
0.063600 4.640838 0.067162
0.064106 4.563813 0.064532
0.064613 4.547550 0.063933
0.065120 4.764061 0.066309
0.065627 4.527117 0.063022
0.066134 4.434660 0.061860
0.066640 4.616316 0.065195
0.067147 4.564852 0.063049
0.067654 4.766454 0.064273
0.068161 4.553030 0.062207
0.068667 4.492286 0.061509
0.069174 4.651861 0.063926
0.069681 4.475166 0.062666
0.070188 4.508957 0.060156
0.070694 4.553269 0.063346
0.071201 4.645525 0.064302
0.071708 4.523474 0.059455
0.072215 4.512423 0.060800
0.072721 4.468305 0.061839
0.073228 4.597231 0.057845
0.073735 4.643948 0.059093
0.074242 4.537396 0.059177
0.074748 4.532584 0.059768
0.075255 4.510557 0.059696
0.075762 4.519436 0.057257
0.076269 4.640888 0.060635
0.076776 4.524617 0.056950
0.077282 4.510174 0.057613
0.077789 4.537759 0.058774
0.078296 4.547572 0.057433
0.078803 4.484733 0.056400
0.079309 4.569919 0.057840
0.079816 4.484622 0.061406
0.080323 4.509706 0.057991
0.080830 4.543850 0.058040
0.081336 4.508700 0.059085
0.081843 4.504759 0.058810
0.082350 4.535001 0.058034
0.082857 4.419413 0.058928
0.083363 4.451317 0.057843
0.083870 4.474148 0.058982
0.084377 4.544335 0.058950
0.084884 4.404920 0.059243
0.085390 4.442638 0.056189
0.085897 4.507944 0.060316
0.086404 4.436099 0.057740
0.086911 4.379594 0.061161
0.087417 4.420964 0.058930
0.087924 4.330233 0.058858
0.088431 4.426301 0.057443
0.088938 4.391416 0.056215
0.089444 4.429943 0.058570
0.089951 4.435600 0.056796
0.090458 4.450198 0.060644
0.090965 4.413451 0.060500
0.091471 4.318284 0.057264
0.091978 4.380963 0.058441
0.092485 4.449031 0.057178
0.092992 4.410533 0.056556
0.093498 4.362415 0.058927
0.094005 4.449308 0.058235
0.094512 4.387603 0.058563
0.095019 4.395220 0.057248
0.095525 4.378100 0.056927
0.096032 4.427210 0.057520
0.096539 4.386667 0.058035
0.097046 4.357911 0.056639
0.097552 4.266010 0.054541
0.098059 4.457224 0.057006
0.098566 4.330935 0.057196
0.099073 4.375808 0.057071
0.099579 4.290805 0.056922
0.100086 4.404683 0.056506
0.100593 4.336281 0.055902
0.101100 4.309916 0.055926
0.101606 4.378970 0.055271
0.102113 4.251345 0.056179
0.102620 4.347840 0.057366
0.103127 4.305264 0.056121
0.103633 4.404204 0.059383
0.104140 4.360703 0.060683
0.104647 4.416317 0.057228
0.105154 4.240356 0.057616
0.105660 4.359411 0.054755
0.106167 4.224409 0.056907
0.106674 4.344157 0.055128
0.107181 4.262829 0.055769
0.107687 4.295179 0.053473
0.108194 4.265980 0.053111
0.108701 4.258587 0.053454
0.109208 4.364843 0.053834
0.109714 4.373202 0.053802
0.110221 4.285855 0.051505
0.110728 4.268564 0.053068
0.111235 4.377754 0.053804
0.111741 4.251570 0.051918
0.112248 4.329983 0.050974
0.112755 4.281208 0.051695
0.113262 4.260305 0.051871
0.113768 4.375629 0.052820
0.114275 4.247073 0.050263
0.114782 4.215745 0.049533
0.115289 4.285491 0.052420
0.115795 4.278003 0.050440
0.116302 4.190411 0.051065
0.116809 4.239053 0.050198
0.117316 4.243080 0.048872
0.117822 4.314131 0.050167
0.118329 4.155435 0.047973
0.118836 4.297821 0.050466
0.119342 4.172855 0.049637
0.119849 4.220133 0.048979
0.120356 4.294437 0.049695
0.120863 4.271994 0.048573
0.121369 4.233574 0.050386
0.121876 4.100085 0.047013
0.122383 4.174257 0.046784
0.122890 4.303571 0.048070
0.123396 4.270058 0.046762
0.123903 4.241453 0.048026
0.124410 4.180928 0.047821
0.124917 4.209224 0.048400
0.125423 4.189790 0.045661
0.125930 4.182004 0.047391
0.126437 4.181931 0.046710
0.126944 4.182738 0.045781
0.127450 4.195837 0.046711
0.127957 4.190872 0.048169
0.128464 4.179570 0.046182
0.128970 4.220651 0.046257
0.129477 4.232400 0.044790
0.129984 4.159382 0.044885
0.130491 4.109712 0.044960
0.130997 4.155155 0.045081
0.131504 4.231995 0.044090
0.132011 4.267821 0.044315
0.132518 4.198871 0.045277
0.133024 4.184380 0.044185
0.133531 4.240547 0.045011
0.134038 4.168285 0.043709
0.134545 4.185790 0.043749
0.135051 4.225264 0.045184
0.135558 4.140356 0.044651
0.136065 4.158531 0.044522
0.136571 4.149184 0.042781
0.137078 4.134153 0.043239
0.137585 4.125507 0.043502
0.138092 4.171816 0.042808
0.138598 4.202491 0.043553
0.139105 4.158483 0.043049
0.139612 4.279658 0.042741
0.140119 4.254373 0.043016
0.140625 4.086048 0.042986
0.141132 4.176286 0.041895
0.141639 4.159987 0.044644
0.142145 4.177033 0.043995
0.142652 4.129945 0.041570
0.143159 4.152946 0.041983
0.143666 4.071115 0.040364
0.144172 4.153154 0.041385
0.144679 4.145407 0.043587
0.145186 4.171724 0.042505
0.145692 4.098777 0.041869
0.146199 4.107017 0.041432
0.146706 4.095364 0.041052
0.147213 4.100864 0.041538
0.147719 4.186303 0.041510
0.148226 4.139529 0.041429
0.148733 4.125533 0.041403
0.149240 4.053169 0.040764
0.149746 4.122074 0.041132
0.150253 4.092315 0.041376
0.150760 4.110827 0.039889
0.151266 4.079373 0.041037
0.151773 4.035544 0.039941
0.152280 4.088231 0.039762
0.152787 4.121017 0.040579
0.153293 4.109721 0.040205
0.153800 4.048588 0.039289
0.154307 4.015403 0.040317
0.154813 4.115618 0.040319
0.155320 4.159377 0.040188
0.155827 4.063301 0.039846
0.156334 4.153002 0.039707
0.156840 4.013709 0.038698
0.157347 4.145201 0.039880
0.157854 4.102036 0.037881
0.158360 4.018039 0.039476
0.158867 4.014060 0.038849
0.159374 4.008170 0.038769
0.159881 4.070496 0.039215
0.160387 4.093323 0.040137
0.160894 4.048351 0.038363
0.161401 4.057074 0.038723
0.161907 4.117054 0.039528
0.162414 4.004099 0.038368
0.162921 4.131149 0.037843
0.163427 4.093542 0.039158
0.163934 4.003049 0.038922
0.164441 4.068883 0.038799
0.164948 4.136930 0.038728
0.165454 4.046168 0.038185
0.165961 4.091842 0.039107
0.166468 4.014657 0.037517
0.166974 4.058055 0.038079
0.167481 3.982154 0.037848
0.167988 4.048179 0.037789
0.168495 4.014521 0.037492
0.169001 4.087071 0.039022
0.169508 4.110919 0.038508
0.170015 4.063787 0.039236
0.170521 4.016018 0.038431
0.171028 3.993802 0.039462
0.171535 4.036745 0.039438
0.172041 4.019306 0.039099
0.172548 4.063907 0.039264
0.173055 4.038385 0.038845
0.173562 4.012351 0.039107
0.174068 4.114772 0.040250
0.174575 4.072521 0.039314
0.175082 3.996718 0.038763
0.175588 4.010627 0.038633
0.176095 4.064217 0.039662
0.176602 4.057400 0.038666
0.177108 4.081624 0.040277
0.177615 4.049990 0.039194
0.178122 4.009194 0.040154
0.178629 4.064609 0.039326
0.179135 4.035377 0.038966
0.179642 4.010480 0.038439
0.180149 4.113175 0.039402
0.180655 3.985804 0.038310
0.181162 3.981538 0.039420
0.181669 4.005934 0.039748
0.182175 4.009622 0.039291
0.182682 4.020853 0.040401
0.183189 4.003564 0.040155
0.183695 4.012289 0.039365
0.184202 3.996440 0.039804
0.184709 3.917002 0.039997
0.185216 4.041792 0.040554
0.185722 4.023930 0.039623
0.186229 4.003224 0.041531
0.186736 3.995537 0.040505
0.187242 4.040954 0.040607
0.187749 4.003312 0.041053
0.188256 3.929595 0.043174
0.188762 4.032030 0.041232
0.189269 4.042773 0.041613
0.189776 3.992762 0.040807
0.190282 4.003872 0.041420
0.190789 4.011375 0.042473
0.191296 3.974829 0.041897
0.191802 3.957652 0.041873
0.192309 3.978661 0.041383
0.192816 4.070218 0.042197
0.193323 3.961604 0.041550
0.193829 4.008113 0.041901
0.194336 3.977720 0.041681
0.194843 3.990937 0.041793
0.195349 3.970428 0.041908
0.195856 4.019542 0.042462
0.196363 4.052921 0.042251
0.196869 4.023437 0.042667
0.197376 3.975696 0.044109
0.197883 3.974636 0.042438
0.198389 4.017142 0.042817
0.198896 3.953512 0.042234
0.199403 3.989355 0.041806
0.199909 4.051678 0.042647
0.200416 3.933030 0.042032
0.200923 3.963335 0.042875
0.201429 3.951077 0.041897
0.201936 4.021174 0.042855
0.202443 3.976615 0.042460
0.202949 3.887190 0.041723
0.203456 3.967898 0.042624
0.203963 4.000344 0.043213
0.204469 4.012548 0.042839
0.204976 3.955361 0.042093
0.205483 3.999979 0.043944
0.205989 3.921868 0.043224
0.206496 4.033667 0.042947
0.207003 4.041771 0.041318
0.207509 4.005748 0.042330
0.208016 3.978234 0.042189
0.208523 4.011913 0.042047
0.209029 4.021410 0.042432
0.209536 3.889980 0.041525
0.210043 4.019813 0.041596
0.210549 3.817191 0.042226
0.211056 3.975107 0.042518
0.211563 3.984143 0.042038
0.212069 3.918580 0.042265
0.212576 3.873400 0.042162
0.213083 4.010834 0.042773
0.213589 3.943479 0.041653
0.214096 3.965545 0.043061
0.214603 3.894341 0.041815
0.215109 3.916631 0.041972
0.215616 3.932315 0.041718
0.216123 3.887181 0.041784
0.216629 3.853605 0.041531
0.217136 3.918939 0.041734
0.217643 3.920655 0.042384
0.218149 3.930839 0.041245
0.218656 3.947519 0.042623
0.219163 3.906834 0.041255
0.219669 3.959954 0.042356
0.220176 3.882594 0.042269
0.220683 3.876936 0.041328
0.221189 3.925631 0.040976
0.221696 3.891710 0.042287
0.222203 3.869705 0.041569
0.222709 3.929295 0.042659
0.223216 3.817669 0.040398
0.223722 3.944159 0.043266
0.224229 3.792708 0.040449
0.224736 3.905280 0.040917
0.225242 3.876164 0.041467
0.225749 3.820971 0.041590
0.226256 3.787197 0.040281
0.226762 3.923798 0.042100
0.227269 3.904865 0.040621
0.227776 3.867213 0.040530
0.228282 3.890635 0.041103
0.228789 3.880552 0.041518
0.229296 3.787860 0.039569
0.229802 3.897922 0.040353
0.230309 3.859994 0.040770
0.230816 3.887790 0.039728
0.231322 3.814243 0.039966
0.231829 3.877327 0.039661
0.232335 3.817626 0.040655
0.232842 3.791198 0.039230
0.233349 3.843373 0.039006
0.233855 3.851553 0.038592
0.234362 3.808868 0.039460
0.234869 3.819135 0.038667
0.235375 3.825632 0.038454
0.235882 3.797958 0.039011
0.236389 3.780623 0.038414
0.236895 3.828587 0.038697
0.237402 3.860196 0.039312
0.237908 3.881592 0.038819
0.238415 3.851001 0.038748
0.238922 3.885494 0.039090
0.239428 3.818703 0.038636
0.239935 3.847008 0.038542
0.240442 3.796888 0.038396
0.240948 3.912562 0.038320
0.241455 3.812591 0.039087
0.241962 3.899684 0.038248
0.242468 3.846432 0.037849
0.242975 3.864901 0.038492
0.243481 3.789952 0.037617
0.243988 3.759169 0.037571
0.244495 3.772435 0.038168
0.245001 3.797989 0.037040
0.245508 3.774466 0.037988
0.246015 3.734651 0.036994
0.246521 3.876623 0.038097
0.247028 3.852303 0.037707
0.247534 3.841736 0.036956
0.248041 3.755823 0.037768
0.248548 3.809212 0.037383
0.249054 3.852698 0.036144
0.249561 3.842871 0.037014
0.250068 3.785509 0.037761
0.250574 3.733638 0.036121
0.251081 3.803590 0.037082
0.251587 3.801116 0.036852
0.252094 3.787604 0.036379
0.252601 3.776059 0.035871
0.253107 3.742431 0.036621
0.253614 3.793230 0.037665
0.254120 3.807016 0.036407
0.254627 3.767597 0.035123
0.255134 3.756933 0.036966
0.255640 3.790741 0.037351
0.256147 3.797938 0.036157
0.256654 3.776222 0.036405
0.257160 3.755280 0.034709
0.257667 3.774641 0.035678
0.258173 3.746903 0.035647
0.258680 3.773455 0.037143
0.259187 3.776248 0.035011
0.259693 3.783038 0.036139
0.260200 3.765296 0.035645
0.260706 3.746945 0.035517
0.261213 3.787853 0.035412
0.261720 3.754481 0.035635
0.262226 3.777701 0.035758
0.262733 3.803060 0.035039
0.263239 3.780022 0.036311
0.263746 3.872658 0.036424
0.264253 3.752418 0.034512
0.264759 3.713851 0.034372
0.265266 3.786556 0.034846
0.265772 3.669648 0.033768
0.266279 3.748503 0.033976
0.266786 3.786885 0.034334
0.267292 3.668644 0.034974
0.267799 3.732957 0.034437
0.268305 3.775754 0.034806
0.268812 3.771842 0.035158
0.269319 3.756058 0.033906
0.269825 3.755936 0.033705
0.270332 3.725911 0.034238
0.270838 3.773976 0.034729
0.271345 3.777939 0.033665
0.271852 3.816563 0.035197
0.272358 3.669677 0.033859
0.272865 3.768388 0.033301
0.273371 3.713024 0.033497
0.273878 3.676756 0.033556
0.274385 3.733138 0.034025
0.274891 3.688948 0.033581
0.275398 3.721725 0.033786
0.275904 3.759093 0.034632
0.276411 3.717971 0.033050
0.276917 3.708421 0.033234
0.277424 3.698403 0.032938
0.277931 3.679026 0.033919
0.278437 3.702056 0.033722
0.278944 3.713240 0.033095
0.279450 3.675483 0.033468
0.279957 3.645649 0.032362
0.280464 3.714180 0.033253
0.280970 3.820435 0.033349
0.281477 3.695886 0.033240
0.281983 3.629956 0.032914
0.282490 3.702741 0.033024
0.282996 3.752717 0.033678
0.283503 3.734361 0.033111
0.284010 3.760201 0.033467
0.284516 3.743967 0.032406
0.285023 3.708753 0.032758
0.285529 3.677307 0.033592
0.286036 3.714119 0.032886
0.286542 3.709835 0.033531
0.287049 3.689942 0.032620
0.287556 3.679673 0.032424
0.288062 3.745645 0.033621
0.288569 3.693696 0.032993
0.289075 3.704100 0.032748
0.289582 3.746708 0.033225
0.290088 3.659815 0.033035
0.290595 3.705055 0.033186
0.291102 3.667448 0.033144
0.291608 3.702077 0.033550
0.292115 3.712333 0.033313
0.292621 3.720644 0.033554
0.293128 3.688605 0.032896
0.293634 3.687067 0.033503
0.294141 3.629402 0.033363
0.294647 3.680969 0.033155
0.295154 3.641606 0.032154
0.295661 3.618509 0.032911
0.296167 3.664985 0.032759
0.296674 3.663240 0.032601
0.297180 3.699287 0.033038
0.297687 3.623649 0.032606
0.298193 3.640589 0.032331
0.298700 3.678120 0.032596
0.299206 3.633788 0.033275
0.299713 3.641113 0.033338
0.300220 3.648787 0.033208
0.300726 3.671853 0.032865
0.301233 3.595759 0.033471
0.301739 3.707070 0.033066
0.302246 3.619976 0.032291
0.302752 3.655089 0.032894
0.303259 3.617842 0.033563
0.303765 3.631659 0.032509
0.304272 3.591832 0.032387
0.304779 3.627444 0.032796
0.305285 3.639993 0.033004
0.305792 3.642468 0.032291
0.306298 3.617126 0.033198
0.306805 3.600450 0.032567
0.307311 3.588000 0.030837
0.307818 3.607554 0.032557
0.308324 3.612870 0.032157
0.308831 3.637860 0.031667
0.309337 3.594361 0.032050
0.309844 3.588661 0.032959
0.310350 3.578577 0.032941
0.310857 3.590338 0.032888
0.311364 3.540064 0.033460
0.311870 3.635293 0.033305
0.312377 3.612856 0.033932
0.312883 3.613413 0.034191
0.313390 3.606214 0.034185
0.313896 3.627983 0.034497
0.314403 3.637797 0.034535
0.314909 3.656315 0.035275
0.315416 3.603146 0.035125
0.315922 3.631544 0.035035
0.316429 3.624676 0.034774
0.316935 3.593386 0.034908
0.317442 3.564313 0.035930
0.317948 3.563663 0.035026
0.318455 3.585095 0.035637
0.318961 3.659793 0.035793
0.319468 3.637357 0.035711
0.319975 3.702726 0.036107
0.320481 3.590219 0.035295
0.320988 3.599840 0.035900
0.321494 3.648468 0.038692
0.322001 3.593661 0.035372
0.322507 3.626910 0.034965
0.323014 3.573015 0.034434
0.323520 3.597140 0.035272
0.324027 3.611955 0.035033
0.324533 3.601704 0.035501
0.325040 3.613564 0.035317
0.325546 3.639060 0.035946
0.326053 3.591110 0.035814
0.326559 3.558444 0.034145
0.327066 3.577562 0.035330
0.327572 3.623517 0.035705
0.328079 3.589488 0.035554
0.328585 3.680803 0.035838
0.329092 3.553159 0.035468
0.329598 3.538636 0.035391
0.330105 3.632103 0.035455
0.330611 3.561710 0.036243
0.331118 3.562615 0.035690
0.331624 3.607705 0.036076
0.332131 3.570213 0.035813
0.332637 3.613855 0.035743
0.333144 3.577047 0.036280
0.333650 3.572416 0.036212
0.334157 3.547477 0.034996
0.334663 3.590534 0.036556
0.335170 3.565260 0.035949
0.335676 3.646898 0.036998
0.336183 3.539977 0.035522
0.336689 3.570944 0.036104
0.337196 3.571821 0.036978
0.337702 3.535749 0.035595
0.338209 3.570537 0.036406
0.338715 3.670602 0.036960
0.339222 3.628917 0.036269
0.339728 3.546739 0.036439
0.340235 3.595871 0.037177
0.340741 3.598872 0.036658
0.341248 3.571168 0.035974
0.341754 3.555203 0.037257
0.342261 3.611022 0.036872
0.342767 3.635081 0.037339
0.343274 3.642140 0.036043
0.343780 3.604803 0.036407
0.344287 3.590173 0.036802
0.344793 3.591973 0.036031
0.345300 3.535833 0.036773
0.345806 3.545901 0.037004
0.346313 3.552724 0.036723
0.346819 3.592679 0.037064
0.347325 3.558954 0.036309
0.347832 3.562437 0.036721
0.348338 3.578765 0.037139
0.348845 3.583903 0.037763
0.349351 3.565510 0.036557
0.349858 3.569337 0.036778
0.350364 3.513258 0.036559
0.350871 3.520535 0.037265
0.351377 3.554187 0.036782
0.351884 3.477995 0.037034
0.352390 3.544027 0.037938
0.352897 3.508461 0.036399
0.353403 3.548497 0.036430
0.353910 3.605729 0.036976
0.354416 3.478266 0.036186
0.354923 3.514986 0.035695
0.355429 3.534221 0.035696
0.355935 3.499412 0.035688
0.356442 3.588475 0.035068
0.356948 3.503326 0.035426
0.357455 3.556081 0.034417
0.357961 3.499113 0.034487
0.358468 3.464583 0.033778
0.358974 3.498025 0.034331
0.359481 3.555783 0.035235
0.359987 3.518612 0.035463
0.360494 3.462155 0.035178
0.361000 3.568634 0.035421
0.361506 3.548637 0.036501
0.362013 3.495959 0.035509
0.362519 3.589853 0.036378
0.363026 3.630155 0.036191
0.363532 3.498584 0.034711
0.364039 3.482008 0.035336
0.364545 3.497832 0.035221
0.365052 3.472448 0.035379
0.365558 3.533024 0.036278
0.366064 3.574444 0.035939
0.366571 3.456434 0.035759
0.367077 3.552977 0.036429
0.367584 3.532898 0.036581
0.368090 3.491137 0.035823
0.368597 3.554345 0.035767
0.369103 3.478363 0.036809
0.369610 3.412730 0.036047
0.370116 3.506306 0.037420
0.370622 3.509751 0.037225
0.371129 3.424134 0.036207
0.371635 3.366582 0.037130
0.372142 3.471834 0.037292
0.372648 3.503063 0.037901
0.373155 3.434015 0.037892
0.373661 3.485154 0.037185
0.374167 3.505398 0.036914
0.374674 3.539821 0.037779
0.375180 3.484413 0.036955
0.375687 3.456150 0.037752
0.376193 3.489148 0.038137
0.376700 3.441480 0.037229
0.377206 3.449372 0.037809
0.377712 3.490000 0.038751
0.378219 3.475312 0.037500
0.378725 3.441470 0.039775
0.379232 3.461927 0.039685
0.379738 3.486034 0.040068
0.380245 3.428929 0.038420
0.380751 3.408643 0.039338
0.381257 3.428721 0.041076
0.381764 3.459064 0.039052
0.382270 3.529731 0.040605
0.382777 3.432551 0.040802
0.383283 3.428407 0.040191
0.383789 3.443465 0.039737
0.384296 3.451680 0.040644
0.384802 3.473700 0.041659
0.385309 3.443374 0.040705
0.385815 3.495102 0.043025
0.386321 3.455793 0.042011
0.386828 3.436721 0.040634
0.387334 3.455937 0.041301
0.387841 3.397600 0.041748
0.388347 3.461922 0.042532
0.388853 3.471551 0.042936
0.389360 3.450589 0.042094
0.389866 3.430545 0.043749
0.390373 3.404549 0.043526
0.390879 3.441792 0.043690
0.391385 3.381316 0.042535
0.391892 3.437116 0.043822
0.392398 3.463573 0.044500
0.392905 3.509274 0.045159
0.393411 3.521746 0.045712
0.393917 3.440696 0.044511
0.394424 3.434086 0.054837
0.394930 3.500891 0.044238
0.395437 3.523223 0.046192
0.395943 3.476712 0.044486
0.396449 3.419774 0.044734
0.396956 3.412892 0.045106
0.397462 3.448635 0.046653
0.397969 3.348022 0.045769
0.398475 3.431758 0.044890
0.398981 3.424199 0.047385
0.399488 3.430377 0.046460
0.399994 3.398937 0.045208
0.400500 3.425703 0.047540
0.401007 3.404175 0.047009
0.401513 3.365260 0.048067
0.402020 3.392719 0.047798
0.402526 3.494931 0.050177
0.403032 3.295540 0.047023
0.403539 3.404181 0.047741
0.404045 3.452578 0.048338
0.404551 3.361881 0.047611
0.405058 3.400926 0.049971
0.405564 3.387278 0.048235
0.406071 3.367184 0.051070
0.406577 3.388364 0.050038
0.407083 3.388129 0.049735
0.407590 3.304625 0.047884
0.408096 3.389859 0.053135
0.408602 3.301489 0.049112
0.409109 3.374122 0.048873
0.409615 3.420179 0.052284
0.410121 3.372986 0.049034
0.410628 3.361195 0.049962
0.411134 3.444364 0.051035
0.411641 3.367982 0.052395
0.412147 3.358315 0.049573
0.412653 3.347607 0.049851
0.413160 3.339336 0.051333
0.413666 3.454322 0.051828
0.414172 3.269827 0.050190
0.414679 3.288156 0.050456
0.415185 3.362139 0.052663
0.415691 3.306409 0.053370
0.416198 3.319729 0.050717
0.416704 3.340016 0.052379
0.417210 3.331546 0.052184
0.417717 3.255961 0.051792
0.418223 3.276886 0.052136
0.418729 3.350379 0.052290
0.419236 3.394128 0.051941
0.419742 3.340268 0.052803
0.420248 3.317941 0.053440
0.420755 3.399992 0.054368
0.421261 3.324826 0.053975
0.421767 3.338714 0.052309
0.422274 3.383635 0.054123
0.422780 3.406042 0.054844
0.423286 3.392818 0.054700
0.423793 3.297184 0.052817
0.424299 3.369635 0.056400
0.424805 3.319658 0.055409
0.425312 3.358451 0.053768
0.425818 3.283453 0.056687
0.426324 3.423759 0.056576
0.426831 3.321026 0.056759
0.427337 3.307650 0.055883
0.427843 3.338124 0.058914
0.428350 3.295826 0.059526
0.428856 3.324759 0.056444
0.429362 3.173794 0.057717
0.429869 3.310394 0.058937
0.430375 3.306817 0.060559
0.430881 3.204138 0.059795
0.431388 3.266155 0.060570
0.431894 3.270497 0.064529
0.432400 3.378066 0.061482
0.432907 3.298598 0.060000
0.433413 3.273570 0.060941
0.433919 3.352212 0.064803
0.434425 3.264682 0.062751
0.434932 3.397184 0.063759
0.435438 3.409415 0.065107
0.435944 3.170260 0.062981
0.436451 3.347834 0.064613
0.436957 3.340621 0.066954
0.437463 3.341330 0.065696
0.437970 3.337436 0.062606
0.438476 3.328464 0.065274
0.438982 3.439523 0.069949
0.439488 3.218903 0.067777
0.439995 3.263946 0.066088
