0.009882 112.278184 25.638534
0.010389 73.458626 14.096726
0.010896 70.154154 13.744945
0.011402 57.618461 10.545458
0.011909 34.333514 5.826407
0.012416 37.184829 6.435002
0.012923 28.123464 4.125558
0.013430 23.233034 3.710890
0.013936 20.974512 2.388776
0.014443 19.444597 1.745956
0.014950 17.086081 1.076861
0.015457 15.634623 0.797820
0.015963 14.295735 0.737668
0.016470 13.222358 0.470103
0.016977 12.649563 0.408634
0.017484 11.770189 0.355815
0.017990 11.154366 0.275082
0.018497 10.297163 0.244348
0.019004 9.947504 0.236370
0.019511 9.298380 0.208681
0.020018 9.053199 0.196189
0.020524 8.919171 0.191034
0.021031 8.299735 0.167608
0.021538 8.152560 0.171924
0.022045 7.733476 0.168341
0.022551 7.570593 0.166778
0.023058 7.311836 0.146146
0.023565 7.198910 0.157848
0.024072 7.127092 0.154610
0.024579 7.193148 0.153930
0.025085 7.016789 0.142546
0.025592 6.926604 0.147471
0.026099 6.776743 0.140580
0.026606 6.613166 0.133343
0.027112 6.410307 0.125149
0.027619 6.411809 0.127209
0.028126 6.172764 0.111049
0.028633 6.125774 0.117006
0.029139 6.233079 0.114575
0.029646 5.968881 0.114373
0.030153 6.080646 0.113798
0.030660 5.870622 0.108646
0.031167 5.932830 0.112101
0.031673 5.567502 0.106434
0.032180 5.599013 0.103146
0.032687 5.909333 0.108512
0.033194 5.532523 0.104022
0.033700 5.765417 0.105495
0.034207 5.351184 0.099141
0.034714 5.488239 0.102475
0.035221 5.489150 0.103293
0.035727 5.352048 0.099585
0.036234 5.434031 0.097323
0.036741 5.586677 0.092038
0.037248 5.422399 0.090575
0.037755 5.191881 0.092551
0.038261 5.279209 0.093438
0.038768 5.274976 0.092508
0.039275 5.205766 0.086171
0.039782 5.147513 0.087208
0.040288 5.197124 0.093202
0.040795 5.246032 0.092859
0.041302 5.135851 0.092067
0.041809 5.198823 0.086184
0.042315 5.042516 0.085104
0.042822 5.044735 0.088649
0.043329 4.933690 0.083470
0.043836 5.028437 0.084453
0.044343 4.985014 0.085314
0.044849 4.968217 0.077704
0.045356 4.885980 0.082119
0.045863 4.862272 0.079040
0.046370 4.947990 0.079943
0.046876 4.887231 0.080159
0.047383 4.766681 0.077658
0.047890 4.991255 0.079606
0.048397 5.036724 0.081056
0.048903 4.950964 0.078555
0.049410 4.729088 0.073833
0.049917 4.833798 0.071126
0.050424 4.877037 0.077282
0.050931 4.940518 0.076974
0.051437 4.795483 0.075000
0.051944 4.878298 0.071902
0.052451 4.926537 0.073872
0.052958 4.807902 0.074515
0.053464 4.711046 0.067946
0.053971 4.719100 0.070331
0.054478 4.822180 0.070599
0.054985 4.884757 0.072929
0.055491 4.644946 0.072030
0.055998 4.756567 0.069293
0.056505 4.790399 0.067819
0.057012 4.678317 0.070184
0.057519 4.608814 0.071259
0.058025 4.774025 0.070949
0.058532 4.730300 0.068000
0.059039 4.714181 0.067645
0.059546 4.703123 0.068848
0.060052 4.607067 0.069103
0.060559 4.755734 0.068198
0.061066 4.687302 0.067533
0.061573 4.615168 0.062395
0.062079 4.590800 0.065699
0.062586 4.690739 0.067128
0.063093 4.697546 0.066158
0.063600 4.628652 0.066369
0.064106 4.652339 0.063701
0.064613 4.601866 0.060576
0.065120 4.563131 0.063259
0.065627 4.688962 0.064908
0.066134 4.738267 0.066615
0.066640 4.642493 0.063321
0.067147 4.620912 0.063763
0.067654 4.606245 0.063913
0.068161 4.652163 0.064841
0.068667 4.511914 0.060974
0.069174 4.547403 0.060602
0.069681 4.516078 0.060841
0.070188 4.504694 0.060289
0.070694 4.558299 0.060818
0.071201 4.447482 0.062170
0.071708 4.590377 0.064342
0.072215 4.558485 0.059960
0.072721 4.556116 0.060661
0.073228 4.546250 0.059896
0.073735 4.563260 0.059944
0.074242 4.539799 0.060494
0.074748 4.519615 0.060689
0.075255 4.488224 0.058206
0.075762 4.487171 0.059074
0.076269 4.450220 0.059382
0.076776 4.428683 0.057566
0.077282 4.587057 0.058046
0.077789 4.627995 0.057946
0.078296 4.426355 0.056409
0.078803 4.420081 0.054768
0.079309 4.541625 0.057658
0.079816 4.394024 0.057027
0.080323 4.464453 0.057286
0.080830 4.578797 0.058581
0.081336 4.523795 0.059613
0.081843 4.445685 0.057185
0.082350 4.511128 0.059920
0.082857 4.468168 0.057198
0.083363 4.501610 0.058047
0.083870 4.556973 0.057264
0.084377 4.591779 0.058716
0.084884 4.585214 0.062270
0.085390 4.395418 0.059924
0.085897 4.407680 0.057209
0.086404 4.541853 0.057693
0.086911 4.372363 0.059523
0.087417 4.417843 0.058720
0.087924 4.411716 0.059849
0.088431 4.409708 0.059338
0.088938 4.427676 0.055562
0.089444 4.413954 0.057492
0.089951 4.440245 0.058588
0.090458 4.361319 0.058598
0.090965 4.346300 0.056217
0.091471 4.371501 0.057439
0.091978 4.406168 0.060869
0.092485 4.315280 0.056887
0.092992 4.557935 0.058405
0.093498 4.383515 0.058495
0.094005 4.442185 0.058391
0.094512 4.398772 0.056796
0.095019 4.425276 0.057935
0.095525 4.473631 0.057311
0.096032 4.288336 0.055990
0.096539 4.325762 0.056531
0.097046 4.396240 0.058025
0.097552 4.322262 0.056460
0.098059 4.407915 0.056736
0.098566 4.317335 0.057434
0.099073 4.393305 0.056137
0.099579 4.292845 0.058074
0.100086 4.304272 0.057324
0.100593 4.379994 0.056259
0.101100 4.384572 0.055561
0.101606 4.436686 0.056712
0.102113 4.345273 0.057321
0.102620 4.279269 0.056534
0.103127 4.402421 0.056702
0.103633 4.390276 0.058281
0.104140 4.404270 0.058803
0.104647 4.397470 0.056684
0.105154 4.459564 0.059167
0.105660 4.247827 0.056104
0.106167 4.268941 0.056406
0.106674 4.269886 0.053611
0.107181 4.477262 0.053600
0.107687 4.337392 0.052719
0.108194 4.378390 0.054936
0.108701 4.398883 0.051136
0.109208 4.373764 0.052825
0.109714 4.327119 0.053815
0.110221 4.285198 0.052583
0.110728 4.243012 0.052207
0.111235 4.318170 0.052464
0.111741 4.279524 0.053174
0.112248 4.372879 0.054682
0.112755 4.234878 0.051398
0.113262 4.239514 0.051814
0.113768 4.255894 0.050409
0.114275 4.185503 0.050282
0.114782 4.255207 0.050304
0.115289 4.312860 0.049756
0.115795 4.231216 0.049835
0.116302 4.298283 0.050397
0.116809 4.206062 0.051189
0.117316 4.273575 0.048073
0.117822 4.108668 0.047783
0.118329 4.376364 0.049275
0.118836 4.231729 0.050419
0.119342 4.200159 0.047825
0.119849 4.173399 0.048957
0.120356 4.269753 0.048409
0.120863 4.218832 0.048058
0.121369 4.302290 0.048978
0.121876 4.272310 0.049188
0.122383 4.187859 0.046435
0.122890 4.237678 0.048435
0.123396 4.312497 0.048051
0.123903 4.201517 0.048691
0.124410 4.254690 0.047264
0.124917 4.203921 0.047722
0.125423 4.262174 0.046665
0.125930 4.226487 0.048129
0.126437 4.279673 0.046745
0.126944 4.226243 0.045734
0.127450 4.263942 0.046389
0.127957 4.152585 0.045807
0.128464 4.134157 0.044625
0.128970 4.238179 0.047326
0.129477 4.286204 0.045368
0.129984 4.218480 0.046065
0.130491 4.183381 0.046431
0.130997 4.222431 0.045923
0.131504 4.153444 0.045378
0.132011 4.187453 0.044103
0.132518 4.224180 0.044075
0.133024 4.160032 0.044284
0.133531 4.174604 0.043126
0.134038 4.254170 0.044290
0.134545 4.227506 0.044210
0.135051 4.109561 0.042276
0.135558 4.244437 0.044033
0.136065 4.191450 0.043578
0.136571 4.253077 0.044131
0.137078 4.180990 0.043342
0.137585 4.127855 0.044795
0.138092 4.175486 0.043653
0.138598 4.179154 0.042581
0.139105 4.108950 0.042785
0.139612 4.166203 0.042248
0.140119 4.223979 0.041996
0.140625 4.227705 0.043205
0.141132 4.140130 0.042696
0.141639 4.287402 0.042865
0.142145 4.139326 0.043063
0.142652 4.166215 0.043252
0.143159 4.196053 0.042617
0.143666 4.156003 0.041265
0.144172 4.203998 0.041572
0.144679 4.123788 0.040908
0.145186 4.145081 0.041533
0.145692 4.140496 0.041139
0.146199 4.136706 0.042510
0.146706 4.112671 0.041356
0.147213 4.163670 0.041149
0.147719 4.169047 0.041729
0.148226 4.162706 0.040587
0.148733 4.145812 0.041129
0.149240 4.145068 0.041046
0.149746 4.111560 0.041476
0.150253 4.152502 0.041035
0.150760 4.112070 0.040821
0.151266 4.081845 0.040042
0.151773 4.086190 0.040833
0.152280 4.124085 0.039808
0.152787 4.110719 0.041530
0.153293 4.108492 0.041050
0.153800 4.118764 0.039948
0.154307 4.123616 0.040287
0.154813 4.022917 0.039204
0.155320 4.066080 0.039503
0.155827 4.073945 0.040067
0.156334 4.116698 0.041246
0.156840 4.036646 0.040196
0.157347 4.075117 0.039451
0.157854 4.094940 0.039972
0.158360 4.092680 0.038850
0.158867 4.099067 0.039962
0.159374 4.082659 0.039812
0.159881 4.047034 0.039258
0.160387 4.094106 0.039392
0.160894 4.074846 0.039708
0.161401 3.996797 0.038733
0.161907 4.057266 0.039021
0.162414 4.063901 0.039086
0.162921 4.142904 0.039283
0.163427 4.151251 0.038463
0.163934 4.045902 0.037935
0.164441 4.006458 0.039041
0.164948 4.058804 0.038692
0.165454 4.067897 0.038186
0.165961 4.099603 0.037667
0.166468 4.022790 0.038914
0.166974 4.118075 0.038571
0.167481 4.083958 0.038682
0.167988 4.073514 0.038121
0.168495 4.053457 0.039249
0.169001 4.107254 0.038752
0.169508 4.072415 0.038367
0.170015 4.072968 0.038765
0.170521 4.068911 0.038920
0.171028 4.039095 0.039005
0.171535 4.065086 0.039324
0.172041 4.080451 0.038289
0.172548 4.006177 0.038546
0.173055 4.010021 0.038945
0.173562 4.049946 0.038919
0.174068 4.036549 0.039571
0.174575 4.092000 0.037963
0.175082 4.044230 0.039591
0.175588 3.962395 0.038115
0.176095 4.004820 0.038852
0.176602 4.100999 0.040472
0.177108 4.047918 0.039651
0.177615 4.015787 0.039865
0.178122 4.102188 0.039367
0.178629 3.956157 0.038717
0.179135 3.967977 0.039276
0.179642 4.053383 0.039389
0.180149 4.080082 0.040381
0.180655 3.958826 0.039545
0.181162 4.073398 0.039569
0.181669 4.004729 0.038823
0.182175 4.013686 0.039388
0.182682 3.992409 0.039972
0.183189 4.019268 0.039920
0.183695 4.027203 0.040200
0.184202 4.059969 0.042036
0.184709 3.992212 0.039848
0.185216 3.963346 0.040573
0.185722 4.011693 0.041239
0.186229 4.029244 0.040962
0.186736 4.069457 0.041297
0.187242 4.036249 0.040458
0.187749 3.939099 0.040984
0.188256 3.952414 0.041580
0.188762 4.022910 0.041268
0.189269 4.042772 0.040870
0.189776 4.016225 0.041482
0.190282 3.919029 0.040809
0.190789 3.930049 0.040427
0.191296 4.008820 0.041341
0.191802 4.009281 0.041885
0.192309 4.051493 0.041146
0.192816 3.997727 0.042752
0.193323 3.988219 0.042275
0.193829 4.018554 0.041138
0.194336 4.034474 0.042292
0.194843 4.077114 0.042422
0.195349 4.061927 0.042230
0.195856 3.981076 0.042380
0.196363 3.982075 0.042024
0.196869 3.966609 0.041186
0.197376 3.991564 0.041878
0.197883 3.994243 0.042845
0.198389 4.036903 0.043307
0.198896 4.094039 0.042595
0.199403 4.023013 0.042876
0.199909 4.023666 0.043184
0.200416 4.029272 0.042166
0.200923 4.058459 0.042395
0.201429 3.941411 0.041302
0.201936 3.914067 0.042084
0.202443 4.000795 0.043126
0.202949 3.998582 0.042599
0.203456 3.943287 0.042512
0.203963 3.906545 0.043336
0.204469 3.890716 0.041908
0.204976 4.007001 0.041878
0.205483 3.932198 0.042640
0.205989 4.066217 0.042972
0.206496 3.910150 0.042159
0.207003 4.073132 0.042397
0.207509 3.997666 0.042470
0.208016 3.942137 0.042036
0.208523 3.950127 0.042142
0.209029 4.006326 0.042022
0.209536 3.923433 0.042375
0.210043 3.952292 0.042036
0.210549 3.954645 0.043331
0.211056 3.958482 0.043789
0.211563 3.966428 0.042942
0.212069 3.932931 0.042437
0.212576 3.954827 0.042555
0.213083 3.874658 0.042549
0.213589 3.884008 0.042021
0.214096 3.968318 0.043102
0.214603 3.914599 0.043093
0.215109 3.890292 0.041771
0.215616 3.958354 0.041447
0.216123 3.942786 0.042818
0.216629 3.950015 0.042380
0.217136 3.935712 0.042386
0.217643 3.918810 0.042327
0.218149 3.922023 0.042271
0.218656 3.849920 0.041248
0.219163 3.927234 0.042223
0.219669 3.924404 0.042343
0.220176 3.854674 0.041856
0.220683 3.878738 0.041925
0.221189 3.961414 0.041953
0.221696 3.908598 0.041878
0.222203 3.924753 0.042089
0.222709 3.937859 0.041441
0.223216 3.959891 0.042091
0.223722 3.853195 0.041156
0.224229 3.938633 0.042160
0.224736 3.848140 0.040328
0.225242 3.906436 0.041413
0.225749 3.859489 0.041809
0.226256 3.882937 0.041488
0.226762 3.912659 0.042421
0.227269 3.807812 0.041420
0.227776 3.858139 0.039989
0.228282 3.899725 0.040528
0.228789 3.883600 0.040682
0.229296 3.894208 0.040557
0.229802 3.899199 0.039392
0.230309 3.866459 0.041037
0.230816 3.905971 0.041352
0.231322 3.900502 0.039856
0.231829 3.799296 0.040446
0.232335 3.883615 0.040211
0.232842 3.848497 0.038014
0.233349 3.887729 0.039158
0.233855 3.865293 0.038723
0.234362 3.764641 0.038562
0.234869 3.907356 0.038927
0.235375 3.900958 0.040020
0.235882 3.830154 0.038110
0.236389 3.886473 0.038827
0.236895 3.826558 0.038920
0.237402 3.858586 0.037945
0.237908 3.897101 0.038408
0.238415 3.803806 0.038691
0.238922 3.838279 0.039078
0.239428 3.820288 0.039946
0.239935 3.843487 0.038463
0.240442 3.839546 0.038863
0.240948 3.898892 0.038008
0.241455 3.872899 0.038151
0.241962 3.864109 0.038238
0.242468 3.846432 0.037587
0.242975 3.819254 0.037273
0.243481 3.801712 0.036301
0.243988 3.885753 0.036937
0.244495 3.845553 0.037845
0.245001 3.847398 0.038102
0.245508 3.866782 0.038004
0.246015 3.821600 0.037040
0.246521 3.853092 0.037256
0.247028 3.768709 0.036878
0.247534 3.835503 0.037226
0.248041 3.805684 0.037412
0.248548 3.799669 0.037540
0.249054 3.845346 0.037015
0.249561 3.802262 0.038055
0.250068 3.733217 0.036568
0.250574 3.766717 0.036142
0.251081 3.773091 0.037148
0.251587 3.797498 0.035635
0.252094 3.764224 0.036426
0.252601 3.777134 0.037081
0.253107 3.796581 0.036798
0.253614 3.803661 0.036564
0.254120 3.761191 0.036307
0.254627 3.773606 0.035606
0.255134 3.767572 0.035100
0.255640 3.761275 0.035673
0.256147 3.781394 0.035648
0.256654 3.803983 0.035871
0.257160 3.764806 0.035691
0.257667 3.843070 0.036094
0.258173 3.776178 0.035173
0.258680 3.737079 0.035672
0.259187 3.828108 0.035401
0.259693 3.797361 0.034392
0.260200 3.784188 0.034958
0.260706 3.783693 0.034986
0.261213 3.723143 0.035441
0.261720 3.837046 0.035898
0.262226 3.729157 0.035206
0.262733 3.753704 0.034515
0.263239 3.802864 0.035986
0.263746 3.742844 0.034467
0.264253 3.829726 0.034879
0.264759 3.804133 0.035209
0.265266 3.791828 0.034991
0.265772 3.775563 0.034481
0.266279 3.731501 0.033739
0.266786 3.729058 0.034374
0.267292 3.755912 0.035039
0.267799 3.725577 0.034598
0.268305 3.734791 0.034503
0.268812 3.794257 0.033989
0.269319 3.801250 0.034880
0.269825 3.749249 0.034361
0.270332 3.743532 0.034734
0.270838 3.811368 0.034360
0.271345 3.729826 0.034100
0.271852 3.703447 0.033141
0.272358 3.778371 0.034263
0.272865 3.752111 0.034313
0.273371 3.828841 0.034596
0.273878 3.809171 0.034369
0.274385 3.753797 0.033187
0.274891 3.763730 0.034810
0.275398 3.748012 0.034003
0.275904 3.717953 0.033584
0.276411 3.776269 0.033970
0.276917 3.715458 0.033100
0.277424 3.733788 0.033062
0.277931 3.765952 0.033351
0.278437 3.656572 0.032490
0.278944 3.780330 0.033966
0.279450 3.687377 0.033050
0.279957 3.709479 0.033867
0.280464 3.677399 0.032640
0.280970 3.736268 0.033104
0.281477 3.733509 0.034012
0.281983 3.723158 0.033340
0.282490 3.758335 0.033490
0.282996 3.672930 0.033281
0.283503 3.702254 0.032844
0.284010 3.709245 0.033670
0.284516 3.674929 0.032690
0.285023 3.717204 0.032331
0.285529 3.726817 0.033510
0.286036 3.731405 0.033488
0.286542 3.667681 0.032598
0.287049 3.692643 0.032973
0.287556 3.686437 0.032216
0.288062 3.724447 0.033440
0.288569 3.667343 0.032665
0.289075 3.712854 0.032817
0.289582 3.681836 0.033174
0.290088 3.653490 0.032690
0.290595 3.724200 0.032386
0.291102 3.707985 0.032308
0.291608 3.691595 0.032950
0.292115 3.694239 0.032686
0.292621 3.593492 0.032837
0.293128 3.691294 0.033119
0.293634 3.665552 0.032871
0.294141 3.669104 0.032871
0.294647 3.657300 0.032055
0.295154 3.650053 0.032616
0.295661 3.607100 0.032628
0.296167 3.679101 0.032794
0.296674 3.626932 0.032728
0.297180 3.619386 0.032625
0.297687 3.658737 0.032845
0.298193 3.647381 0.032655
0.298700 3.617067 0.032074
0.299206 3.687755 0.033360
0.299713 3.640220 0.032590
0.300220 3.632170 0.032482
0.300726 3.655995 0.032383
0.301233 3.688338 0.032822
0.301739 3.618096 0.032299
0.302246 3.608441 0.032499
0.302752 3.667526 0.033132
0.303259 3.645504 0.034099
0.303765 3.584734 0.032873
0.304272 3.643876 0.032479
0.304779 3.637567 0.032644
0.305285 3.570808 0.032050
0.305792 3.688835 0.032227
0.306298 3.598507 0.032112
0.306805 3.591336 0.032664
0.307311 3.625119 0.032627
0.307818 3.679624 0.032007
0.308324 3.714094 0.033421
0.308831 3.630884 0.031712
0.309337 3.629164 0.032091
0.309844 3.596871 0.032730
0.310350 3.634531 0.032880
0.310857 3.604309 0.032994
0.311364 3.594694 0.033282
0.311870 3.597598 0.033880
0.312377 3.668999 0.033756
0.312883 3.608711 0.033526
0.313390 3.605082 0.034092
0.313896 3.585723 0.034421
0.314403 3.661252 0.035081
0.314909 3.628091 0.034677
0.315416 3.551816 0.034554
0.315922 3.630394 0.034691
0.316429 3.553751 0.034556
0.316935 3.648481 0.035745
0.317442 3.635550 0.035824
0.317948 3.649370 0.034571
0.318455 3.607075 0.035389
0.318961 3.613641 0.035361
0.319468 3.632779 0.035532
0.319975 3.588245 0.035381
0.320481 3.594859 0.035121
0.320988 3.628373 0.035321
0.321494 3.618649 0.035845
0.322001 3.580624 0.035194
0.322507 3.562110 0.035688
0.323014 3.577213 0.034676
0.323520 3.609428 0.035085
0.324027 3.623378 0.036029
0.324533 3.599936 0.035369
0.325040 3.606520 0.035077
0.325546 3.644331 0.035664
0.326053 3.592176 0.035551
0.326559 3.534400 0.035452
0.327066 3.587291 0.035890
0.327572 3.565859 0.035216
0.328079 3.606878 0.035712
0.328585 3.653777 0.036427
0.329092 3.622738 0.035659
0.329598 3.663666 0.036386
0.330105 3.655441 0.035132
0.330611 3.564579 0.035713
0.331118 3.586387 0.036212
0.331624 3.621207 0.036147
0.332131 3.553630 0.034588
0.332637 3.606473 0.036199
0.333144 3.533395 0.036249
0.333650 3.644442 0.036597
0.334157 3.597872 0.035872
0.334663 3.541487 0.035590
0.335170 3.591886 0.036469
0.335676 3.614713 0.035480
0.336183 3.562697 0.035088
0.336689 3.592219 0.036250
0.337196 3.635877 0.036185
0.337702 3.570756 0.036559
0.338209 3.637956 0.037028
0.338715 3.553089 0.036949
0.339222 3.505081 0.036548
0.339728 3.599906 0.036555
0.340235 3.574951 0.036202
0.340741 3.604310 0.035939
0.341248 3.586530 0.036194
0.341754 3.549076 0.035822
0.342261 3.531865 0.036254
0.342767 3.577536 0.036519
0.343274 3.583076 0.036874
0.343780 3.570108 0.037700
0.344287 3.586369 0.036620
0.344793 3.506512 0.035937
0.345300 3.645252 0.037899
0.345806 3.592371 0.037375
0.346313 3.582400 0.037184
0.346819 3.517193 0.036322
0.347325 3.588573 0.037302
0.347832 3.592311 0.037558
0.348338 3.532168 0.037137
0.348845 3.589396 0.037897
0.349351 3.570937 0.036232
0.349858 3.588541 0.036564
0.350364 3.562367 0.037101
0.350871 3.620036 0.037587
0.351377 3.585062 0.036798
0.351884 3.559899 0.036838
0.352390 3.470352 0.036554
0.352897 3.615319 0.037202
0.353403 3.524195 0.037366
0.353910 3.466883 0.036763
0.354416 3.547058 0.036862
0.354923 3.555316 0.036518
0.355429 3.546855 0.035748
0.355935 3.490283 0.035197
0.356442 3.470475 0.034930
0.356948 3.519142 0.035549
0.357455 3.556776 0.034843
0.357961 3.605953 0.035380
0.358468 3.517553 0.034861
0.358974 3.571205 0.034545
0.359481 3.499308 0.035343
0.359987 3.480222 0.035297
0.360494 3.562785 0.035276
0.361000 3.512756 0.035254
0.361506 3.495449 0.035613
0.362013 3.520624 0.035922
0.362519 3.432798 0.035111
0.363026 3.566121 0.036379
0.363532 3.514014 0.036246
0.364039 3.499409 0.035364
0.364545 3.475861 0.035015
0.365052 3.592239 0.035634
0.365558 3.473959 0.036006
0.366064 3.494144 0.035218
0.366571 3.506962 0.037365
0.367077 3.533893 0.035903
0.367584 3.559113 0.036463
0.368090 3.479350 0.036144
0.368597 3.452934 0.036400
0.369103 3.467474 0.036931
0.369610 3.500907 0.037450
0.370116 3.475665 0.037209
0.370622 3.502301 0.038283
0.371129 3.554417 0.037734
0.371635 3.491604 0.037856
0.372142 3.443258 0.036994
0.372648 3.447976 0.037080
0.373155 3.527001 0.036985
0.373661 3.455545 0.037178
0.374167 3.575684 0.038276
0.374674 3.505573 0.037585
0.375180 3.435201 0.036495
0.375687 3.504729 0.038826
0.376193 3.485852 0.038358
0.376700 3.483235 0.038194
0.377206 3.499737 0.039180
0.377712 3.422199 0.038738
0.378219 3.482049 0.039565
0.378725 3.479055 0.039659
0.379232 3.481187 0.038515
0.379738 3.472195 0.038843
0.380245 3.477126 0.040583
0.380751 3.331892 0.038904
0.381257 3.522224 0.040074
0.381764 3.441679 0.039619
0.382270 3.432159 0.039628
0.382777 3.470669 0.042371
0.383283 3.463238 0.040794
0.383789 3.473081 0.041388
0.384296 3.412462 0.040064
0.384802 3.452568 0.042612
0.385309 3.409864 0.041520
0.385815 3.432194 0.042186
0.386321 3.536425 0.042779
0.386828 3.486130 0.042771
0.387334 3.418663 0.041950
0.387841 3.449318 0.042590
0.388347 3.463537 0.042226
0.388853 3.416879 0.041573
0.389360 3.436944 0.042376
0.389866 3.508512 0.043066
0.390373 3.422353 0.042463
0.390879 3.416727 0.043326
0.391385 3.460943 0.043189
0.391892 3.404255 0.043183
0.392398 3.477871 0.044744
0.392905 3.395569 0.043326
0.393411 3.481341 0.044269
0.393917 3.384241 0.044501
0.394424 3.449665 0.046974
0.394930 3.405562 0.045514
0.395437 3.461456 0.046189
0.395943 3.514341 0.046424
0.396449 3.467569 0.046439
0.396956 3.455600 0.046168
0.397462 3.419192 0.046238
0.397969 3.402963 0.046754
0.398475 3.500509 0.047455
0.398981 3.467341 0.048596
0.399488 3.513629 0.047505
0.399994 3.372879 0.046912
0.400500 3.417046 0.046270
0.401007 3.383384 0.046806
0.401513 3.377557 0.046193
0.402020 3.400934 0.047872
0.402526 3.382488 0.047064
0.403032 3.350279 0.048603
0.403539 3.427037 0.048583
0.404045 3.454002 0.050432
0.404551 3.406706 0.048926
0.405058 3.385916 0.049481
0.405564 3.374365 0.049337
0.406071 3.340753 0.050165
0.406577 3.351616 0.048295
0.407083 3.497212 0.049819
0.407590 3.364560 0.047055
0.408096 3.341454 0.049382
0.408602 3.361313 0.052077
0.409109 3.417592 0.048229
0.409615 3.525218 0.051966
0.410121 3.426206 0.051512
0.410628 3.350429 0.049303
0.411134 3.347604 0.049236
0.411641 3.420631 0.052461
0.412147 3.427866 0.050425
0.412653 3.355262 0.051740
0.413160 3.332617 0.051834
0.413666 3.237194 0.050382
0.414172 3.294955 0.053562
0.414679 3.313014 0.052140
0.415185 3.272493 0.051489
0.415691 3.283034 0.051188
0.416198 3.226260 0.052320
0.416704 3.286607 0.053555
0.417210 3.280663 0.051089
0.417717 3.325708 0.051488
0.418223 3.406696 0.049956
0.418729 3.482141 0.050636
0.419236 3.242842 0.051217
0.419742 3.327619 0.054463
0.420248 3.371375 0.052498
0.420755 3.326761 0.054082
0.421261 3.290559 0.053711
0.421767 3.342952 0.053851
0.422274 3.338626 0.051584
0.422780 3.487396 0.054709
0.423286 3.288892 0.053556
0.423793 3.377494 0.056245
0.424299 3.270058 0.053682
0.424805 3.276502 0.055913
0.425312 3.501128 0.059591
0.425818 3.299544 0.056544
0.426324 3.326167 0.057614
0.426831 3.344839 0.055736
0.427337 3.298917 0.056735
0.427843 3.268665 0.057298
0.428350 3.367020 0.060929
0.428856 3.360730 0.055735
0.429362 3.250396 0.056231
0.429869 3.380386 0.059169
0.430375 3.253572 0.056049
0.430881 3.304971 0.059045
0.431388 3.265044 0.060340
0.431894 3.395387 0.061799
0.432400 3.308914 0.060703
0.432907 3.347005 0.064553
0.433413 3.268387 0.065021
0.433919 3.325512 0.063955
0.434425 3.252674 0.060894
0.434932 3.334067 0.064521
0.435438 3.314888 0.064826
0.435944 3.318223 0.065232
0.436451 3.351708 0.065064
0.436957 3.327081 0.067638
0.437463 3.375692 0.069528
0.437970 3.286993 0.064569
0.438476 3.345302 0.069997
0.438982 3.339638 0.068668
0.439488 3.344848 0.069553
0.439995 3.349259 0.068299
