0.009882 107.555945 24.328743
0.010389 75.000298 14.086101
0.010896 69.634921 13.713635
0.011402 57.854826 10.354413
0.011909 33.754564 6.475030
0.012416 40.985083 6.250196
0.012923 27.233047 3.673132
0.013430 25.270442 3.434610
0.013936 20.077069 2.177551
0.014443 18.957414 1.731105
0.014950 17.953639 0.950423
0.015457 16.274119 0.874146
0.015963 14.612640 0.713831
0.016470 13.426063 0.511804
0.016977 12.442664 0.360027
0.017484 12.059599 0.366921
0.017990 11.510042 0.292313
0.018497 10.465482 0.250102
0.019004 9.942720 0.258080
0.019511 9.736983 0.215684
0.020018 8.636866 0.195183
0.020524 8.421188 0.201873
0.021031 8.457632 0.174858
0.021538 8.189735 0.173308
0.022045 7.838741 0.174547
0.022551 7.831767 0.166900
0.023058 7.620284 0.160662
0.023565 7.208227 0.143031
0.024072 7.185917 0.151132
0.024579 6.877351 0.142795
0.025085 6.786867 0.136515
0.025592 6.801260 0.147003
0.026099 6.700447 0.139129
0.026606 6.350821 0.119700
0.027112 6.496385 0.127110
0.027619 6.363382 0.122549
0.028126 6.090019 0.119771
0.028633 6.256010 0.117759
0.029139 6.098372 0.113168
0.029646 6.022574 0.119346
0.030153 5.876291 0.113422
0.030660 5.734548 0.112943
0.031167 5.734996 0.112285
0.031673 5.724858 0.103158
0.032180 5.617158 0.101398
0.032687 5.715386 0.109447
0.033194 5.499254 0.104509
0.033700 5.635011 0.103846
0.034207 5.658745 0.110397
0.034714 5.344055 0.093894
0.035221 5.479890 0.094699
0.035727 5.518128 0.098330
0.036234 5.232569 0.095355
0.036741 5.356299 0.098286
0.037248 5.407323 0.100537
0.037755 5.381807 0.098212
0.038261 5.160154 0.094128
0.038768 5.174641 0.086154
0.039275 5.239476 0.091728
0.039782 4.867496 0.081808
0.040288 4.985911 0.091288
0.040795 5.055097 0.087322
0.041302 5.173237 0.089753
0.041809 5.145384 0.087885
0.042315 4.947630 0.082455
0.042822 5.211906 0.085200
0.043329 5.080367 0.086260
0.043836 4.951622 0.088379
0.044343 4.966856 0.085706
0.044849 5.005982 0.082155
0.045356 5.085149 0.083411
0.045863 4.986592 0.084203
0.046370 4.884813 0.078954
0.046876 5.055022 0.083660
0.047383 5.113324 0.084495
0.047890 4.991255 0.080402
0.048397 4.806133 0.077823
0.048903 4.820241 0.072646
0.049410 4.948958 0.075015
0.049917 4.844910 0.075854
0.050424 4.797228 0.077172
0.050931 4.864623 0.076778
0.051437 4.896805 0.075031
0.051944 4.885350 0.077070
0.052451 4.803612 0.073322
0.052958 4.791752 0.073945
0.053464 4.986820 0.070090
0.053971 4.682187 0.070187
0.054478 4.625948 0.070588
0.054985 4.807911 0.073722
0.055491 4.706108 0.073328
0.055998 4.728241 0.067809
0.056505 4.699093 0.069672
0.057012 4.748990 0.069806
0.057519 4.826374 0.067134
0.058025 4.597406 0.068278
0.058532 4.759776 0.067938
0.059039 4.625235 0.067416
0.059546 4.784746 0.069385
0.060052 4.676354 0.068535
0.060559 4.620087 0.070432
0.061066 4.672329 0.065991
0.061573 4.671215 0.068238
0.062079 4.619874 0.064163
0.062586 4.630513 0.068348
0.063093 4.627275 0.066113
0.063600 4.653023 0.067762
0.064106 4.517666 0.064874
0.064613 4.659928 0.063515
0.065120 4.550094 0.064585
0.065627 4.611676 0.064942
0.066134 4.585096 0.064717
0.066640 4.660547 0.063231
0.067147 4.514132 0.061962
0.067654 4.554652 0.062677
0.068161 4.654818 0.061039
0.068667 4.542637 0.063261
0.069174 4.643156 0.065211
0.069681 4.596163 0.062523
0.070188 4.552444 0.061830
0.070694 4.717592 0.063884
0.071201 4.511901 0.058999
0.071708 4.603758 0.061604
0.072215 4.630868 0.063006
0.072721 4.541899 0.061072
0.073228 4.524401 0.060103
0.073735 4.556070 0.058832
0.074242 4.508974 0.060406
0.074748 4.499351 0.058148
0.075255 4.584736 0.061000
0.075762 4.564761 0.058426
0.076269 4.468974 0.059237
0.076776 4.497881 0.056693
0.077282 4.488860 0.057703
0.077789 4.460111 0.057742
0.078296 4.497255 0.057122
0.078803 4.614779 0.056169
0.079309 4.441448 0.058029
0.079816 4.482674 0.055961
0.080323 4.441046 0.057345
0.080830 4.453766 0.058090
0.081336 4.529357 0.059791
0.081843 4.436904 0.059568
0.082350 4.506354 0.060195
0.082857 4.472886 0.059198
0.083363 4.460897 0.060054
0.083870 4.414418 0.061547
0.084377 4.380954 0.057590
0.084884 4.521325 0.059466
0.085390 4.415093 0.058548
0.085897 4.436662 0.057614
0.086404 4.423377 0.057903
0.086911 4.441459 0.057010
0.087417 4.496650 0.059773
0.087924 4.443533 0.058824
0.088431 4.456325 0.056999
0.088938 4.361462 0.056450
0.089444 4.384122 0.058151
0.089951 4.451085 0.057009
0.090458 4.382937 0.059388
0.090965 4.380261 0.058309
0.091471 4.361475 0.057576
0.091978 4.369935 0.058814
0.092485 4.430611 0.058767
0.092992 4.401628 0.058755
0.093498 4.374919 0.058145
0.094005 4.330596 0.056546
0.094512 4.380431 0.056675
0.095019 4.319692 0.057195
0.095525 4.332276 0.060626
0.096032 4.415002 0.058142
0.096539 4.218418 0.055524
0.097046 4.344113 0.058066
0.097552 4.307819 0.056106
0.098059 4.382514 0.056946
0.098566 4.348313 0.057463
0.099073 4.273868 0.055605
0.099579 4.414788 0.056791
0.100086 4.349643 0.055346
0.100593 4.425387 0.055936
0.101100 4.340525 0.053691
0.101606 4.374531 0.056460
0.102113 4.354963 0.054630
0.102620 4.332554 0.055805
0.103127 4.395590 0.056090
0.103633 4.281054 0.057938
0.104140 4.390555 0.058339
0.104647 4.366060 0.057838
0.105154 4.342964 0.059125
0.105660 4.289098 0.054644
0.106167 4.271244 0.053923
0.106674 4.312221 0.055432
0.107181 4.232708 0.054560
0.107687 4.236081 0.051724
0.108194 4.302513 0.053401
0.108701 4.304217 0.053460
0.109208 4.224174 0.052698
0.109714 4.283039 0.052878
0.110221 4.349617 0.053180
0.110728 4.286909 0.050220
0.111235 4.287396 0.050631
0.111741 4.282124 0.050908
0.112248 4.323675 0.052225
0.112755 4.253034 0.050819
0.113262 4.346620 0.050641
0.113768 4.188818 0.051612
0.114275 4.269854 0.049839
0.114782 4.231530 0.049617
0.115289 4.357868 0.049929
0.115795 4.277403 0.052219
0.116302 4.251778 0.049001
0.116809 4.365618 0.050150
0.117316 4.250664 0.048116
0.117822 4.195393 0.049415
0.118329 4.233512 0.048786
0.118836 4.296470 0.047593
0.119342 4.271261 0.048332
0.119849 4.261799 0.047742
0.120356 4.242773 0.048866
0.120863 4.162312 0.047313
0.121369 4.263742 0.047305
0.121876 4.223420 0.048357
0.122383 4.199285 0.047059
0.122890 4.188396 0.048271
0.123396 4.259176 0.047336
0.123903 4.217929 0.047400
0.124410 4.248942 0.047252
0.124917 4.303080 0.048229
0.125423 4.253659 0.048095
0.125930 4.259716 0.047354
0.126437 4.218661 0.046770
0.126944 4.157360 0.045656
0.127450 4.252417 0.046209
0.127957 4.176992 0.044546
0.128464 4.179054 0.044290
0.128970 4.171160 0.045844
0.129477 4.186138 0.045789
0.129984 4.211969 0.046121
0.130491 4.250271 0.045970
0.130997 4.240372 0.044761
0.131504 4.225652 0.044265
0.132011 4.136488 0.044171
0.132518 4.177456 0.044268
0.133024 4.220415 0.044767
0.133531 4.167865 0.042870
0.134038 4.179865 0.044021
0.134545 4.235091 0.043715
0.135051 4.269656 0.044438
0.135558 4.224385 0.044623
0.136065 4.055073 0.043231
0.136571 4.169217 0.043459
0.137078 4.163832 0.042722
0.137585 4.196418 0.044119
0.138092 4.140614 0.043907
0.138598 4.143920 0.042486
0.139105 4.163528 0.041960
0.139612 4.068146 0.041877
0.140119 4.174530 0.042560
0.140625 4.172234 0.044368
0.141132 4.144594 0.043709
0.141639 4.173688 0.041728
0.142145 4.103837 0.041420
0.142652 4.111014 0.042359
0.143159 4.129393 0.041713
0.143666 4.253950 0.042656
0.144172 4.221815 0.040875
0.144679 4.162061 0.041757
0.145186 4.137776 0.041917
0.145692 4.122914 0.041854
0.146199 4.049790 0.040389
0.146706 4.107183 0.041532
0.147213 4.120788 0.041764
0.147719 4.091395 0.041171
0.148226 4.115929 0.041318
0.148733 4.169471 0.041673
0.149240 4.114992 0.042104
0.149746 4.076236 0.040791
0.150253 4.078004 0.041640
0.150760 4.077271 0.040546
0.151266 4.130056 0.041231
0.151773 4.106117 0.040881
0.152280 4.065040 0.041180
0.152787 4.074472 0.040746
0.153293 4.074910 0.040961
0.153800 4.146434 0.039983
0.154307 4.137694 0.039494
0.154813 4.030268 0.041011
0.155320 4.032702 0.039940
0.155827 4.033339 0.039859
0.156334 4.056458 0.039745
0.156840 4.128842 0.040543
0.157347 4.018101 0.039479
0.157854 4.057882 0.039811
0.158360 4.156321 0.040130
0.158867 4.113105 0.039585
0.159374 4.011244 0.038290
0.159881 4.011016 0.039261
0.160387 4.058454 0.039621
0.160894 4.102116 0.039114
0.161401 4.086448 0.039354
0.161907 4.061891 0.038927
0.162414 4.018573 0.038874
0.162921 4.081856 0.039129
0.163427 4.079963 0.038612
0.163934 4.040626 0.039360
0.164441 4.112881 0.039401
0.164948 4.013199 0.038216
0.165454 4.064505 0.038546
0.165961 4.079333 0.038246
0.166468 4.034990 0.038222
0.166974 4.089547 0.037831
0.167481 4.114645 0.037990
0.167988 4.102468 0.037808
0.168495 4.004412 0.038458
0.169001 4.072601 0.038988
0.169508 4.038818 0.038942
0.170015 4.050398 0.039267
0.170521 4.066611 0.038113
0.171028 4.056349 0.038594
0.171535 4.013382 0.039504
0.172041 4.002665 0.038053
0.172548 4.091802 0.039708
0.173055 4.014624 0.038213
0.173562 3.974390 0.038590
0.174068 4.084505 0.040723
0.174575 3.966949 0.039650
0.175082 4.069518 0.039255
0.175588 4.075584 0.038680
0.176095 4.080522 0.039385
0.176602 4.021976 0.038641
0.177108 4.088989 0.040273
0.177615 3.978853 0.039627
0.178122 4.030118 0.039243
0.178629 3.944925 0.038526
0.179135 3.976548 0.039074
0.179642 4.032710 0.039468
0.180149 4.022361 0.038218
0.180655 4.118381 0.039418
0.181162 4.046240 0.038343
0.181669 4.040862 0.039626
0.182175 4.019765 0.040550
0.182682 4.030334 0.040063
0.183189 4.033731 0.040682
0.183695 4.035074 0.039376
0.184202 3.976666 0.039102
0.184709 4.051338 0.040854
0.185216 4.079946 0.040108
0.185722 4.077098 0.042015
0.186229 3.993244 0.041691
0.186736 4.006711 0.041380
0.187242 3.999891 0.040274
0.187749 4.045397 0.040250
0.188256 4.064312 0.041759
0.188762 4.064164 0.040905
0.189269 3.976246 0.041524
0.189776 4.000288 0.040801
0.190282 3.954197 0.040264
0.190789 3.955546 0.041407
0.191296 3.956067 0.042884
0.191802 3.970114 0.040970
0.192309 3.988876 0.041149
0.192816 4.030404 0.041345
0.193323 3.993632 0.041879
0.193829 3.976335 0.042029
0.194336 3.945991 0.043017
0.194843 3.984587 0.041022
0.195349 3.955406 0.042263
0.195856 3.997820 0.041884
0.196363 4.057981 0.042341
0.196869 3.951966 0.042515
0.197376 4.003341 0.043480
0.197883 4.047099 0.042256
0.198389 4.002907 0.042478
0.198896 3.958090 0.042680
0.199403 4.057581 0.041956
0.199909 3.954324 0.041561
0.200416 3.992893 0.042151
0.200923 3.934705 0.041753
0.201429 3.989741 0.044090
0.201936 3.978070 0.042065
0.202443 3.951505 0.041776
0.202949 4.034485 0.043325
0.203456 3.916355 0.041705
0.203963 4.035223 0.043618
0.204469 3.949772 0.042479
0.204976 3.966991 0.041673
0.205483 3.981151 0.041965
0.205989 3.961179 0.043120
0.206496 3.952125 0.042025
0.207003 3.995433 0.043376
0.207509 3.979125 0.042903
0.208016 3.963490 0.042284
0.208523 4.020339 0.042758
0.209029 3.915820 0.041976
0.209536 3.952175 0.042184
0.210043 3.946742 0.042913
0.210549 3.931580 0.041585
0.211056 3.945658 0.042502
0.211563 3.921739 0.041974
0.212069 3.977834 0.041242
0.212576 3.972228 0.041705
0.213083 4.027326 0.042866
0.213589 3.896917 0.042133
0.214096 3.998815 0.043129
0.214603 3.908444 0.042727
0.215109 3.896299 0.041287
0.215616 3.936394 0.041892
0.216123 3.932973 0.042681
0.216629 3.969110 0.043693
0.217136 3.863634 0.041149
0.217643 3.872224 0.042178
0.218149 3.927127 0.041027
0.218656 3.925729 0.042218
0.219163 3.843368 0.041590
0.219669 3.953953 0.042113
0.220176 3.916463 0.041885
0.220683 3.915228 0.042466
0.221189 3.856785 0.042240
0.221696 3.984369 0.041524
0.222203 3.909430 0.041501
0.222709 3.921182 0.042260
0.223216 3.875500 0.041748
0.223722 3.876497 0.041735
0.224229 3.872929 0.042348
0.224736 3.864787 0.041227
0.225242 3.871201 0.043392
0.225749 3.872301 0.041943
0.226256 3.855833 0.041282
0.226762 3.922461 0.041741
0.227269 3.867268 0.040905
0.227776 3.898756 0.040555
0.228282 3.917176 0.041382
0.228789 3.819231 0.039967
0.229296 3.828535 0.039035
0.229802 3.857890 0.039868
0.230309 3.861287 0.040832
0.230816 3.846777 0.040472
0.231322 3.881352 0.040037
0.231829 3.843400 0.039389
0.232335 3.865003 0.040344
0.232842 3.871582 0.039372
0.233349 3.795321 0.039236
0.233855 3.841214 0.039011
0.234362 3.860714 0.039238
0.234869 3.855318 0.038253
0.235375 3.839961 0.038976
0.235882 3.900253 0.039638
0.236389 3.856116 0.039404
0.236895 3.854149 0.039664
0.237402 3.825166 0.039608
0.237908 3.874014 0.039798
0.238415 3.792304 0.038859
0.238922 3.874384 0.039003
0.239428 3.806814 0.038661
0.239935 3.788720 0.038184
0.240442 3.935455 0.039163
0.240948 3.791479 0.038062
0.241455 3.850332 0.037778
0.241962 3.814539 0.037015
0.242468 3.857280 0.038593
0.242975 3.854843 0.037795
0.243481 3.808162 0.037513
0.243988 3.845093 0.037822
0.244495 3.831082 0.038414
0.245001 3.789671 0.038439
0.245508 3.858151 0.037673
0.246015 3.821906 0.038442
0.246521 3.778235 0.036655
0.247028 3.832699 0.037308
0.247534 3.809138 0.037031
0.248041 3.825740 0.036980
0.248548 3.746814 0.036091
0.249054 3.721102 0.036709
0.249561 3.845858 0.037480
0.250068 3.869412 0.038027
0.250574 3.803751 0.035951
0.251081 3.835904 0.037430
0.251587 3.795327 0.037411
0.252094 3.788683 0.036543
0.252601 3.835872 0.037137
0.253107 3.846101 0.035889
0.253614 3.787595 0.037326
0.254120 3.895846 0.037147
0.254627 3.782444 0.036991
0.255134 3.809418 0.036246
0.255640 3.826511 0.036898
0.256147 3.778321 0.035944
0.256654 3.784656 0.035970
0.257160 3.817061 0.036136
0.257667 3.742155 0.035683
0.258173 3.795121 0.035903
0.258680 3.782116 0.036244
0.259187 3.747438 0.035427
0.259693 3.791904 0.035691
0.260200 3.781784 0.035557
0.260706 3.719637 0.035034
0.261213 3.773024 0.034565
0.261720 3.733321 0.034775
0.262226 3.726479 0.035164
0.262733 3.766954 0.033805
0.263239 3.748782 0.035244
0.263746 3.774294 0.035304
0.264253 3.772322 0.035269
0.264759 3.792184 0.035742
0.265266 3.784579 0.035319
0.265772 3.775563 0.034108
0.266279 3.749484 0.034330
0.266786 3.758779 0.034900
0.267292 3.757556 0.034632
0.267799 3.753815 0.034178
0.268305 3.785431 0.034002
0.268812 3.707197 0.033965
0.269319 3.766242 0.034315
0.269825 3.740650 0.034232
0.270332 3.756028 0.035089
0.270838 3.773657 0.034357
0.271345 3.751491 0.033629
0.271852 3.812455 0.034196
0.272358 3.718021 0.034153
0.272865 3.685752 0.033092
0.273371 3.658559 0.033677
0.273878 3.793593 0.033844
0.274385 3.730859 0.034566
0.274891 3.752036 0.034130
0.275398 3.801206 0.034414
0.275904 3.788321 0.034371
0.276411 3.801908 0.034090
0.276917 3.776042 0.033840
0.277424 3.685591 0.033086
0.277931 3.687902 0.033359
0.278437 3.738142 0.033402
0.278944 3.770055 0.033979
0.279450 3.761789 0.033826
0.279957 3.736835 0.033002
0.280464 3.704296 0.033512
0.280970 3.689809 0.032339
0.281477 3.722283 0.033411
0.281983 3.733131 0.033449
0.282490 3.696094 0.033524
0.282996 3.752717 0.033614
0.283503 3.743663 0.032374
0.284010 3.717989 0.033274
0.284516 3.730159 0.032857
0.285023 3.730482 0.033345
0.285529 3.679118 0.033240
0.286036 3.716802 0.032468
0.286542 3.664648 0.032563
0.287049 3.707647 0.032859
0.287556 3.710996 0.033070
0.288062 3.682934 0.032661
0.288569 3.735568 0.032607
0.289075 3.677013 0.032817
0.289582 3.697979 0.032752
0.290088 3.645057 0.032609
0.290595 3.647513 0.033256
0.291102 3.683245 0.033024
0.291608 3.702077 0.032719
0.292115 3.683684 0.033011
0.292621 3.647544 0.032982
0.293128 3.668885 0.032503
0.293634 3.632824 0.032862
0.294141 3.720535 0.033188
0.294647 3.692654 0.033053
0.295154 3.628216 0.032451
0.295661 3.705879 0.033469
0.296167 3.690213 0.033344
0.296674 3.616129 0.031963
0.297180 3.643205 0.033100
0.297687 3.522737 0.032230
0.298193 3.635569 0.032666
0.298700 3.637306 0.032286
0.299206 3.614600 0.032579
0.299713 3.636947 0.031818
0.300220 3.667675 0.032729
0.300726 3.672948 0.033451
0.301233 3.699020 0.033414
0.301739 3.686379 0.033634
0.302246 3.661088 0.032484
0.302752 3.610670 0.032806
0.303259 3.666921 0.033076
0.303765 3.618461 0.031493
0.304272 3.685213 0.032098
0.304779 3.609879 0.032583
0.305285 3.667142 0.032342
0.305792 3.607253 0.032619
0.306298 3.615648 0.032991
0.306805 3.648664 0.031955
0.307311 3.637979 0.033064
0.307818 3.636851 0.032359
0.308324 3.599923 0.032044
0.308831 3.630883 0.032180
0.309337 3.591436 0.032151
0.309844 3.567713 0.032485
0.310350 3.641370 0.033475
0.310857 3.619335 0.033984
0.311364 3.666894 0.033716
0.311870 3.606371 0.034589
0.312377 3.626408 0.034306
0.312883 3.627777 0.034248
0.313390 3.593595 0.034131
0.313896 3.575996 0.034766
0.314403 3.688057 0.034702
0.314909 3.559929 0.033627
0.315416 3.580409 0.035565
0.315922 3.584986 0.034839
0.316429 3.585469 0.034810
0.316935 3.670798 0.036150
0.317442 3.608793 0.034969
0.317948 3.611131 0.036465
0.318455 3.568433 0.035161
0.318961 3.621096 0.035385
0.319468 3.605311 0.035959
0.319975 3.586840 0.034407
0.320481 3.565075 0.035640
0.320988 3.575943 0.035978
0.321494 3.667061 0.037357
0.322001 3.582049 0.035149
0.322507 3.626691 0.036028
0.323014 3.697212 0.035798
0.323520 3.573969 0.034568
0.324027 3.611242 0.035793
0.324533 3.639181 0.035987
0.325040 3.661816 0.036150
0.325546 3.563495 0.035450
0.326053 3.560024 0.035205
0.326559 3.586532 0.035262
0.327066 3.595801 0.035237
0.327572 3.490294 0.035368
0.328079 3.615255 0.035466
0.328585 3.538207 0.035657
0.329092 3.583286 0.035470
0.329598 3.534638 0.035973
0.330105 3.510387 0.034538
0.330611 3.545049 0.034686
0.331118 3.635465 0.036928
0.331624 3.647118 0.035562
0.332131 3.597970 0.035234
0.332637 3.677740 0.036527
0.333144 3.648153 0.036218
0.333650 3.651122 0.036952
0.334157 3.622566 0.036442
0.334663 3.625834 0.036352
0.335170 3.646616 0.036068
0.335676 3.462667 0.035494
0.336183 3.565281 0.036296
0.336689 3.562124 0.035665
0.337196 3.592416 0.036217
0.337702 3.518718 0.036389
0.338209 3.582278 0.036830
0.338715 3.514167 0.036077
0.339222 3.543500 0.036212
0.339728 3.577156 0.036529
0.340235 3.566583 0.036872
0.340741 3.577528 0.036681
0.341248 3.628869 0.036648
0.341754 3.607672 0.037174
0.342261 3.631289 0.037079
0.342767 3.571519 0.036379
0.343274 3.555371 0.036295
0.343780 3.630632 0.036660
0.344287 3.607291 0.037295
0.344793 3.535488 0.035721
0.345300 3.612876 0.037309
0.345806 3.557246 0.036302
0.346313 3.509109 0.037007
0.346819 3.532520 0.036938
0.347325 3.534994 0.036329
0.347832 3.534457 0.037391
0.348338 3.609574 0.037014
0.348845 3.485429 0.036924
0.349351 3.578302 0.035873
0.349858 3.521904 0.036514
0.350364 3.564705 0.036993
0.350871 3.607501 0.037193
0.351377 3.553014 0.036599
0.351884 3.528777 0.036703
0.352390 3.561199 0.037594
0.352897 3.571022 0.037245
0.353403 3.601184 0.038037
0.353910 3.593706 0.036532
0.354416 3.581844 0.036749
0.354923 3.510546 0.036265
0.355429 3.529889 0.036067
0.355935 3.495760 0.034756
0.356442 3.545695 0.035722
0.356948 3.536517 0.034569
0.357455 3.495183 0.034559
0.357961 3.573376 0.035452
0.358468 3.523909 0.034725
0.358974 3.613522 0.034757
0.359481 3.551466 0.034789
0.359987 3.510246 0.035039
0.360494 3.556327 0.035045
0.361000 3.535829 0.036356
0.361506 3.551746 0.035716
0.362013 3.542025 0.035974
0.362519 3.530691 0.034826
0.363026 3.562096 0.035936
0.363532 3.483154 0.035239
0.364039 3.530698 0.036192
0.364545 3.489410 0.034971
0.365052 3.588147 0.035974
0.365558 3.511716 0.035299
0.366064 3.470724 0.035723
0.366571 3.543434 0.035699
0.367077 3.525399 0.036565
0.367584 3.489967 0.035663
0.368090 3.511288 0.036212
0.368597 3.476453 0.036379
0.369103 3.529699 0.037509
0.369610 3.459813 0.037564
0.370116 3.535396 0.038808
0.370622 3.472501 0.036990
0.371129 3.543738 0.037065
0.371635 3.433345 0.037879
0.372142 3.506045 0.037498
0.372648 3.469195 0.037854
0.373155 3.517802 0.037834
0.373661 3.513320 0.038200
0.374167 3.521627 0.038982
0.374674 3.517482 0.038329
0.375180 3.515274 0.037831
0.375687 3.471988 0.038186
0.376193 3.483022 0.039238
0.376700 3.425124 0.037118
0.377206 3.502365 0.038881
0.377712 3.442011 0.036813
0.378219 3.488337 0.038681
0.378725 3.489206 0.039037
0.379232 3.420090 0.039360
0.379738 3.427449 0.039253
0.380245 3.473882 0.038845
0.380751 3.457019 0.039459
0.381257 3.456041 0.039767
0.381764 3.418301 0.040800
0.382270 3.402649 0.039883
0.382777 3.476045 0.040460
0.383283 3.499520 0.040291
0.383789 3.446895 0.040381
0.384296 3.446219 0.041663
0.384802 3.447033 0.041591
0.385309 3.425604 0.042174
0.385815 3.466320 0.042336
0.386321 3.503345 0.042041
0.386828 3.433081 0.041727
0.387334 3.429378 0.043141
0.387841 3.448489 0.041333
0.388347 3.489385 0.042853
0.388853 3.375255 0.041273
0.389360 3.435307 0.043017
0.389866 3.440905 0.043487
0.390373 3.430142 0.044223
0.390879 3.473542 0.043460
0.391385 3.416083 0.042863
0.391892 3.383134 0.044372
0.392398 3.543070 0.043672
0.392905 3.397300 0.043863
0.393411 3.342159 0.044376
0.393917 3.463871 0.045388
0.394424 3.507788 0.048548
0.394930 3.408336 0.044138
0.395437 3.453201 0.046373
0.395943 3.497362 0.045779
0.396449 3.546614 0.047343
0.396956 3.407867 0.044967
0.397462 3.404471 0.047181
0.397969 3.470775 0.048503
0.398475 3.476735 0.045888
0.398981 3.405614 0.047190
0.399488 3.346683 0.045617
0.399994 3.447713 0.047446
0.400500 3.353779 0.046156
0.401007 3.401403 0.046346
0.401513 3.433858 0.049523
0.402020 3.280450 0.046018
0.402526 3.442302 0.047800
0.403032 3.366419 0.047804
0.403539 3.482445 0.049117
0.404045 3.391370 0.050375
0.404551 3.371279 0.048943
0.405058 3.421655 0.046146
0.405564 3.356432 0.048898
0.406071 3.348263 0.050223
0.406577 3.407114 0.047844
0.407083 3.423036 0.048569
0.407590 3.301678 0.049194
0.408096 3.346064 0.049443
0.408602 3.433100 0.049737
0.409109 3.277441 0.048847
0.409615 3.343856 0.049361
0.410121 3.396896 0.048622
0.410628 3.477310 0.050557
0.411134 3.298848 0.049635
0.411641 3.305903 0.050393
0.412147 3.452444 0.050554
0.412653 3.352966 0.049818
0.413160 3.351707 0.050177
0.413666 3.280619 0.050535
0.414172 3.227423 0.049263
0.414679 3.350300 0.050793
0.415185 3.356586 0.050973
0.415691 3.231447 0.052542
0.416198 3.358542 0.052204
0.416704 3.335233 0.051088
0.417210 3.383262 0.051893
0.417717 3.298629 0.051580
0.418223 3.278509 0.051889
0.418729 3.388499 0.052015
0.419236 3.369341 0.055146
0.419742 3.182573 0.052590
0.420248 3.303747 0.051371
0.420755 3.352044 0.052633
0.421261 3.340642 0.052384
0.421767 3.420084 0.053313
0.422274 3.289204 0.056420
0.422780 3.248757 0.053348
0.423286 3.330104 0.055032
0.423793 3.315231 0.053511
0.424299 3.283209 0.054699
0.424805 3.182180 0.053439
0.425312 3.234305 0.053103
0.425818 3.211518 0.053785
0.426324 3.294978 0.057551
0.426831 3.291258 0.056402
0.427337 3.322204 0.054847
0.427843 3.320760 0.057456
0.428350 3.352706 0.059850
0.428856 3.310370 0.058720
0.429362 3.379791 0.056631
0.429869 3.388041 0.060843
0.430375 3.348971 0.058269
0.430881 3.324279 0.057259
0.431388 3.348337 0.058583
0.431894 3.326522 0.063974
0.432400 3.323897 0.061479
0.432907 3.325107 0.061700
0.433413 3.253752 0.061925
0.433919 3.308520 0.064370
0.434425 3.405162 0.062317
0.434932 3.330354 0.065614
0.435438 3.303235 0.062430
0.435944 3.328516 0.063394
0.436451 3.367208 0.066006
0.436957 3.210625 0.066793
0.437463 3.338581 0.066571
0.437970 3.186106 0.067818
0.438476 3.265318 0.068706
0.438982 3.332400 0.064222
0.439488 3.343383 0.067545
0.439995 3.193341 0.066669
