0.009882 110.305955 24.702230
0.010389 73.750293 13.368350
0.010896 69.384920 13.888701
0.011402 57.182096 10.311180
0.011909 32.824735 6.216834
0.012416 35.584820 6.067161
0.012923 27.780996 3.865980
0.013430 23.648809 3.484499
0.013936 20.910408 2.545157
0.014443 19.641180 1.759780
0.014950 16.773579 0.949140
0.015457 16.246722 0.930080
0.015963 14.537640 0.644028
0.016470 13.282345 0.504741
0.016977 12.948712 0.442875
0.017484 11.817341 0.374409
0.017990 11.415140 0.311168
0.018497 10.445680 0.221280
0.019004 10.234590 0.226936
0.019511 9.425574 0.217528
0.020018 9.306264 0.197701
0.020524 8.591231 0.192031
0.021031 8.769378 0.200473
0.021538 8.119102 0.175875
0.022045 8.129975 0.163686
0.022551 7.508736 0.156000
0.023058 7.724182 0.161022
0.023565 7.267235 0.152305
0.024072 7.210686 0.136917
0.024579 7.058642 0.146051
0.025085 6.964156 0.137689
0.025592 6.738588 0.144466
0.026099 6.640500 0.123750
0.026606 6.605373 0.131114
0.027112 6.430560 0.119524
0.027619 6.314954 0.118847
0.028126 6.253144 0.121194
0.028633 6.383921 0.113641
0.029139 5.940832 0.116832
0.029646 6.035997 0.111489
0.030153 5.850204 0.112516
0.030660 5.903020 0.114100
0.031167 5.798042 0.114340
0.031673 5.733140 0.106756
0.032180 5.609094 0.104729
0.032687 5.670939 0.106929
0.033194 5.753668 0.101028
0.033700 5.748297 0.104938
0.034207 5.637989 0.100527
0.034714 5.390268 0.098245
0.035221 5.572488 0.098974
0.035727 5.391336 0.098678
0.036234 5.390471 0.096298
0.036741 5.370261 0.096348
0.037248 5.144328 0.092081
0.037755 5.427188 0.095250
0.038261 5.287712 0.091975
0.038768 5.299648 0.089209
0.039275 5.123899 0.089570
0.039782 5.104311 0.086882
0.040288 5.105919 0.087481
0.040795 5.122394 0.084374
0.041302 4.978520 0.085883
0.041809 5.130116 0.087496
0.042315 5.007875 0.087653
0.042822 5.148292 0.086151
0.043329 4.991472 0.084411
0.043836 4.994461 0.087940
0.044343 4.881654 0.082478
0.044849 4.983603 0.082888
0.045356 4.760264 0.083246
0.045863 4.941008 0.086666
0.046370 4.993693 0.081043
0.046876 4.905875 0.079792
0.047383 4.996443 0.078483
0.047890 4.875759 0.080576
0.048397 4.887747 0.077416
0.048903 4.863392 0.077566
0.049410 4.827087 0.076651
0.049917 4.730084 0.074673
0.050424 4.908212 0.077205
0.050931 4.938070 0.076522
0.051437 4.821708 0.073936
0.051944 4.899452 0.073948
0.052451 4.769002 0.076985
0.052958 4.777910 0.072186
0.053464 4.798012 0.072869
0.053971 4.817150 0.069037
0.054478 4.711477 0.071578
0.054985 4.807910 0.068343
0.055491 4.666466 0.070683
0.055998 4.816487 0.068747
0.056505 4.767042 0.070222
0.057012 4.731857 0.070912
0.057519 4.724629 0.068033
0.058025 4.675076 0.069950
0.058532 4.683546 0.070191
0.059039 4.722456 0.069536
0.059546 4.759949 0.069731
0.060052 4.756686 0.069292
0.060559 4.685886 0.067064
0.061066 4.675324 0.065817
0.061573 4.702138 0.065758
0.062079 4.735201 0.065953
0.062586 4.548566 0.065200
0.063093 4.593584 0.066195
0.063600 4.646462 0.063520
0.064106 4.531351 0.064768
0.064613 4.593438 0.067230
0.065120 4.598519 0.063913
0.065627 4.620769 0.060348
0.066134 4.565038 0.064917
0.066640 4.577500 0.061835
0.067147 4.483877 0.063936
0.067654 4.512110 0.063075
0.068161 4.671635 0.062684
0.068667 4.653578 0.062593
0.069174 4.453391 0.062424
0.069681 4.641428 0.064701
0.070188 4.612131 0.062442
0.070694 4.534824 0.060844
0.071201 4.498339 0.062764
0.071708 4.567798 0.062948
0.072215 4.465539 0.058720
0.072721 4.564478 0.062539
0.073228 4.576191 0.060795
0.073735 4.538494 0.058353
0.074242 4.444502 0.059746
0.074748 4.558522 0.059972
0.075255 4.561605 0.059158
0.075762 4.571675 0.058581
0.076269 4.559620 0.061129
0.076776 4.563934 0.058088
0.077282 4.504846 0.057804
0.077789 4.543112 0.055296
0.078296 4.588741 0.057850
0.078803 4.509256 0.055602
0.079309 4.500331 0.056553
0.079816 4.499148 0.059420
0.080323 4.423881 0.058329
0.080830 4.508127 0.058052
0.081336 4.499166 0.058978
0.081843 4.551499 0.060978
0.082350 4.518290 0.060046
0.082857 4.471314 0.056064
0.083363 4.510391 0.059990
0.083870 4.520339 0.059038
0.084377 4.439959 0.056522
0.084884 4.393681 0.059032
0.085390 4.427685 0.057083
0.085897 4.428046 0.059709
0.086404 4.437689 0.057346
0.086911 4.470334 0.059439
0.087417 4.449054 0.060181
0.087924 4.525792 0.059938
0.088431 4.379683 0.056646
0.088938 4.423734 0.059070
0.089444 4.388305 0.061024
0.089951 4.403082 0.057422
0.090458 4.389193 0.057948
0.090965 4.276833 0.058041
0.091471 4.360981 0.056873
0.091978 4.372298 0.057593
0.092485 4.328896 0.057849
0.092992 4.455061 0.059054
0.093498 4.266288 0.058646
0.094005 4.258578 0.056956
0.094512 4.410999 0.058022
0.095019 4.295801 0.057917
0.095525 4.330723 0.059467
0.096032 4.374081 0.059876
0.096539 4.427017 0.058572
0.097046 4.474429 0.058587
0.097552 4.431725 0.056684
0.098059 4.279413 0.056101
0.098566 4.429915 0.057135
0.099073 4.472423 0.058935
0.099579 4.325965 0.058167
0.100086 4.316173 0.055977
0.100593 4.441112 0.055487
0.101100 4.414434 0.057027
0.101606 4.430026 0.054901
0.102113 4.319927 0.057845
0.102620 4.327969 0.059473
0.103127 4.269589 0.056192
0.103633 4.355963 0.056051
0.104140 4.341341 0.057379
0.104647 4.456365 0.059503
0.105154 4.357733 0.058939
0.105660 4.326547 0.057838
0.106167 4.333435 0.059219
0.106674 4.323600 0.055210
0.107181 4.287213 0.053622
0.107687 4.281305 0.055794
0.108194 4.234365 0.054800
0.108701 4.274251 0.052864
0.109208 4.363471 0.054102
0.109714 4.295729 0.052972
0.110221 4.389057 0.052427
0.110728 4.221390 0.051969
0.111235 4.240253 0.051586
0.111741 4.248319 0.049856
0.112248 4.225897 0.052315
0.112755 4.311887 0.050963
0.113262 4.301257 0.051697
0.113768 4.369987 0.051531
0.114275 4.291403 0.051114
0.114782 4.363272 0.050788
0.115289 4.275317 0.051971
0.115795 4.276803 0.050222
0.116302 4.282462 0.049185
0.116809 4.228855 0.048481
0.117316 4.207492 0.049385
0.117822 4.226824 0.049049
0.118329 4.064634 0.048503
0.118836 4.242911 0.048343
0.119342 4.278656 0.050570
0.119849 4.291641 0.049065
0.120356 4.158388 0.049132
0.120863 4.188614 0.047698
0.121369 4.155919 0.047302
0.121876 4.267310 0.047639
0.122383 4.199285 0.046247
0.122890 4.214975 0.047052
0.123396 4.192252 0.046522
0.123903 4.257318 0.047395
0.124410 4.288364 0.046928
0.124917 4.234146 0.046975
0.125423 4.281867 0.047200
0.125930 4.128409 0.046326
0.126437 4.134708 0.045685
0.126944 4.195168 0.045502
0.127450 4.252941 0.047233
0.127957 4.214782 0.046148
0.128464 4.186279 0.045754
0.128970 4.269111 0.046693
0.129477 4.175579 0.046060
0.129984 4.171402 0.043719
0.130491 4.223885 0.046345
0.130997 4.275255 0.047591
0.131504 4.222725 0.044245
0.132011 4.215386 0.045902
0.132518 4.149227 0.043301
0.133024 4.171232 0.043559
0.133531 4.193376 0.043895
0.134038 4.215570 0.044649
0.134545 4.119424 0.043610
0.135051 4.212513 0.043859
0.135558 4.163273 0.042709
0.136065 4.143953 0.044039
0.136571 4.131946 0.042733
0.137078 4.236174 0.044411
0.137585 4.227881 0.043028
0.138092 4.260373 0.043430
0.138598 4.192882 0.042416
0.139105 4.218565 0.044174
0.139612 4.204624 0.041703
0.140119 4.216720 0.042981
0.140625 4.231372 0.042746
0.141132 4.157539 0.043020
0.141639 4.184429 0.042669
0.142145 4.179251 0.042760
0.142652 4.145617 0.043163
0.143159 4.171611 0.042540
0.143666 4.106811 0.042137
0.144172 4.115346 0.042063
0.144679 4.148424 0.042374
0.145186 4.113282 0.040717
0.145692 4.177484 0.041890
0.146199 4.058395 0.041470
0.146706 4.115203 0.040412
0.147213 4.086875 0.040136
0.147719 4.137554 0.040412
0.148226 4.100759 0.041368
0.148733 4.136518 0.041085
0.149240 4.255764 0.042685
0.149746 4.111981 0.042651
0.150253 4.109992 0.040963
0.150760 4.187882 0.041288
0.151266 4.064539 0.041454
0.151773 4.133570 0.041373
0.152280 4.065040 0.040125
0.152787 4.157263 0.041542
0.153293 4.106854 0.040646
0.153800 4.114397 0.039473
0.154307 4.117110 0.039871
0.154813 4.091116 0.039894
0.155320 4.089002 0.040975
0.155827 4.061724 0.040486
0.156334 4.113550 0.040100
0.156840 4.099132 0.039906
0.157347 4.096895 0.040273
0.157854 4.116623 0.039730
0.158360 4.098572 0.039699
0.158867 4.122074 0.039400
0.159374 4.087650 0.039538
0.159881 4.100236 0.039881
0.160387 4.048660 0.039422
0.160894 4.044941 0.038443
0.161401 4.095604 0.039098
0.161907 4.054182 0.039736
0.162414 4.039537 0.038839
0.162921 4.064414 0.039933
0.163427 4.105989 0.039650
0.163934 4.037995 0.038495
0.164441 4.017740 0.038599
0.164948 4.096559 0.038869
0.165454 4.011739 0.038087
0.165961 4.039231 0.038240
0.166468 4.037220 0.038213
0.166974 4.117334 0.039448
0.167481 4.133890 0.038760
0.167988 4.046731 0.037901
0.168495 4.048590 0.037731
0.169001 4.030714 0.037860
0.169508 4.092044 0.038637
0.170015 4.098599 0.038455
0.170521 4.015251 0.038354
0.171028 4.044453 0.038234
0.171535 4.070448 0.039836
0.172041 3.987960 0.038146
0.172548 4.035236 0.040060
0.173055 4.088979 0.039990
0.173562 4.073319 0.039739
0.174068 4.002351 0.039182
0.174575 4.040591 0.039615
0.175082 4.047678 0.038482
0.175588 4.034743 0.038948
0.176095 4.085569 0.040212
0.176602 4.045333 0.039206
0.177108 4.077748 0.040164
0.177615 4.006070 0.039490
0.178122 3.980909 0.039073
0.178629 4.018517 0.039177
0.179135 3.949277 0.039113
0.179642 3.996823 0.038713
0.180149 4.114714 0.038950
0.180655 4.008928 0.037226
0.181162 4.070603 0.039826
0.181669 3.943680 0.039048
0.182175 4.083867 0.039391
0.182682 3.926041 0.040265
0.183189 4.004391 0.039968
0.183695 4.049574 0.039668
0.184202 4.058286 0.039783
0.184709 4.013751 0.040335
0.185216 4.014660 0.039858
0.185722 3.997768 0.040641
0.186229 4.050928 0.041515
0.186736 4.037238 0.039899
0.187242 3.960071 0.040329
0.187749 3.975978 0.042029
0.188256 4.045021 0.041325
0.188762 3.982525 0.043420
0.189269 4.040146 0.041503
0.189776 3.936981 0.040874
0.190282 3.955076 0.041081
0.190789 4.054017 0.043391
0.191296 3.999432 0.042473
0.191802 3.972785 0.041139
0.192309 3.999534 0.041835
0.192816 4.003544 0.040478
0.193323 4.032427 0.042292
0.193829 3.987684 0.041877
0.194336 4.025089 0.041745
0.194843 4.008172 0.042020
0.195349 3.995465 0.041599
0.195856 4.007324 0.042923
0.196363 4.023018 0.041317
0.196869 3.976706 0.042195
0.197376 4.022366 0.041266
0.197883 3.987408 0.042486
0.198389 3.959282 0.041004
0.198896 3.923759 0.043616
0.199403 3.973436 0.043249
0.199909 4.040657 0.041641
0.200416 4.052296 0.042841
0.200923 3.981805 0.042296
0.201429 3.940951 0.042408
0.201936 3.971118 0.041948
0.202443 4.002190 0.044204
0.202949 3.958996 0.042122
0.203456 3.997152 0.041527
0.203963 4.020612 0.043695
0.204469 3.981858 0.042562
0.204976 3.958617 0.042195
0.205483 3.933576 0.043128
0.205989 3.996182 0.043207
0.206496 3.942807 0.042812
0.207003 3.976242 0.042019
0.207509 3.988625 0.043555
0.208016 3.937863 0.042754
0.208523 3.901028 0.041018
0.209029 3.879051 0.042452
0.209536 3.916837 0.042190
0.210043 3.967091 0.042358
0.210549 3.972533 0.043165
0.211056 3.885335 0.041919
0.211563 3.978089 0.041717
0.212069 3.968112 0.041757
0.212576 4.032427 0.043819
0.213083 3.909526 0.042457
0.213589 3.961919 0.041021
0.214096 3.921648 0.041856
0.214603 4.011395 0.042713
0.215109 4.011358 0.042318
0.215616 3.976627 0.042900
0.216123 3.882041 0.041306
0.216629 4.020343 0.044233
0.217136 3.955205 0.042595
0.217643 3.961245 0.043616
0.218149 3.897893 0.040904
0.218656 3.983834 0.042109
0.219163 3.919981 0.042134
0.219669 3.861152 0.043288
0.220176 3.906347 0.042233
0.220683 3.907569 0.042709
0.221189 3.975002 0.042145
0.221696 3.915902 0.042429
0.222203 3.906725 0.042154
0.222709 3.854928 0.041164
0.223216 3.935275 0.042360
0.223722 3.891284 0.040675
0.224229 3.870328 0.041431
0.224736 3.850840 0.041588
0.225242 3.900977 0.042282
0.225749 3.919092 0.042215
0.226256 3.928840 0.041406
0.226762 3.821325 0.041520
0.227269 3.922789 0.040642
0.227776 3.882768 0.040873
0.228282 3.812318 0.040639
0.228789 3.864937 0.040037
0.229296 3.916664 0.041241
0.229802 3.917899 0.040982
0.230309 3.934987 0.041793
0.230816 3.824367 0.039558
0.231322 3.927563 0.040868
0.231829 3.969351 0.040681
0.232335 3.896729 0.039674
0.232842 3.890544 0.040247
0.233349 3.850766 0.040818
0.233855 3.897351 0.039154
0.234362 3.889701 0.039566
0.234869 3.773601 0.037479
0.235375 3.850195 0.038953
0.235882 3.870502 0.040040
0.236389 3.893263 0.039241
0.236895 3.768131 0.038991
0.237402 3.906501 0.038905
0.237908 3.859258 0.038146
0.238415 3.828395 0.037761
0.238922 3.872797 0.038697
0.239428 3.915003 0.039619
0.239935 3.850920 0.038001
0.240442 3.798145 0.038197
0.240948 3.851239 0.039363
0.241455 3.838660 0.038989
0.241962 3.830082 0.037876
0.242468 3.856118 0.038807
0.242975 3.805715 0.038721
0.243481 3.817267 0.038486
0.243988 3.857693 0.038016
0.244495 3.848981 0.037560
0.245001 3.924274 0.038141
0.245508 3.770338 0.037360
0.246015 3.836279 0.036835
0.246521 3.840188 0.036481
0.247028 3.845274 0.037806
0.247534 3.864756 0.037618
0.248041 3.855823 0.037576
0.248548 3.887760 0.036832
0.249054 3.811896 0.037799
0.249561 3.835618 0.036923
0.250068 3.857376 0.037585
0.250574 3.804111 0.036513
0.251081 3.807947 0.036626
0.251587 3.742509 0.037987
0.252094 3.832926 0.037248
0.252601 3.802563 0.036011
0.253107 3.784825 0.035468
0.253614 3.802159 0.036264
0.254120 3.840151 0.036162
0.254627 3.739317 0.036270
0.255134 3.805517 0.036178
0.255640 3.733291 0.035521
0.256147 3.784977 0.036378
0.256654 3.729484 0.036467
0.257160 3.822209 0.035918
0.257667 3.771877 0.035265
0.258173 3.797532 0.035893
0.258680 3.767566 0.035657
0.259187 3.749722 0.035072
0.259693 3.773148 0.035593
0.260200 3.802736 0.035656
0.260706 3.793133 0.035789
0.261213 3.791897 0.035005
0.261720 3.826513 0.035759
0.262226 3.804149 0.035166
0.262733 3.755938 0.035390
0.263239 3.724261 0.035037
0.263746 3.754220 0.034813
0.264253 3.850036 0.035666
0.264759 3.814755 0.034890
0.265266 3.753274 0.034710
0.265772 3.771628 0.034049
0.266279 3.750465 0.035201
0.266786 3.728412 0.034807
0.267292 3.813139 0.035277
0.267799 3.753494 0.034488
0.268305 3.736726 0.034617
0.268812 3.738382 0.034267
0.269319 3.725187 0.034065
0.269825 3.727593 0.034539
0.270332 3.754746 0.034957
0.270838 3.772698 0.034623
0.271345 3.755339 0.034252
0.271852 3.753369 0.034158
0.272358 3.717389 0.034285
0.272865 3.714862 0.034251
0.273371 3.716780 0.034550
0.273878 3.709471 0.033648
0.274385 3.738772 0.033967
0.274891 3.735726 0.034613
0.275398 3.759455 0.034270
0.275904 3.710784 0.033882
0.276411 3.795498 0.032797
0.276917 3.773900 0.034200
0.277424 3.713045 0.032750
0.277931 3.812475 0.034284
0.278437 3.661737 0.032676
0.278944 3.740741 0.033395
0.279450 3.703845 0.034301
0.279957 3.726838 0.033203
0.280464 3.643852 0.033312
0.280970 3.728122 0.033246
0.281477 3.742611 0.033433
0.281983 3.687495 0.032840
0.282490 3.729027 0.032686
0.282996 3.664707 0.033881
0.283503 3.682449 0.032874
0.284010 3.743317 0.033006
0.284516 3.688136 0.033064
0.285023 3.691249 0.033040
0.285529 3.708100 0.033444
0.286036 3.680441 0.032187
0.286542 3.714081 0.033062
0.287049 3.664434 0.032706
0.287556 3.696677 0.032979
0.288062 3.683535 0.033106
0.288569 3.722344 0.032876
0.289075 3.625824 0.032165
0.289582 3.751192 0.032829
0.290088 3.692344 0.033036
0.290595 3.670057 0.032291
0.291102 3.682351 0.032763
0.291608 3.673924 0.032876
0.292115 3.674034 0.032967
0.292621 3.667317 0.032578
0.293128 3.707429 0.033008
0.293634 3.664037 0.033132
0.294141 3.650456 0.032764
0.294647 3.656701 0.032778
0.295154 3.700434 0.032871
0.295661 3.636824 0.033086
0.296167 3.731058 0.032372
0.296674 3.631919 0.032499
0.297180 3.623909 0.031979
0.297687 3.683628 0.033126
0.298193 3.670415 0.033155
0.298700 3.669740 0.033012
0.299206 3.643982 0.032878
0.299713 3.587843 0.032472
0.300220 3.660952 0.033205
0.300726 3.641718 0.033103
0.301233 3.597416 0.032575
0.301739 3.564002 0.032055
0.302246 3.625958 0.032773
0.302752 3.600305 0.032788
0.303259 3.606539 0.032292
0.303765 3.660400 0.032403
0.304272 3.689347 0.032800
0.304779 3.581595 0.032637
0.305285 3.594161 0.032409
0.305792 3.668586 0.033098
0.306298 3.576507 0.032883
0.306805 3.612797 0.032548
0.307311 3.698773 0.032864
0.307818 3.606383 0.032094
0.308324 3.632879 0.031964
0.308831 3.632627 0.032512
0.309337 3.624776 0.031688
0.309844 3.555517 0.032133
0.310350 3.593187 0.032758
0.310857 3.618902 0.032816
0.311364 3.618015 0.033169
0.311870 3.646016 0.033871
0.312377 3.590915 0.034097
0.312883 3.628103 0.034770
0.313390 3.620160 0.034384
0.313896 3.575661 0.034760
0.314403 3.640478 0.034126
0.314909 3.675332 0.034647
0.315416 3.559050 0.034940
0.315922 3.619310 0.034119
0.316429 3.603292 0.034960
0.316935 3.675332 0.034928
0.317442 3.584319 0.034983
0.317948 3.624129 0.035638
0.318455 3.621254 0.036044
0.318961 3.590416 0.035357
0.319468 3.621158 0.035698
0.319975 3.629683 0.035314
0.320481 3.599856 0.034708
0.320988 3.613036 0.036036
0.321494 3.620403 0.036339
0.322001 3.642285 0.035714
0.322507 3.612169 0.036450
0.323014 3.595056 0.035355
0.323520 3.603108 0.035406
0.324027 3.636585 0.035436
0.324533 3.594987 0.035707
0.325040 3.567074 0.035179
0.325546 3.640114 0.035107
0.326053 3.634120 0.036085
0.326559 3.633581 0.035652
0.327066 3.557151 0.034758
0.327572 3.627457 0.036317
0.328079 3.619050 0.036010
0.328585 3.544085 0.035739
0.329092 3.639236 0.036202
0.329598 3.612418 0.035631
0.330105 3.623127 0.036504
0.330611 3.602077 0.036188
0.331118 3.648284 0.036796
0.331624 3.565574 0.036115
0.332131 3.609505 0.036403
0.332637 3.575247 0.035835
0.333144 3.518835 0.035337
0.333650 3.576804 0.035850
0.334157 3.531361 0.036065
0.334663 3.592821 0.036256
0.335170 3.544747 0.036120
0.335676 3.572910 0.036088
0.336183 3.565448 0.035780
0.336689 3.619681 0.037466
0.337196 3.591673 0.035877
0.337702 3.518718 0.036037
0.338209 3.539677 0.036563
0.338715 3.610348 0.036275
0.339222 3.582665 0.035254
0.339728 3.560257 0.036584
0.340235 3.570006 0.036177
0.340741 3.589976 0.035497
0.341248 3.559177 0.035832
0.341754 3.571501 0.036419
0.342261 3.553279 0.036780
0.342767 3.561740 0.036551
0.343274 3.576246 0.036037
0.343780 3.581288 0.036961
0.344287 3.521321 0.035959
0.344793 3.506512 0.035698
0.345300 3.524606 0.035808
0.345806 3.529387 0.036759
0.346313 3.524412 0.037514
0.346819 3.567389 0.036534
0.347325 3.627156 0.037367
0.347832 3.585754 0.037348
0.348338 3.546031 0.036245
0.348845 3.517600 0.036925
0.349351 3.561634 0.037243
0.349858 3.578939 0.037495
0.350364 3.582634 0.036636
0.350871 3.563627 0.037274
0.351377 3.520185 0.038370
0.351884 3.526054 0.036251
0.352390 3.571864 0.037368
0.352897 3.548484 0.037051
0.353403 3.531524 0.037489
0.353910 3.551820 0.037214
0.354416 3.559386 0.036793
0.354923 3.523126 0.036801
0.355429 3.491627 0.034736
0.355935 3.532642 0.035602
0.356442 3.521634 0.035764
0.356948 3.557206 0.034795
0.357455 3.531552 0.034412
0.357961 3.541499 0.034581
0.358468 3.555691 0.035506
0.358974 3.478107 0.033507
0.359481 3.560819 0.034930
0.359987 3.577540 0.036063
0.360494 3.469329 0.035288
0.361000 3.478508 0.034965
0.361506 3.538072 0.036069
0.362013 3.515365 0.035067
0.362519 3.572177 0.035400
0.363026 3.463830 0.035438
0.363532 3.520994 0.035574
0.364039 3.499409 0.034281
0.364545 3.496368 0.035122
0.365052 3.501466 0.036001
0.365558 3.445175 0.034808
0.366064 3.562176 0.035768
0.366571 3.513041 0.035447
0.367077 3.535026 0.036239
0.367584 3.448556 0.035702
0.368090 3.517752 0.036586
0.368597 3.543831 0.037461
0.369103 3.503253 0.036927
0.369610 3.487985 0.038038
0.370116 3.474114 0.037067
0.370622 3.495243 0.037350
0.371129 3.468809 0.037132
0.371635 3.549489 0.037071
0.372142 3.473627 0.037907
0.372648 3.499798 0.037369
0.373155 3.492462 0.037786
0.373661 3.510239 0.037620
0.374167 3.504162 0.037586
0.374674 3.453683 0.038602
0.375180 3.497758 0.038026
0.375687 3.492107 0.038700
0.376193 3.491774 0.038463
0.376700 3.493566 0.038507
0.377206 3.381050 0.038651
0.377712 3.499686 0.038894
0.378219 3.467228 0.039013
0.378725 3.511272 0.039099
0.379232 3.493407 0.038874
0.379738 3.492031 0.040619
0.380245 3.484077 0.041512
0.380751 3.487254 0.039300
0.381257 3.483833 0.039598
0.381764 3.515150 0.040608
0.382270 3.455481 0.042223
0.382777 3.466489 0.040915
0.383283 3.463238 0.040909
0.383789 3.511560 0.041768
0.384296 3.511252 0.040025
0.384802 3.521751 0.042209
0.385309 3.490592 0.041433
0.385815 3.445619 0.041628
0.386321 3.511615 0.041512
0.386828 3.516815 0.043125
0.387334 3.524184 0.042724
0.387841 3.486260 0.042081
0.388347 3.536771 0.043523
0.388853 3.427551 0.041291
0.389360 3.410745 0.043647
0.389866 3.509058 0.043052
0.390373 3.414563 0.043838
0.390879 3.411713 0.042873
0.391385 3.473840 0.042906
0.391892 3.420974 0.044007
0.392398 3.392868 0.044174
0.392905 3.384603 0.043712
0.393411 3.463188 0.044133
0.393917 3.423462 0.044815
0.394424 3.391541 0.049971
0.394930 3.486467 0.045385
0.395437 3.387479 0.045289
0.395943 3.388498 0.046920
0.396449 3.400779 0.044495
0.396956 3.413520 0.046392
0.397462 3.416632 0.045825
0.397969 3.432875 0.046080
0.398475 3.449749 0.046907
0.398981 3.462032 0.046743
0.399488 3.414902 0.048012
0.399994 3.437023 0.047902
0.400500 3.333134 0.047065
0.401007 3.283587 0.046415
0.401513 3.396003 0.047494
0.402020 3.484451 0.048083
0.402526 3.397074 0.047216
0.403032 3.402210 0.047129
0.403539 3.347386 0.047277
0.404045 3.430094 0.048800
0.404551 3.443577 0.048615
0.405058 3.393064 0.048881
0.405564 3.362171 0.049289
0.406071 3.340258 0.048836
0.406577 3.371865 0.049585
0.407083 3.447761 0.049335
0.407590 3.274416 0.048206
0.408096 3.431348 0.050034
0.408602 3.445813 0.050156
0.409109 3.385365 0.051067
0.409615 3.316651 0.050563
0.410121 3.389183 0.049612
0.410628 3.320439 0.050285
0.411134 3.322326 0.050817
0.411641 3.325548 0.049642
0.412147 3.403435 0.051362
0.412653 3.365980 0.049485
0.413160 3.412015 0.049673
0.413666 3.418003 0.052342
0.414172 3.389186 0.051611
0.414679 3.333987 0.051398
0.415185 3.429573 0.051987
0.415691 3.299961 0.052958
0.416198 3.382306 0.053704
0.416704 3.273853 0.051339
0.417210 3.289839 0.054472
0.417717 3.369197 0.054761
0.418223 3.334489 0.051121
0.418729 3.279941 0.050992
0.419236 3.341990 0.052313
0.419742 3.360507 0.053977
0.420248 3.273901 0.052289
0.420755 3.248300 0.052467
0.421261 3.375788 0.053990
0.421767 3.366685 0.053162
0.422274 3.330683 0.052945
0.422780 3.410561 0.054072
0.423286 3.357281 0.056029
0.423793 3.331474 0.055124
0.424299 3.381846 0.055309
0.424805 3.287935 0.056941
0.425312 3.267658 0.056148
0.425818 3.376210 0.055907
0.426324 3.306046 0.059547
0.426831 3.456962 0.059643
0.427337 3.320264 0.055743
0.427843 3.301352 0.057473
0.428350 3.372254 0.056675
0.428856 3.382313 0.058059
0.429362 3.368404 0.059028
0.429869 3.336641 0.059439
0.430375 3.346752 0.062932
0.430881 3.309262 0.058710
0.431388 3.305025 0.059716
0.431894 3.344031 0.061005
0.432400 3.260507 0.063588
0.432907 3.230598 0.058966
0.433413 3.269606 0.064013
0.433919 3.303665 0.061566
0.434425 3.401560 0.064200
0.434932 3.306840 0.062040
0.435438 3.352865 0.066541
0.435944 3.235879 0.065691
0.436451 3.372375 0.064176
0.436957 3.388016 0.067381
0.437463 3.389437 0.066739
0.437970 3.266543 0.065520
0.438476 3.276544 0.065177
0.438982 3.218039 0.064525
0.439488 3.236476 0.069574
0.439995 3.284538 0.070385
