0.009882 111.194847 24.464532
0.010389 65.744942 14.752206
0.010896 71.250313 14.104828
0.011402 58.454829 10.984424
0.011909 33.000174 6.287917
0.012416 40.454777 6.673079
0.012923 27.589214 3.469690
0.013430 23.946109 3.753834
0.013936 21.192462 2.471841
0.014443 18.649719 1.736599
0.014950 16.492326 1.009479
0.015457 14.924272 0.822338
0.015963 14.506389 0.732332
0.016470 13.500138 0.530397
0.016977 12.195535 0.473112
0.017484 11.271869 0.402726
0.017990 11.204117 0.277114
0.018497 10.579345 0.227038
0.019004 10.234590 0.241311
0.019511 9.679964 0.224230
0.020018 8.840951 0.186904
0.020524 8.583133 0.184026
0.021031 8.405000 0.201357
0.021538 7.985271 0.179751
0.022045 8.021201 0.173390
0.022551 7.635887 0.169938
0.023058 7.243653 0.151968
0.023565 7.149220 0.156176
0.024072 7.031115 0.155534
0.024579 6.815946 0.145598
0.025085 6.651129 0.132910
0.025592 6.686816 0.136759
0.026099 6.569653 0.130167
0.026606 6.730052 0.127776
0.027112 6.491322 0.126503
0.027619 6.465080 0.124571
0.028126 6.496650 0.123293
0.028633 6.072284 0.114094
0.029139 5.984213 0.118569
0.029646 6.199314 0.120877
0.030153 5.884988 0.109412
0.030660 5.728068 0.106203
0.031167 5.791520 0.106458
0.031673 5.886355 0.108314
0.032180 5.592964 0.094778
0.032687 5.535580 0.109341
0.033194 5.557965 0.100631
0.033700 5.718999 0.109997
0.034207 5.528550 0.101051
0.034714 5.599150 0.100263
0.035221 5.461371 0.098069
0.035727 5.355620 0.090537
0.036234 5.287018 0.095983
0.036741 5.286487 0.098652
0.037248 5.419049 0.094927
0.037755 5.233900 0.088500
0.038261 5.248595 0.092903
0.038768 5.340769 0.092616
0.039275 5.245897 0.092957
0.039782 5.059508 0.086772
0.040288 5.198724 0.090620
0.040795 5.238207 0.090744
0.041302 5.064195 0.090273
0.041809 5.140804 0.085626
0.042315 5.066614 0.088042
0.042822 5.024023 0.083315
0.043329 5.077404 0.085059
0.043836 4.998892 0.083053
0.044343 5.071613 0.082460
0.044849 4.850725 0.085069
0.045356 5.010284 0.086419
0.045863 4.880229 0.081540
0.046370 5.040740 0.081463
0.046876 4.720772 0.081627
0.047383 4.829103 0.081687
0.047890 4.774700 0.078957
0.048397 4.958997 0.079147
0.048903 4.831664 0.075475
0.049410 4.825831 0.076225
0.049917 4.717737 0.076174
0.050424 4.739866 0.077581
0.050931 4.821780 0.075657
0.051437 4.783563 0.074332
0.051944 4.932358 0.073786
0.052451 4.737973 0.075066
0.052958 4.835586 0.070614
0.053464 4.822042 0.074933
0.053971 4.776777 0.072302
0.054478 4.777581 0.074054
0.054985 4.672037 0.071400
0.055491 4.626824 0.072671
0.055998 4.728241 0.072035
0.056505 4.640699 0.070816
0.057012 4.645123 0.069313
0.057519 4.774419 0.072072
0.058025 4.658052 0.067975
0.058532 4.741481 0.069524
0.059039 4.555939 0.068142
0.059546 4.785557 0.069711
0.060052 4.669325 0.064958
0.060559 4.761808 0.069130
0.061066 4.667339 0.067658
0.061573 4.688609 0.064100
0.062079 4.587892 0.064111
0.062586 4.643348 0.067200
0.063093 4.626313 0.064827
0.063600 4.601469 0.065359
0.064106 4.603367 0.064415
0.064613 4.661801 0.066650
0.065120 4.558475 0.067147
0.065627 4.694418 0.062134
0.066134 4.603330 0.061315
0.066640 4.773382 0.064897
0.067147 4.530620 0.064469
0.067654 4.624347 0.064851
0.068161 4.684912 0.065248
0.068667 4.579333 0.061313
0.069174 4.574388 0.062451
0.069681 4.560961 0.063644
0.070188 4.618953 0.063882
0.070694 4.508834 0.058340
0.071201 4.539025 0.061412
0.071708 4.469116 0.059827
0.072215 4.458958 0.059926
0.072721 4.504266 0.059974
0.073228 4.599659 0.060703
0.073735 4.596014 0.060016
0.074242 4.526185 0.057822
0.074748 4.550416 0.060338
0.075255 4.574367 0.058454
0.075762 4.481794 0.058025
0.076269 4.501013 0.058518
0.076776 4.471931 0.058818
0.077282 4.470591 0.058871
0.077789 4.533936 0.057386
0.078296 4.561295 0.057322
0.078803 4.493650 0.057554
0.079309 4.581390 0.057116
0.079816 4.507778 0.059170
0.080323 4.442607 0.059277
0.080830 4.543850 0.058040
0.081336 4.508700 0.058213
0.081843 4.420140 0.059241
0.082350 4.501181 0.058887
0.082857 4.428063 0.059418
0.083363 4.549508 0.057668
0.083870 4.457424 0.058369
0.084377 4.476332 0.060124
0.084884 4.491622 0.058771
0.085390 4.479628 0.057742
0.085897 4.437446 0.058618
0.086404 4.400318 0.058656
0.086911 4.463956 0.058577
0.087417 4.380391 0.056685
0.087924 4.403180 0.059364
0.088431 4.495042 0.057253
0.088938 4.516749 0.059861
0.089444 4.478872 0.059133
0.089951 4.354305 0.057152
0.090458 4.488521 0.059149
0.090965 4.384121 0.059848
0.091471 4.393868 0.057619
0.091978 4.333703 0.057987
0.092485 4.433013 0.058463
0.092992 4.350651 0.058629
0.093498 4.427280 0.057985
0.094005 4.330596 0.057502
0.094512 4.422462 0.057346
0.095019 4.338189 0.057960
0.095525 4.458874 0.059736
0.096032 4.328014 0.058003
0.096539 4.331091 0.056800
0.097046 4.473662 0.058436
0.097552 4.304248 0.056436
0.098059 4.290620 0.056500
0.098566 4.383825 0.056797
0.099073 4.411563 0.057997
0.099579 4.273274 0.055758
0.100086 4.289397 0.056222
0.100593 4.428383 0.056477
0.101100 4.307676 0.055560
0.101606 4.405907 0.056882
0.102113 4.316200 0.054644
0.102620 4.335867 0.058667
0.103127 4.302228 0.055472
0.103633 4.356754 0.057387
0.104140 4.271150 0.057095
0.104647 4.423384 0.057783
0.105154 4.351515 0.057189
0.105660 4.302855 0.056944
0.106167 4.328829 0.056924
0.106674 4.365696 0.055100
0.107181 4.363950 0.055013
0.107687 4.397194 0.055290
0.108194 4.205559 0.053223
0.108701 4.244966 0.053393
0.109208 4.322986 0.053574
0.109714 4.343815 0.053965
0.110221 4.363421 0.053819
0.110728 4.182734 0.051690
0.111235 4.279539 0.052342
0.111741 4.241169 0.053037
0.112248 4.249868 0.050124
0.112755 4.207956 0.050761
0.113262 4.274166 0.050200
0.113768 4.344285 0.051699
0.114275 4.290171 0.051913
0.114782 4.275242 0.049258
0.115289 4.304954 0.053430
0.115795 4.245012 0.049488
0.116302 4.230120 0.050231
0.116809 4.265603 0.050774
0.117316 4.283918 0.048940
0.117822 4.165127 0.049211
0.118329 4.186666 0.047064
0.118836 4.228197 0.047732
0.119342 4.182525 0.047146
0.119849 4.140178 0.048026
0.120356 4.243921 0.048741
0.120863 4.232822 0.047770
0.121369 4.218490 0.047185
0.121876 4.225087 0.048528
0.122383 4.195581 0.048007
0.122890 4.255397 0.049624
0.123396 4.138387 0.045522
0.123903 4.257318 0.048629
0.124410 4.224757 0.047621
0.124917 4.203391 0.046436
0.125423 4.169565 0.047817
0.125930 4.286514 0.048091
0.126437 4.216038 0.046685
0.126944 4.236084 0.046120
0.127450 4.261323 0.045840
0.127957 4.184146 0.046171
0.128464 4.217759 0.045358
0.128970 4.149508 0.045475
0.129477 4.182619 0.045611
0.129984 4.246025 0.045102
0.130491 4.337550 0.045638
0.130997 4.187049 0.044248
0.131504 4.210039 0.044361
0.132011 4.208525 0.045142
0.132518 4.235861 0.045386
0.133024 4.197041 0.045927
0.133531 4.184712 0.043152
0.134038 4.227632 0.044109
0.134545 4.157822 0.043608
0.135051 4.240848 0.043775
0.135558 4.214836 0.043737
0.136065 4.083759 0.042890
0.136571 4.147786 0.043788
0.137078 4.217161 0.043810
0.137585 4.261224 0.044118
0.138092 4.201640 0.043812
0.138598 4.107313 0.042765
0.139105 4.147935 0.043380
0.139612 4.114222 0.041266
0.140119 4.217174 0.043278
0.140625 4.196073 0.044157
0.141132 4.229405 0.042867
0.141639 4.186569 0.043616
0.142145 4.157071 0.042683
0.142652 4.189124 0.042645
0.143159 4.092063 0.042151
0.143666 4.185604 0.041428
0.144172 4.197479 0.042446
0.144679 4.113230 0.041076
0.145186 4.136917 0.040865
0.145692 4.124152 0.041492
0.146199 4.205121 0.040186
0.146706 4.136731 0.041155
0.147213 4.184374 0.041870
0.147719 4.128117 0.040792
0.148226 4.091909 0.041017
0.148733 4.086242 0.042332
0.149240 4.130865 0.041827
0.149746 4.148567 0.041214
0.150253 4.092314 0.040476
0.150760 4.092185 0.041038
0.151266 4.106981 0.038573
0.151773 4.090342 0.040863
0.152280 4.117933 0.040973
0.152787 4.184448 0.040512
0.153293 4.086821 0.040710
0.153800 4.069841 0.039965
0.154307 4.043252 0.039816
0.154813 4.114393 0.040676
0.155320 4.131681 0.039499
0.155827 4.044772 0.039316
0.156334 4.081591 0.039722
0.156840 4.172758 0.040082
0.157347 4.103230 0.039317
0.157854 4.106767 0.039333
0.158360 4.084823 0.039252
0.158867 4.133772 0.039455
0.159374 4.154459 0.040008
0.159881 4.070496 0.039410
0.160387 4.027905 0.038731
0.160894 4.088102 0.039253
0.161401 4.036474 0.038998
0.161907 4.096967 0.039302
0.162414 4.055140 0.038963
0.162921 4.072377 0.039717
0.163427 4.067894 0.038302
0.163934 4.045135 0.038473
0.164441 4.097839 0.039361
0.164948 4.084223 0.038978
0.165454 4.013610 0.038000
0.165961 4.015321 0.037523
0.166468 4.033880 0.038260
0.166974 4.068429 0.038098
0.167481 4.009170 0.038523
0.167988 4.016334 0.036417
0.168495 4.031368 0.038125
0.169001 3.986922 0.037914
0.169508 4.017678 0.038627
0.170015 4.003345 0.038720
0.170521 3.977690 0.038455
0.171028 4.052128 0.039170
0.171535 4.089981 0.038669
0.172041 4.023563 0.038626
0.172548 4.057320 0.038839
0.173055 3.990084 0.038285
0.173562 4.076770 0.038172
0.174068 3.976408 0.039746
0.174575 4.062782 0.039383
0.175082 4.046146 0.039607
0.175588 4.002459 0.038107
0.176095 4.049853 0.038023
0.176602 4.021587 0.039622
0.177108 4.057980 0.039658
0.177615 4.001406 0.039704
0.178122 3.956498 0.039326
0.178629 4.030137 0.039220
0.179135 4.014728 0.039705
0.179642 4.091217 0.039443
0.180149 3.968489 0.038595
0.180655 4.106820 0.039689
0.181162 4.037054 0.039958
0.181669 4.054111 0.039671
0.182175 3.997451 0.039856
0.182682 4.060427 0.039661
0.183189 4.006872 0.039482
0.183695 4.032174 0.039941
0.184202 4.003172 0.040593
0.184709 3.962650 0.042035
0.185216 4.118100 0.040914
0.185722 3.971183 0.040973
0.186229 4.020137 0.041527
0.186736 3.993383 0.041096
0.187242 4.015717 0.040804
0.187749 4.036286 0.040484
0.188256 3.972161 0.041522
0.188762 3.978617 0.039247
0.189269 4.057653 0.041509
0.189776 3.932554 0.041414
0.190282 4.008707 0.041147
0.190789 4.011375 0.041988
0.191296 4.009716 0.041273
0.191802 4.018628 0.041036
0.192309 3.993317 0.043147
0.192816 3.904653 0.041175
0.193323 3.985964 0.042632
0.193829 4.053056 0.041396
0.194336 3.987551 0.041361
0.194843 3.985494 0.042408
0.195349 4.010487 0.043171
0.195856 4.018643 0.042061
0.196363 3.924570 0.041497
0.196869 3.947843 0.043284
0.197376 4.006059 0.042449
0.197883 3.998800 0.043370
0.198389 4.030470 0.042603
0.198896 4.011188 0.042511
0.199403 3.942053 0.041417
0.199909 4.011726 0.042148
0.200416 4.018220 0.042017
0.200923 4.102788 0.043911
0.201429 3.951077 0.041450
0.201936 3.987340 0.042732
0.202443 3.965920 0.042970
0.202949 3.997201 0.042407
0.203456 3.965112 0.041867
0.203963 3.997044 0.042148
0.204469 3.906992 0.041593
0.204976 4.089346 0.044045
0.205483 3.962794 0.041690
0.205989 3.898250 0.041911
0.206496 4.020610 0.043148
0.207003 4.017905 0.042523
0.207509 3.977224 0.043307
0.208016 3.967785 0.042303
0.208523 3.938893 0.042672
0.209029 3.948817 0.040451
0.209536 3.944607 0.043396
0.210043 3.917103 0.042107
0.210549 4.001719 0.044005
0.211056 3.949933 0.042577
0.211563 3.961324 0.042590
0.212069 3.957465 0.042102
0.212576 3.990100 0.045133
0.213083 3.912354 0.043519
0.213589 3.893690 0.041995
0.214096 3.929503 0.042150
0.214603 3.891105 0.042107
0.215109 3.919403 0.041514
0.215616 3.945106 0.042823
0.216123 3.977830 0.043189
0.216629 3.933213 0.041246
0.217136 3.973791 0.041333
0.217643 3.905434 0.042130
0.218149 3.894180 0.042266
0.218656 3.901216 0.041618
0.219163 3.901848 0.040554
0.219669 3.842222 0.041892
0.220176 3.907767 0.042113
0.220683 3.909822 0.041214
0.221189 3.978625 0.042577
0.221696 3.953330 0.041355
0.222203 3.932416 0.041812
0.222709 3.895492 0.040667
0.223216 3.917953 0.041702
0.223722 3.875152 0.041966
0.224229 3.874319 0.041477
0.224736 3.959719 0.041602
0.225242 3.899672 0.041915
0.225749 3.914713 0.041029
0.226256 3.860641 0.041610
0.226762 3.856077 0.041469
0.227269 3.920166 0.040719
0.227776 3.840856 0.041666
0.228282 3.896678 0.042071
0.228789 3.850572 0.040585
0.229296 3.837433 0.040084
0.229802 3.841282 0.040164
0.230309 3.904386 0.041685
0.230816 3.933877 0.040733
0.231322 3.895459 0.039929
0.231829 3.828558 0.039958
0.232335 3.865003 0.040864
0.232842 3.902867 0.039550
0.233349 3.854873 0.039998
0.233855 3.860774 0.038703
0.234362 3.859886 0.039827
0.234869 3.824826 0.038891
0.235375 3.833001 0.038003
0.235882 3.751905 0.038930
0.236389 3.831680 0.038238
0.236895 3.852868 0.039412
0.237402 3.942337 0.040426
0.237908 3.873217 0.039741
0.238415 3.770491 0.039198
0.238922 3.820425 0.037898
0.239428 3.773129 0.038112
0.239935 3.861873 0.038403
0.240442 3.829441 0.039031
0.240948 3.886783 0.038838
0.241455 3.810257 0.037950
0.241962 3.821188 0.038199
0.242468 3.839071 0.038237
0.242975 3.831246 0.038684
0.243481 3.786537 0.037404
0.243988 3.761854 0.037712
0.244495 3.813945 0.036577
0.245001 3.847898 0.037594
0.245508 3.808240 0.038245
0.246015 3.799392 0.037555
0.246521 3.789329 0.037301
0.247028 3.821603 0.038544
0.247534 3.814026 0.037473
0.248041 3.927471 0.038173
0.248548 3.784252 0.037331
0.249054 3.720734 0.036721
0.249561 3.815869 0.036960
0.250068 3.811595 0.037286
0.250574 3.739031 0.036284
0.251081 3.737873 0.036618
0.251587 3.864787 0.037104
0.252094 3.781489 0.037065
0.252601 3.854138 0.036242
0.253107 3.889563 0.036809
0.253614 3.820798 0.036099
0.254120 3.762953 0.036354
0.254627 3.764769 0.036495
0.255134 3.754805 0.036284
0.255640 3.825818 0.035736
0.256147 3.723674 0.035648
0.256654 3.764274 0.035253
0.257160 3.808137 0.035080
0.257667 3.791576 0.035469
0.258173 3.780656 0.036554
0.258680 3.775718 0.033751
0.259187 3.771164 0.034903
0.259693 3.779969 0.034873
0.260200 3.821284 0.035509
0.260706 3.817407 0.035070
0.261213 3.755835 0.035299
0.261720 3.799671 0.035636
0.262226 3.771675 0.034881
0.262733 3.772585 0.035449
0.263239 3.779686 0.034071
0.263746 3.828494 0.035474
0.264253 3.743573 0.034126
0.264759 3.753681 0.035418
0.265266 3.789851 0.034506
0.265772 3.756789 0.034663
0.266279 3.778256 0.035121
0.266786 3.787459 0.034956
0.267292 3.811494 0.036031
0.267799 3.807725 0.035007
0.268305 3.722534 0.034712
0.268812 3.731560 0.034968
0.269319 3.779536 0.034325
0.269825 3.714855 0.033421
0.270332 3.815301 0.034843
0.270838 3.804976 0.034779
0.271345 3.716417 0.032809
0.271852 3.771379 0.033748
0.272358 3.706014 0.033660
0.272865 3.756180 0.033133
0.273371 3.708329 0.033672
0.273878 3.730345 0.034396
0.274385 3.759353 0.033949
0.274891 3.774809 0.033897
0.275398 3.709663 0.033633
0.275904 3.729485 0.034769
0.276411 3.762229 0.033450
0.276917 3.807557 0.034795
0.277424 3.738059 0.034112
0.277931 3.718816 0.032643
0.278437 3.764744 0.033495
0.278944 3.702174 0.033883
0.279450 3.772768 0.033518
0.279957 3.718962 0.033531
0.280464 3.698857 0.032447
0.280970 3.710625 0.033524
0.281477 3.691334 0.033463
0.281983 3.788742 0.034130
0.282490 3.713014 0.032408
0.282996 3.657703 0.032803
0.283503 3.711856 0.032807
0.284010 3.682411 0.032214
0.284516 3.699749 0.033140
0.285023 3.704134 0.032147
0.285529 3.702062 0.032177
0.286036 3.748692 0.033100
0.286542 3.722572 0.033307
0.287049 3.706747 0.032682
0.287556 3.699362 0.033404
0.288062 3.698877 0.033407
0.288569 3.727453 0.033387
0.289075 3.693046 0.032190
0.289582 3.683233 0.033105
0.290088 3.692042 0.033100
0.290595 3.717619 0.033020
0.291102 3.719311 0.033265
0.291608 3.689499 0.033345
0.292115 3.743012 0.033066
0.292621 3.669713 0.033956
0.293128 3.602253 0.031624
0.293634 3.701310 0.032590
0.294141 3.657975 0.033141
0.294647 3.686662 0.033209
0.295154 3.667852 0.033547
0.295661 3.598268 0.033069
0.296167 3.669190 0.032038
0.296674 3.637922 0.033109
0.297180 3.680493 0.033460
0.297687 3.654538 0.033164
0.298193 3.609286 0.032743
0.298700 3.593724 0.032904
0.299206 3.645481 0.033069
0.299713 3.668194 0.033072
0.300220 3.677866 0.032641
0.300726 3.626847 0.032838
0.301233 3.621575 0.032634
0.301739 3.604552 0.032284
0.302246 3.649849 0.032490
0.302752 3.645021 0.032439
0.303259 3.644612 0.032531
0.303765 3.660987 0.031953
0.304272 3.619664 0.032319
0.304779 3.658110 0.033329
0.305285 3.624700 0.032719
0.305792 3.638066 0.031948
0.306298 3.633085 0.031806
0.306805 3.658071 0.031767
0.307311 3.650840 0.032328
0.307818 3.587047 0.032092
0.308324 3.642589 0.032499
0.308831 3.620129 0.031763
0.309337 3.649051 0.032329
0.309844 3.641874 0.032556
0.310350 3.614512 0.033179
0.310857 3.653166 0.033815
0.311364 3.591818 0.033686
0.311870 3.637892 0.033618
0.312377 3.638225 0.034051
0.312883 3.603160 0.034001
0.313390 3.684803 0.034532
0.313896 3.620939 0.034560
0.314403 3.646509 0.034802
0.314909 3.556218 0.034515
0.315416 3.580065 0.034439
0.315922 3.632564 0.034931
0.316429 3.648660 0.035679
0.316935 3.611519 0.036064
0.317442 3.616785 0.035682
0.317948 3.627256 0.035400
0.318455 3.670176 0.035890
0.318961 3.630682 0.036337
0.319468 3.555496 0.034656
0.319975 3.641843 0.035932
0.320481 3.594145 0.035797
0.320988 3.624450 0.035809
0.321494 3.655134 0.038823
0.322001 3.607355 0.035539
0.322507 3.611454 0.035856
0.323014 3.575114 0.035518
0.323520 3.589416 0.034820
0.324027 3.603389 0.035647
0.324533 3.597461 0.035311
0.325040 3.610747 0.035421
0.325546 3.660850 0.035251
0.326053 3.591821 0.035958
0.326559 3.558093 0.034415
0.327066 3.652179 0.036210
0.327572 3.580900 0.035382
0.328079 3.609887 0.035648
0.328585 3.579457 0.035812
0.329092 3.567864 0.035016
0.329598 3.588066 0.036353
0.330105 3.616664 0.035308
0.330611 3.598281 0.036109
0.331118 3.601770 0.036532
0.331624 3.586383 0.035991
0.332131 3.606982 0.034982
0.332637 3.635345 0.035894
0.333144 3.594363 0.035523
0.333650 3.579569 0.035726
0.334157 3.562129 0.036470
0.334663 3.550033 0.035823
0.335170 3.570437 0.036026
0.335676 3.632100 0.036326
0.336183 3.602947 0.036757
0.336689 3.649914 0.036783
0.337196 3.569385 0.035881
0.337702 3.566145 0.035657
0.338209 3.606898 0.035974
0.338715 3.626441 0.036096
0.339222 3.615862 0.036688
0.339728 3.563261 0.036374
0.340235 3.560878 0.036049
0.340741 3.542268 0.037058
0.341248 3.559552 0.036268
0.341754 3.542182 0.036425
0.342261 3.578900 0.036528
0.342767 3.594837 0.036788
0.343274 3.603191 0.036611
0.343780 3.569936 0.036990
0.344287 3.550435 0.036032
0.344793 3.573827 0.036388
0.345300 3.531961 0.036007
0.345806 3.540525 0.036925
0.346313 3.489214 0.036260
0.346819 3.583483 0.036785
0.347325 3.585456 0.037511
0.347832 3.544689 0.037351
0.348338 3.549112 0.036917
0.348845 3.594496 0.036968
0.349351 3.583174 0.036806
0.349858 3.597375 0.036835
0.350364 3.515206 0.036137
0.350871 3.495056 0.036515
0.351377 3.496344 0.036961
0.351884 3.603468 0.037882
0.352390 3.514392 0.036833
0.352897 3.580955 0.036437
0.353403 3.573571 0.037362
0.353910 3.528161 0.037489
0.354416 3.545103 0.037003
0.354923 3.558846 0.035143
0.355429 3.446506 0.035382
0.355935 3.471659 0.034832
0.356442 3.548548 0.036945
0.356948 3.533389 0.034653
0.357455 3.581136 0.034987
0.357961 3.611065 0.034890
0.358468 3.520731 0.034642
0.358974 3.476506 0.035367
0.359481 3.503265 0.034641
0.359987 3.447680 0.035924
0.360494 3.518112 0.035128
0.361000 3.576046 0.035747
0.361506 3.562844 0.035917
0.362013 3.501949 0.034983
0.362519 3.514315 0.035156
0.363026 3.382436 0.035216
0.363532 3.502625 0.035496
0.364039 3.511997 0.034554
0.364545 3.580957 0.036581
0.365052 3.427434 0.035775
0.365558 3.519566 0.035903
0.366064 3.507156 0.036643
0.366571 3.524058 0.036403
0.367077 3.522564 0.036181
0.367584 3.473630 0.036580
0.368090 3.488274 0.035988
0.368597 3.547074 0.035671
0.369103 3.415126 0.036550
0.369610 3.491073 0.036570
0.370116 3.466141 0.038062
0.370622 3.433682 0.036118
0.371129 3.464855 0.036630
0.371635 3.476405 0.036982
0.372142 3.486726 0.038026
0.372648 3.456545 0.037319
0.373155 3.584831 0.037178
0.373661 3.581381 0.038069
0.374167 3.480044 0.038483
0.374674 3.514716 0.038428
0.375180 3.454803 0.038170
0.375687 3.492963 0.038108
0.376193 3.479959 0.039232
0.376700 3.433050 0.037905
0.377206 3.516380 0.037710
0.377712 3.495283 0.038446
0.378219 3.415578 0.038676
0.378725 3.472543 0.037939
0.379232 3.431404 0.038488
0.379738 3.437136 0.038202
0.380245 3.516981 0.040588
0.380751 3.523536 0.039130
0.381257 3.575215 0.040726
0.381764 3.497975 0.040628
0.382270 3.416452 0.040161
0.382777 3.461111 0.041312
0.383283 3.393274 0.040245
0.383789 3.512540 0.040926
0.384296 3.531605 0.041034
0.384802 3.470178 0.039779
0.385309 3.449975 0.040983
0.385815 3.499646 0.041049
0.386321 3.553481 0.043016
0.386828 3.471567 0.042625
0.387334 3.448287 0.041598
0.387841 3.537451 0.042298
0.388347 3.473230 0.041839
0.388853 3.440359 0.042755
0.389360 3.423519 0.042850
0.389866 3.397831 0.042659
0.390373 3.464638 0.042709
0.390879 3.444577 0.042629
0.391385 3.479447 0.045005
0.391892 3.463635 0.045286
0.392398 3.458104 0.043286
0.392905 3.421542 0.043311
0.393411 3.487783 0.044765
0.393917 3.418114 0.044673
0.394424 3.495804 0.050694
0.394930 3.543563 0.045039
0.395437 3.478385 0.047707
0.395943 3.331746 0.045681
0.396449 3.354210 0.044004
0.396956 3.456228 0.046999
0.397462 3.376308 0.046307
0.397969 3.470139 0.046125
0.398475 3.369433 0.046572
0.398981 3.428181 0.046280
0.399488 3.473642 0.048083
0.399994 3.495152 0.046549
0.400500 3.460334 0.047532
0.401007 3.476250 0.048304
0.401513 3.396002 0.046711
0.402020 3.480344 0.047866
0.402526 3.392127 0.048563
0.403032 3.304663 0.047873
0.403539 3.440889 0.048194
0.404045 3.347243 0.048547
0.404551 3.372725 0.048051
0.405058 3.432377 0.049069
0.405564 3.403059 0.048710
0.406071 3.456378 0.050066
0.406577 3.381615 0.048448
0.407083 3.361949 0.049881
0.407590 3.460093 0.049285
0.408096 3.348369 0.051151
0.408602 3.343366 0.048748
0.409109 3.320161 0.049846
0.409615 3.392974 0.049234
0.410121 3.391497 0.049605
0.410628 3.448089 0.051054
0.411134 3.357354 0.048199
0.411641 3.402369 0.051995
0.412147 3.396434 0.054605
0.412653 3.413442 0.049059
0.413160 3.303770 0.049480
0.413666 3.332976 0.051332
0.414172 3.349923 0.050857
0.414679 3.350300 0.050995
0.415185 3.334373 0.052073
0.415691 3.378954 0.052216
0.416198 3.261114 0.051257
0.416704 3.287404 0.052078
0.417210 3.425803 0.052414
0.417717 3.280577 0.051211
0.418223 3.358829 0.053589
0.418729 3.350380 0.051229
0.419236 3.324895 0.053422
0.419742 3.491217 0.054646
0.420248 3.325455 0.052424
0.420755 3.263993 0.053141
0.421261 3.364366 0.053299
0.421767 3.300572 0.053703
0.422274 3.348334 0.055944
0.422780 3.255084 0.053331
0.423286 3.300539 0.054521
0.423793 3.325157 0.055104
0.424299 3.320785 0.054145
0.424805 3.311754 0.057489
0.425312 3.329731 0.055379
0.425818 3.332671 0.055541
0.426324 3.297997 0.056606
0.426831 3.367660 0.058306
0.427337 3.403707 0.058799
0.427843 3.318717 0.059043
0.428350 3.377489 0.059316
0.428856 3.279538 0.057081
0.429362 3.353912 0.057085
0.429869 3.370922 0.061104
0.430375 3.371157 0.060918
0.430881 3.269572 0.057708
0.431388 3.227285 0.059176
0.431894 3.234314 0.060194
0.432400 3.335422 0.062016
0.432907 3.326259 0.061597
0.433413 3.435465 0.064899
0.433919 3.431103 0.066744
0.434425 3.219054 0.061105
0.434932 3.346443 0.063150
0.435438 3.427543 0.066747
0.435944 3.354248 0.064575
0.436451 3.315920 0.067547
0.436957 3.352809 0.068701
0.437463 3.334458 0.066866
0.437970 3.427416 0.067366
0.438476 3.349512 0.067141
0.438982 3.380172 0.071115
0.439488 3.293590 0.069362
0.439995 3.261004 0.068103
