0.009882 110.472622 26.050926
0.010389 63.595998 13.995606
0.010896 71.538775 13.848042
0.011402 59.054832 10.193239
0.011909 34.175619 6.139540
0.012416 41.288115 6.091274
0.012923 28.479630 3.889762
0.013430 22.424809 3.612491
0.013936 18.935203 2.500099
0.014443 19.068526 1.624428
0.014950 17.054831 1.037110
0.015457 15.800142 0.833274
0.015963 14.239131 0.769003
0.016470 13.506236 0.549446
0.016977 12.171561 0.371712
0.017484 11.583918 0.395327
0.017990 11.204117 0.311993
0.018497 10.482723 0.230261
0.019004 9.754941 0.234720
0.019511 9.421189 0.216369
0.020018 9.094016 0.189473
0.020524 8.842247 0.197134
0.021031 8.287589 0.203345
0.021538 8.394200 0.183189
0.022045 7.722950 0.156649
0.022551 7.804275 0.168698
0.023058 7.607297 0.152478
0.023565 7.186488 0.141122
0.024072 7.322143 0.144374
0.024579 7.163908 0.147159
0.025085 6.839499 0.139465
0.025592 6.648668 0.133981
0.026099 6.765844 0.136403
0.026606 6.563814 0.126043
0.027112 6.445751 0.122614
0.027619 6.281055 0.124116
0.028126 6.116024 0.117527
0.028633 6.160658 0.116141
0.029139 5.940832 0.113804
0.029646 6.042709 0.115649
0.030153 5.776288 0.107781
0.030660 5.972137 0.109553
0.031167 5.780650 0.108064
0.031673 6.064415 0.114439
0.032180 5.768374 0.109291
0.032687 5.784075 0.107586
0.033194 5.604158 0.104904
0.033700 5.576415 0.097563
0.034207 5.488926 0.100243
0.034714 5.462360 0.097857
0.035221 5.570636 0.100932
0.035727 5.396693 0.096466
0.036234 5.421326 0.091189
0.036741 5.413893 0.096465
0.037248 5.122551 0.090054
0.037755 5.277600 0.089779
0.038261 5.025793 0.089942
0.038768 5.194379 0.089142
0.039275 5.249107 0.094347
0.039782 5.024306 0.085461
0.040288 5.365135 0.090414
0.040795 5.195951 0.089722
0.041302 5.162332 0.087638
0.041809 5.128589 0.085382
0.042315 4.976247 0.088332
0.042822 5.182318 0.085711
0.043329 5.158891 0.086035
0.043836 5.009233 0.083171
0.044343 4.952889 0.080848
0.044849 5.032558 0.084991
0.045356 4.877505 0.082659
0.045863 5.000405 0.082232
0.046370 5.067624 0.082080
0.046876 4.949820 0.079968
0.047383 4.849025 0.081057
0.047890 4.856072 0.075897
0.048397 4.730997 0.076683
0.048903 4.931927 0.080351
0.049410 4.875930 0.073521
0.049917 4.797992 0.077292
0.050424 4.889507 0.073954
0.050931 4.712834 0.076126
0.051437 4.816939 0.074190
0.051944 4.727871 0.071396
0.052451 4.759455 0.070960
0.052958 4.667171 0.071803
0.053464 4.535969 0.067070
0.053971 4.771009 0.072895
0.054478 4.756397 0.071318
0.054985 4.747770 0.071812
0.055491 4.794454 0.071172
0.055998 4.653068 0.069846
0.056505 4.653440 0.069308
0.057012 4.656901 0.067830
0.057519 4.761430 0.068935
0.058025 4.593150 0.069419
0.058532 4.605284 0.067659
0.059039 4.817608 0.069907
0.059546 4.685559 0.068526
0.060052 4.719533 0.069507
0.060559 4.720304 0.068293
0.061066 4.647376 0.067631
0.061573 4.562987 0.065015
0.062079 4.699343 0.068001
0.062586 4.703281 0.066517
0.063093 4.519463 0.063790
0.063600 4.836744 0.066547
0.064106 4.698486 0.069269
0.064613 4.554624 0.064763
0.065120 4.641356 0.067239
0.065627 4.602584 0.063709
0.066134 4.544980 0.064881
0.066640 4.507091 0.065012
0.067147 4.575530 0.064491
0.067654 4.578185 0.063383
0.068161 4.647737 0.064790
0.068667 4.531542 0.064520
0.069174 4.635322 0.064289
0.069681 4.576142 0.061471
0.070188 4.558413 0.060949
0.070694 4.606087 0.060160
0.071201 4.436463 0.061311
0.071708 4.545218 0.060875
0.072215 4.671995 0.061884
0.072721 4.454924 0.059691
0.073228 4.541395 0.060821
0.073735 4.566455 0.059963
0.074242 4.571831 0.059648
0.074748 4.569869 0.058823
0.075255 4.561605 0.060980
0.075762 4.577821 0.058967
0.076269 4.559620 0.062267
0.076776 4.452628 0.057849
0.077282 4.481248 0.055937
0.077789 4.491112 0.058782
0.078296 4.512503 0.056384
0.078803 4.514458 0.058060
0.079309 4.544684 0.057899
0.079816 4.401085 0.058032
0.080323 4.475376 0.057577
0.080830 4.527542 0.057274
0.081336 4.437196 0.056289
0.081843 4.545472 0.061809
0.082350 4.464974 0.057165
0.082857 4.422890 0.058888
0.083363 4.357117 0.061148
0.083870 4.481315 0.060377
0.084377 4.447075 0.058656
0.084884 4.558253 0.058968
0.085390 4.308848 0.057601
0.085897 4.493061 0.059517
0.086404 4.444051 0.061150
0.086911 4.423783 0.057556
0.087417 4.538004 0.057712
0.087924 4.339545 0.058210
0.088431 4.355979 0.058692
0.088938 4.394090 0.058549
0.089444 4.384122 0.057693
0.089951 4.367751 0.056326
0.090458 4.367295 0.055825
0.090965 4.400329 0.056523
0.091471 4.383070 0.058188
0.091978 4.365997 0.056317
0.092485 4.406584 0.057715
0.092992 4.408230 0.059211
0.093498 4.385078 0.056554
0.094005 4.359878 0.057944
0.094512 4.427047 0.057504
0.095019 4.315068 0.058782
0.095525 4.365673 0.056618
0.096032 4.321910 0.056494
0.096539 4.452901 0.057232
0.097046 4.437634 0.057071
0.097552 4.465932 0.056821
0.098059 4.274930 0.054961
0.098566 4.369469 0.054631
0.099073 4.432864 0.055844
0.099579 4.395970 0.055444
0.100086 4.255927 0.055833
0.100593 4.307826 0.055682
0.101100 4.347244 0.056773
0.101606 4.332354 0.056455
0.102113 4.254327 0.056248
0.102620 4.347840 0.056193
0.103127 4.255926 0.055921
0.103633 4.401832 0.056773
0.104140 4.311739 0.057938
0.104647 4.270258 0.055516
0.105154 4.303320 0.059062
0.105660 4.334954 0.058569
0.106167 4.288903 0.056330
0.106674 4.341187 0.056700
0.107181 4.269284 0.053836
0.107687 4.316989 0.054246
0.108194 4.305324 0.054188
0.108701 4.351890 0.052719
0.109208 4.260543 0.052963
0.109714 4.311758 0.052759
0.110221 4.274680 0.052570
0.110728 4.246288 0.051130
0.111235 4.266617 0.051518
0.111741 4.216465 0.050978
0.112248 4.174169 0.050616
0.112755 4.363227 0.053076
0.113262 4.253374 0.051180
0.113768 4.198972 0.051985
0.114275 4.272932 0.051707
0.114782 4.225459 0.049164
0.115289 4.255688 0.051218
0.115795 4.168234 0.049851
0.116302 4.235534 0.051169
0.116809 4.194065 0.050460
0.117316 4.250664 0.047797
0.117822 4.151158 0.050157
0.118329 4.212113 0.049660
0.118836 4.264688 0.049006
0.119342 4.274105 0.049589
0.119849 4.307407 0.048849
0.120356 4.196961 0.048864
0.120863 4.185816 0.048242
0.121369 4.184411 0.048047
0.121876 4.223421 0.047856
0.122383 4.326602 0.047653
0.122890 4.227711 0.048188
0.123396 4.167768 0.047031
0.123903 4.227229 0.048787
0.124410 4.116252 0.046193
0.124917 4.232556 0.047689
0.125423 4.290383 0.046714
0.125930 4.210409 0.047670
0.126437 4.171437 0.045886
0.126944 4.217957 0.045977
0.127450 4.214697 0.045789
0.127957 4.129885 0.044792
0.128464 4.158928 0.045739
0.128970 4.226838 0.043731
0.129477 4.150437 0.046785
0.129984 4.178914 0.046152
0.130491 4.192931 0.046329
0.130997 4.150671 0.044100
0.131504 4.251511 0.044613
0.132011 4.164911 0.044244
0.132518 4.174536 0.044155
0.133024 4.214084 0.043348
0.133531 4.195783 0.043866
0.134038 4.092533 0.044753
0.134545 4.181050 0.045198
0.135051 4.254071 0.043582
0.135558 4.191441 0.044004
0.136065 4.188628 0.043867
0.136571 4.158502 0.043074
0.137078 4.186555 0.042747
0.137585 4.146639 0.041914
0.138092 4.201182 0.042255
0.138598 4.139802 0.042970
0.139105 4.125003 0.042807
0.139612 4.203268 0.043427
0.140119 4.167725 0.043540
0.140625 4.076879 0.042959
0.141132 4.219138 0.041128
0.141639 4.150655 0.042783
0.142145 4.212965 0.042669
0.142652 4.122644 0.042481
0.143159 4.192054 0.042665
0.143666 4.158615 0.041926
0.144172 4.152719 0.041456
0.144679 4.167340 0.041748
0.145186 4.165708 0.041504
0.145692 4.192107 0.041432
0.146199 4.154778 0.042072
0.146706 4.143907 0.041535
0.147213 4.127994 0.042232
0.147719 4.232031 0.042036
0.148226 4.099154 0.039719
0.148733 4.092157 0.040305
0.149240 4.153004 0.041530
0.149746 4.193565 0.042272
0.150253 4.198800 0.041319
0.150760 4.080999 0.041300
0.151266 4.064976 0.040113
0.151773 4.101550 0.040795
0.152280 4.059343 0.040461
0.152787 4.040697 0.039991
0.153293 4.082724 0.039986
0.153800 4.093501 0.039478
0.154307 4.084015 0.039960
0.154813 4.133587 0.040831
0.155320 4.034310 0.039635
0.155827 4.102329 0.038890
0.156334 4.028133 0.040243
0.156840 4.102691 0.039924
0.157347 4.079077 0.039396
0.157854 4.115835 0.039428
0.158360 4.100537 0.039524
0.158867 4.090878 0.039869
0.159374 4.102625 0.040332
0.159881 4.069322 0.039556
0.160387 4.025553 0.039141
0.160894 4.075225 0.038034
0.161401 4.061270 0.038742
0.161907 4.015637 0.038993
0.162414 4.191505 0.038975
0.162921 4.087164 0.038885
0.163427 4.027913 0.038460
0.163934 4.067305 0.038117
0.164441 4.032030 0.038146
0.164948 4.021797 0.038359
0.165454 3.997890 0.038435
0.165961 4.019364 0.038050
0.166468 3.989889 0.039651
0.166974 4.036566 0.037532
0.167481 4.077267 0.037728
0.167988 3.990270 0.037746
0.168495 4.045220 0.039009
0.169001 4.010532 0.039246
0.169508 4.093966 0.038716
0.170015 3.998754 0.038841
0.170521 4.005286 0.037819
0.171028 4.028337 0.039314
0.171535 4.036745 0.038789
0.172041 3.963192 0.039471
0.172548 4.080179 0.039364
0.173055 4.044901 0.039393
0.173562 4.028839 0.040160
0.174068 3.999207 0.039484
0.174575 3.996167 0.038296
0.175082 4.016259 0.039111
0.175588 3.991568 0.039128
0.176095 4.011032 0.038918
0.176602 4.105281 0.039538
0.177108 3.962626 0.038832
0.177615 3.913565 0.038002
0.178122 3.925112 0.039044
0.178629 3.997214 0.039484
0.179135 4.056025 0.040589
0.179642 4.004237 0.038919
0.180149 3.989262 0.038744
0.180655 4.038218 0.039441
0.181162 4.036654 0.040712
0.181669 4.043271 0.039981
0.182175 3.964183 0.038988
0.182682 4.057129 0.039978
0.183189 4.049848 0.040783
0.183695 4.096425 0.041875
0.184202 4.010324 0.041015
0.184709 4.028110 0.040987
0.185216 3.991344 0.040335
0.185722 3.986796 0.040208
0.186229 3.965495 0.040101
0.186736 3.963734 0.040478
0.187242 4.073065 0.041816
0.187749 4.038889 0.040572
0.188256 4.061240 0.041920
0.188762 3.972972 0.042135
0.189269 3.995504 0.042168
0.189776 3.918387 0.041435
0.190282 3.940130 0.041096
0.190789 4.044785 0.041856
0.191296 3.986914 0.041908
0.191802 3.960323 0.042105
0.192309 3.979994 0.041400
0.192816 3.993253 0.042817
0.193323 4.000850 0.040901
0.193829 4.008568 0.042373
0.194336 4.019280 0.043262
0.194843 4.012708 0.040964
0.195349 4.091971 0.042178
0.195856 3.996915 0.041830
0.196363 4.006457 0.042500
0.196869 3.993658 0.042646
0.197376 3.917277 0.041448
0.197883 4.008824 0.042447
0.198389 4.000611 0.042713
0.198896 4.013477 0.041912
0.199403 4.009823 0.041502
0.199909 4.031932 0.042563
0.200416 3.997959 0.041063
0.200923 3.961467 0.042065
0.201429 4.051419 0.043767
0.201936 4.041568 0.043576
0.202443 4.024509 0.043710
0.202949 3.943807 0.043100
0.203456 3.999474 0.043858
0.203963 3.997987 0.042729
0.204469 3.999528 0.042626
0.204976 3.952104 0.042534
0.205483 4.008922 0.041818
0.205989 3.920015 0.043176
0.206496 4.008497 0.042699
0.207003 3.971093 0.042580
0.207509 3.980552 0.042184
0.208016 3.903666 0.041505
0.208523 3.953428 0.042962
0.209029 3.951174 0.042476
0.209536 3.922020 0.041918
0.210043 3.948592 0.042544
0.210549 3.956999 0.042717
0.211056 3.907659 0.042191
0.211563 3.946887 0.041496
0.212069 3.987555 0.041732
0.212576 4.007031 0.043355
0.213083 4.042421 0.042396
0.213589 3.898249 0.042664
0.214096 3.967855 0.043208
0.214603 3.914599 0.042996
0.215109 3.923562 0.042727
0.215616 4.010432 0.042910
0.216123 3.904937 0.042040
0.216629 3.945357 0.043965
0.217136 3.938885 0.041341
0.217643 3.952020 0.041716
0.218149 3.857522 0.042415
0.218656 3.873525 0.041861
0.219163 3.952596 0.042312
0.219669 3.762811 0.041651
0.220176 3.932482 0.041637
0.220683 3.894054 0.040917
0.221189 3.936049 0.041967
0.221696 3.884807 0.041888
0.222203 3.903570 0.042517
0.222709 3.886477 0.040830
0.223216 3.825874 0.041465
0.223722 3.923547 0.041410
0.224229 3.852586 0.041899
0.224736 3.924176 0.041325
0.225242 3.913651 0.042896
0.225749 3.788706 0.041486
0.226256 3.815613 0.040785
0.226762 3.889046 0.042105
0.227269 3.914483 0.041722
0.227776 3.871475 0.040923
0.228282 3.910649 0.041797
0.228789 3.850137 0.040698
0.229296 3.861160 0.040236
0.229802 3.824247 0.039787
0.230309 3.851374 0.041293
0.230816 3.812951 0.039816
0.231322 3.864223 0.039406
0.231829 3.829830 0.039217
0.232335 3.857325 0.039767
0.232842 3.818405 0.039045
0.233349 3.849944 0.039553
0.233855 3.863271 0.039178
0.234362 3.852432 0.039413
0.234869 3.830518 0.038761
0.235375 3.819492 0.039523
0.235882 3.861943 0.039713
0.236389 3.802592 0.037948
0.236895 3.822906 0.038941
0.237402 3.852948 0.038610
0.237908 3.835330 0.038235
0.238415 3.861710 0.037797
0.238922 3.792254 0.038631
0.239428 3.895539 0.038808
0.239935 3.828231 0.037953
0.240442 3.766458 0.038592
0.240948 3.828194 0.038177
0.241455 3.796250 0.038135
0.241962 3.815001 0.037536
0.242468 3.812725 0.037928
0.242975 3.936466 0.038424
0.243481 3.843444 0.037935
0.243988 3.784102 0.037066
0.244495 3.802901 0.037251
0.245001 3.791184 0.037352
0.245508 3.772876 0.037486
0.246015 3.814752 0.037720
0.246521 3.803752 0.037459
0.247028 3.846384 0.037410
0.247534 3.858461 0.037160
0.248041 3.794914 0.037473
0.248548 3.855093 0.037504
0.249054 3.810058 0.036973
0.249561 3.801606 0.036169
0.250068 3.750430 0.036729
0.250574 3.779302 0.037414
0.251081 3.839897 0.037308
0.251587 3.807628 0.038019
0.252094 3.776813 0.036380
0.252601 3.772478 0.037100
0.253107 3.761313 0.036133
0.253614 3.765103 0.036192
0.254120 3.830986 0.037097
0.254627 3.799058 0.036797
0.255134 3.758706 0.035723
0.255640 3.842105 0.035799
0.256147 3.801090 0.036277
0.256654 3.804334 0.036468
0.257160 3.825985 0.036467
0.257667 3.764965 0.035800
0.258173 3.795810 0.036181
0.258680 3.758212 0.035376
0.259187 3.766932 0.035135
0.259693 3.849198 0.035255
0.260200 3.748122 0.034938
0.260706 3.765150 0.035669
0.261213 3.804972 0.035027
0.261720 3.755500 0.035379
0.262226 3.787075 0.035479
0.262733 3.822479 0.035455
0.263239 3.819996 0.035881
0.263746 3.760576 0.035312
0.264253 3.815576 0.035129
0.264759 3.807452 0.034914
0.265266 3.760523 0.035134
0.265772 3.792286 0.034974
0.266279 3.788064 0.034363
0.266786 3.778411 0.034283
0.267292 3.664911 0.034429
0.267799 3.742584 0.034577
0.268305 3.782205 0.034336
0.268812 3.785486 0.034512
0.269319 3.698036 0.033913
0.269825 3.827272 0.033931
0.270332 3.754106 0.033678
0.270838 3.681511 0.033211
0.271345 3.723009 0.034170
0.271852 3.715137 0.033953
0.272358 3.734767 0.033893
0.272865 3.764005 0.033811
0.273371 3.766237 0.034727
0.273878 3.701058 0.034062
0.274385 3.739711 0.033465
0.274891 3.713568 0.033755
0.275398 3.796744 0.034183
0.275904 3.797986 0.034116
0.276411 3.728349 0.033534
0.276917 3.672010 0.033170
0.277424 3.780156 0.033381
0.277931 3.683311 0.034061
0.278437 3.703365 0.033137
0.278944 3.719586 0.033696
0.279450 3.739444 0.033156
0.279957 3.663825 0.032576
0.280464 3.681630 0.033095
0.280970 3.724717 0.033749
0.281477 3.677377 0.033531
0.281983 3.736758 0.033365
0.282490 3.708482 0.033541
0.282996 3.712823 0.033114
0.283503 3.733161 0.032884
0.284010 3.735477 0.033696
0.284516 3.741265 0.033162
0.285023 3.691249 0.032451
0.285529 3.702062 0.033296
0.286036 3.724551 0.033026
0.286542 3.671217 0.033589
0.287049 3.751161 0.032904
0.287556 3.665056 0.033046
0.288062 3.701284 0.033268
0.288569 3.750596 0.033555
0.289075 3.677013 0.033749
0.289582 3.658712 0.032973
0.290088 3.643138 0.033182
0.290595 3.694286 0.032879
0.291102 3.640025 0.032530
0.291608 3.626005 0.032509
0.292115 3.675541 0.033371
0.292621 3.720644 0.033557
0.293128 3.672470 0.033253
0.293634 3.715553 0.033054
0.294141 3.657975 0.032490
0.294647 3.669584 0.032353
0.295154 3.688970 0.032584
0.295661 3.615807 0.032614
0.296167 3.638856 0.033308
0.296674 3.612228 0.032677
0.297180 3.616974 0.033172
0.297687 3.672232 0.033107
0.298193 3.649744 0.031893
0.298700 3.654477 0.033322
0.299206 3.567528 0.032669
0.299713 3.587843 0.032695
0.300220 3.623450 0.032377
0.300726 3.650641 0.032404
0.301233 3.617420 0.033566
0.301739 3.595630 0.032817
0.302246 3.585962 0.032333
0.302752 3.630397 0.032582
0.303259 3.611596 0.033190
0.303765 3.626673 0.031534
0.304272 3.647607 0.031954
0.304779 3.606008 0.032414
0.305285 3.632111 0.032511
0.305792 3.585243 0.032063
0.306298 3.627174 0.032621
0.306805 3.651016 0.032603
0.307311 3.563478 0.032046
0.307818 3.571977 0.031853
0.308324 3.627582 0.032435
0.308831 3.637279 0.032320
0.309337 3.532651 0.031830
0.309844 3.596871 0.032727
0.310350 3.664684 0.033555
0.310857 3.596548 0.033988
0.311364 3.610986 0.033779
0.311870 3.614820 0.033815
0.312377 3.628344 0.034252
0.312883 3.553021 0.034072
0.313390 3.586622 0.033906
0.313896 3.598468 0.034944
0.314403 3.616018 0.034759
0.314909 3.632815 0.034252
0.315416 3.636907 0.034954
0.315922 3.563916 0.033880
0.316429 3.559576 0.035389
0.316935 3.674634 0.035026
0.317442 3.607055 0.035705
0.317948 3.611478 0.035324
0.318455 3.584741 0.035198
0.318961 3.554547 0.035093
0.319468 3.589465 0.035096
0.319975 3.637409 0.034792
0.320481 3.580582 0.035255
0.320988 3.531360 0.035256
0.321494 3.589181 0.037506
0.322001 3.612346 0.034859
0.322507 3.563540 0.035226
0.323014 3.666075 0.036626
0.323520 3.662089 0.035448
0.324027 3.608743 0.035567
0.324533 3.619736 0.035247
0.325040 3.560735 0.034871
0.325546 3.565094 0.035742
0.326053 3.575470 0.034156
0.326559 3.601134 0.036213
0.327066 3.645796 0.036066
0.327572 3.560129 0.035018
0.328079 3.574300 0.035211
0.328585 3.578034 0.035412
0.329092 3.621303 0.035545
0.329598 3.584068 0.034797
0.330105 3.619178 0.035748
0.330611 3.623378 0.035917
0.331118 3.532181 0.035545
0.331624 3.559899 0.036479
0.332131 3.522990 0.035103
0.332637 3.588930 0.036054
0.333144 3.570784 0.035363
0.333650 3.610806 0.036049
0.334157 3.559931 0.035247
0.334663 3.526995 0.036455
0.335170 3.570807 0.035483
0.335676 3.578089 0.036308
0.336183 3.582059 0.036539
0.336689 3.619078 0.037373
0.337196 3.544869 0.035780
0.337702 3.618311 0.035903
0.338209 3.543088 0.036660
0.338715 3.538119 0.036820
0.339222 3.574832 0.035722
0.339728 3.580535 0.036185
0.340235 3.582558 0.036029
0.340741 3.550948 0.035498
0.341248 3.571167 0.036701
0.341754 3.650183 0.036724
0.342261 3.565344 0.036281
0.342767 3.523001 0.035221
0.343274 3.555956 0.037039
0.343780 3.506501 0.035993
0.344287 3.576859 0.036634
0.344793 3.620892 0.036423
0.345300 3.566805 0.036524
0.345806 3.515177 0.036736
0.346313 3.553489 0.036273
0.346819 3.554744 0.036423
0.347325 3.575712 0.037135
0.347832 3.561841 0.037078
0.348338 3.487110 0.036294
0.348845 3.572134 0.037253
0.349351 3.558145 0.036713
0.349858 3.582012 0.037022
0.350364 3.527488 0.037299
0.350871 3.541690 0.037369
0.351377 3.566693 0.037658
0.351884 3.590630 0.036700
0.352390 3.534735 0.037383
0.352897 3.541878 0.038197
0.353403 3.506836 0.035804
0.353910 3.565006 0.037494
0.354416 3.558002 0.037617
0.354923 3.563086 0.036731
0.355429 3.602083 0.035912
0.355935 3.556378 0.035861
0.356442 3.612004 0.035894
0.356948 3.496207 0.034666
0.357455 3.558517 0.035195
0.357961 3.584983 0.035263
0.358468 3.528147 0.034544
0.358974 3.563799 0.034256
0.359481 3.471610 0.035513
0.359987 3.525888 0.035231
0.360494 3.510397 0.035615
0.361000 3.528803 0.035547
0.361506 3.484884 0.034872
0.362013 3.521529 0.035625
0.362519 3.507579 0.035373
0.363026 3.518187 0.034945
0.363532 3.509972 0.035520
0.364039 3.560496 0.036583
0.364545 3.485016 0.035198
0.365052 3.540157 0.035714
0.365558 3.500875 0.035941
0.366064 3.467378 0.035235
0.366571 3.524630 0.035340
0.367077 3.433065 0.035466
0.367584 3.461093 0.035206
0.368090 3.450834 0.036000
0.368597 3.496560 0.035840
0.369103 3.483808 0.036294
0.369610 3.482582 0.036005
0.370116 3.473337 0.037798
0.370622 3.406627 0.038276
0.371129 3.429274 0.037568
0.371635 3.441808 0.037161
0.372142 3.431183 0.038415
0.372648 3.466338 0.036876
0.373155 3.469165 0.035969
0.373661 3.438274 0.036605
0.374167 3.443036 0.037490
0.374674 3.537473 0.038393
0.375180 3.510687 0.038265
0.375687 3.523143 0.039113
0.376193 3.520654 0.039377
0.376700 3.437786 0.037159
0.377206 3.476963 0.039402
0.377712 3.479434 0.037959
0.378219 3.526512 0.038545
0.378725 3.502715 0.039382
0.379232 3.476623 0.039597
0.379738 3.484189 0.040126
0.380245 3.442832 0.039120
0.380751 3.471904 0.040196
0.381257 3.505972 0.040310
0.381764 3.484139 0.041406
0.382270 3.438822 0.039285
0.382777 3.508298 0.041248
0.383283 3.488877 0.040652
0.383789 3.495394 0.040770
0.384296 3.514475 0.041262
0.384802 3.482990 0.042834
0.385309 3.548473 0.043141
0.385815 3.461776 0.041130
0.386321 3.485495 0.042361
0.386828 3.518375 0.041716
0.387334 3.517884 0.041988
0.387841 3.480455 0.041707
0.388347 3.459229 0.041593
0.388853 3.448897 0.043312
0.389360 3.521544 0.043489
0.389866 3.448537 0.044999
0.390373 3.431255 0.041695
0.390879 3.375507 0.044330
0.391385 3.451410 0.044508
0.391892 3.472859 0.043610
0.392398 3.426398 0.044456
0.392905 3.349394 0.044450
0.393411 3.441521 0.043526
0.393917 3.469814 0.044338
0.394424 3.402926 0.047149
0.394930 3.389704 0.045684
0.395437 3.465759 0.045938
0.395943 3.443401 0.045931
0.396449 3.465117 0.045811
0.396956 3.327475 0.045986
0.397462 3.410871 0.046412
0.397969 3.402721 0.046908
0.398475 3.440754 0.045712
0.398981 3.468006 0.048387
0.399488 3.387767 0.045048
0.399994 3.426332 0.047842
0.400500 3.454340 0.046431
0.401007 3.488032 0.048061
0.401513 3.398735 0.048998
0.402020 3.408464 0.049150
0.402526 3.402727 0.049286
0.403032 3.331331 0.047092
0.403539 3.402795 0.046238
0.404045 3.388523 0.049024
0.404551 3.364772 0.048660
0.405058 3.350177 0.049339
0.405564 3.432470 0.049416
0.406071 3.446925 0.049823
0.406577 3.438612 0.051449
0.407083 3.343042 0.047609
0.407590 3.338518 0.048984
0.408096 3.452862 0.049012
0.408602 3.388981 0.049211
0.409109 3.347142 0.048830
0.409615 3.380884 0.048425
0.410121 3.342133 0.049510
0.410628 3.468851 0.052140
0.411134 3.314600 0.049174
0.411641 3.390770 0.051792
0.412147 3.431441 0.050288
0.412653 3.403490 0.050952
0.413160 3.292946 0.049876
0.413666 3.266407 0.052940
0.414172 3.205435 0.049977
0.414679 3.215915 0.049575
0.415185 3.399426 0.051937
0.415691 3.290289 0.052875
0.416198 3.409238 0.053731
0.416704 3.383061 0.052666
0.417210 3.355736 0.052253
0.417717 3.316681 0.052764
0.418223 3.442734 0.053174
0.418729 3.352865 0.053027
0.419236 3.395838 0.053701
0.419742 3.342798 0.054819
0.420248 3.281205 0.051000
0.420755 3.251787 0.052076
0.421261 3.316918 0.054998
0.421767 3.289553 0.051141
0.422274 3.335979 0.053445
0.422780 3.322246 0.055409
0.423286 3.302330 0.054040
0.423793 3.264700 0.055174
0.424299 3.362119 0.055354
0.424805 3.361297 0.056094
0.425312 3.338069 0.053321
0.425818 3.238967 0.054540
0.426324 3.285924 0.057267
0.426831 3.427195 0.057174
0.427337 3.346461 0.057915
0.427843 3.369789 0.057430
0.428350 3.448682 0.061593
0.428856 3.253844 0.054750
0.429362 3.311470 0.061323
0.429869 3.400071 0.060949
0.430375 3.250243 0.061816
0.430881 3.257772 0.057611
0.431388 3.247276 0.058550
0.431894 3.319519 0.060646
0.432400 3.439150 0.063253
0.432907 3.306666 0.061109
0.433413 3.390341 0.067941
0.433919 3.341289 0.061644
0.434425 3.348730 0.063917
0.434932 3.157092 0.061512
0.435438 3.308414 0.066054
0.435944 3.343956 0.066361
0.436451 3.452453 0.066324
0.436957 3.404265 0.066077
0.437463 3.306968 0.067370
0.437970 3.288355 0.065519
0.438476 3.209189 0.066300
0.438982 3.205011 0.068898
0.439488 3.208651 0.069087
0.439995 3.427217 0.069812
