0.009882 107.139277 24.819256
0.010389 73.937794 13.858917
0.010896 71.981085 14.258779
0.011402 59.582107 10.505514
0.011909 34.894921 5.998542
0.012416 39.136588 6.016727
0.012923 28.767303 4.096736
0.013430 24.202867 3.172546
0.013936 20.615535 2.307679
0.014443 18.803566 1.830643
0.014950 16.742328 1.065831
0.015457 15.376851 0.892598
0.015963 14.106386 0.702214
0.016470 13.111245 0.491886
0.016977 12.281743 0.429388
0.017484 11.443375 0.380678
0.017990 10.398137 0.294982
0.018497 10.178350 0.231757
0.019004 10.292007 0.232107
0.019511 9.776457 0.222679
0.020018 9.138915 0.185494
0.020524 8.696496 0.177136
0.021031 8.388805 0.187321
0.021538 8.446246 0.174069
0.022045 8.161554 0.163625
0.022551 7.385023 0.162677
0.023058 7.298849 0.159937
0.023565 7.441151 0.161834
0.024072 7.254030 0.153408
0.024579 7.122971 0.147855
0.025085 6.989087 0.142170
0.025592 6.754937 0.132764
0.026099 6.719521 0.136028
0.026606 6.504072 0.131429
0.027112 6.511575 0.131032
0.027619 6.305269 0.127613
0.028126 6.418634 0.119077
0.028633 6.228102 0.117340
0.029139 6.052708 0.114200
0.029646 6.109825 0.118417
0.030153 5.950207 0.111571
0.030660 5.823104 0.108630
0.031167 5.626296 0.107072
0.031673 5.728999 0.104666
0.032180 5.766358 0.097757
0.032687 5.717406 0.109066
0.033194 5.512953 0.107933
0.033700 5.646730 0.104145
0.034207 5.507794 0.096443
0.034714 5.562180 0.098842
0.035221 5.503966 0.097381
0.035727 5.232399 0.095600
0.036234 5.366877 0.096278
0.036741 5.101486 0.091593
0.037248 5.280013 0.097508
0.037755 5.196923 0.089096
0.038261 5.263902 0.093282
0.038768 5.227276 0.092267
0.039275 5.241081 0.088998
0.039782 5.177915 0.088792
0.040288 5.201925 0.090013
0.040795 5.195951 0.089667
0.041302 5.067311 0.087346
0.041809 4.983541 0.085431
0.042315 4.977753 0.083133
0.042822 5.007750 0.086680
0.043329 4.969248 0.082496
0.043836 5.097866 0.084390
0.044343 5.024123 0.082758
0.044849 5.014374 0.082676
0.045356 5.027234 0.084829
0.045863 4.894043 0.081730
0.046370 4.933204 0.083499
0.046876 4.863261 0.078137
0.047383 4.910119 0.078099
0.047890 4.831135 0.078453
0.048397 4.712860 0.077880
0.048903 4.752976 0.075006
0.049410 4.859754 0.076426
0.049917 4.751074 0.079036
0.050424 4.870802 0.075054
0.050931 4.890330 0.076642
0.051437 4.865812 0.073845
0.051944 4.888875 0.072677
0.052451 4.752294 0.074228
0.052958 4.851736 0.071888
0.053464 4.887267 0.073554
0.053971 4.694876 0.072407
0.054478 4.808800 0.070947
0.054985 4.813479 0.072044
0.055491 4.582651 0.073148
0.055998 4.694468 0.071216
0.056505 4.676797 0.068890
0.057012 4.697591 0.069620
0.057519 4.800397 0.071125
0.058025 4.581446 0.070084
0.058532 4.593087 0.066631
0.059039 4.638680 0.068241
0.059546 4.650430 0.069603
0.060052 4.714512 0.066801
0.060559 4.719292 0.070554
0.061066 4.615435 0.066069
0.061573 4.632562 0.065445
0.062079 4.634411 0.067392
0.062586 4.519934 0.065824
0.063093 4.573369 0.065981
0.063600 4.566787 0.068009
0.064106 4.670233 0.064310
0.064613 4.601866 0.063474
0.065120 4.536125 0.063973
0.065627 4.570761 0.062517
0.066134 4.522186 0.064994
0.066640 4.567571 0.063214
0.067147 4.522140 0.060525
0.067654 4.588142 0.063513
0.068161 4.621184 0.063815
0.068667 4.583600 0.063088
0.069174 4.488210 0.062790
0.069681 4.337629 0.062667
0.070188 4.578024 0.063180
0.070694 4.528117 0.062139
0.071201 4.502155 0.059665
0.071708 4.459917 0.062308
0.072215 4.520648 0.061418
0.072721 4.439035 0.061126
0.073228 4.450761 0.059937
0.073735 4.570450 0.058701
0.074242 4.500559 0.059391
0.074748 4.526910 0.058335
0.075255 4.515343 0.059203
0.075762 4.528655 0.059983
0.076269 4.538521 0.060186
0.076776 4.359485 0.059868
0.077282 4.569549 0.057984
0.077789 4.502583 0.057292
0.078296 4.498780 0.058221
0.078803 4.513714 0.055442
0.079309 4.624979 0.058594
0.079816 4.495226 0.057834
0.080323 4.478870 0.058211
0.080830 4.475510 0.056351
0.081336 4.444347 0.057996
0.081843 4.483205 0.058482
0.082350 4.485664 0.058073
0.082857 4.540515 0.058962
0.083363 4.543920 0.058646
0.083870 4.525914 0.058983
0.084377 4.449447 0.060069
0.084884 4.400906 0.061710
0.085390 4.485137 0.058022
0.085897 4.406897 0.056777
0.086404 4.541058 0.060171
0.086911 4.428604 0.057885
0.087417 4.406920 0.059028
0.087924 4.542865 0.058373
0.088431 4.398646 0.059007
0.088938 4.401663 0.058494
0.089444 4.433050 0.057566
0.089951 4.477409 0.059219
0.090458 4.346960 0.058513
0.090965 4.375630 0.060832
0.091471 4.507243 0.057964
0.091978 4.295895 0.057998
0.092485 4.442624 0.059891
0.092992 4.410533 0.056971
0.093498 4.365541 0.058464
0.094005 4.275989 0.056194
0.094512 4.407942 0.055676
0.095019 4.364392 0.059258
0.095525 4.322179 0.058238
0.096032 4.402030 0.056139
0.096539 4.328808 0.057494
0.097046 4.391640 0.057978
0.097552 4.348107 0.058171
0.098059 4.336940 0.056546
0.098566 4.343024 0.056973
0.099073 4.270065 0.057244
0.099579 4.287576 0.055270
0.100086 4.330305 0.055274
0.100593 4.414904 0.058931
0.101100 4.360682 0.056317
0.101606 4.407088 0.055322
0.102113 4.293836 0.056011
0.102620 4.360832 0.055855
0.103127 4.365228 0.056654
0.103633 4.244454 0.058855
0.104140 4.291319 0.056734
0.104647 4.377053 0.057537
0.105154 4.405928 0.058532
0.105660 4.283748 0.057666
0.106167 4.227480 0.059253
0.106674 4.243148 0.055274
0.107181 4.315183 0.055357
0.107687 4.245931 0.053638
0.108194 4.347478 0.055097
0.108701 4.223173 0.051513
0.109208 4.299655 0.054295
0.109714 4.088690 0.051042
0.110221 4.284540 0.050928
0.110728 4.220080 0.051691
0.111235 4.235015 0.052213
0.111741 4.302927 0.052451
0.112248 4.137582 0.050623
0.112755 4.330670 0.052623
0.113262 4.155185 0.050754
0.113768 4.298522 0.051339
0.114275 4.155334 0.050151
0.114782 4.188425 0.049418
0.115289 4.251430 0.051335
0.115795 4.267206 0.050002
0.116302 4.277649 0.049385
0.116809 4.194065 0.049865
0.117316 4.222661 0.050127
0.117822 4.220421 0.048632
0.118329 4.257803 0.049133
0.118836 4.161101 0.050414
0.119342 4.233150 0.050360
0.119849 4.228016 0.047739
0.120356 4.327158 0.049575
0.120863 4.179660 0.046648
0.121369 4.122399 0.048308
0.121876 4.307311 0.049034
0.122383 4.160110 0.048428
0.122890 4.253736 0.047762
0.123396 4.246662 0.048309
0.123903 4.211364 0.047258
0.124410 4.205515 0.046539
0.124917 4.170515 0.047746
0.125423 4.146679 0.045562
0.125930 4.224344 0.046748
0.126437 4.168814 0.046235
0.126944 4.165129 0.044844
0.127450 4.164927 0.047347
0.127957 4.284002 0.046170
0.128464 4.189375 0.046211
0.128970 4.202608 0.045794
0.129477 4.127306 0.044888
0.129984 4.147362 0.045289
0.130491 4.202572 0.046522
0.130997 4.186053 0.044968
0.131504 4.168568 0.044529
0.132011 4.141879 0.043375
0.132518 4.162855 0.042526
0.133024 4.167904 0.045033
0.133531 4.229476 0.043715
0.134038 4.148985 0.043635
0.134545 4.217077 0.043180
0.135051 4.189372 0.042632
0.135558 4.108367 0.044557
0.136065 4.221546 0.044557
0.136571 4.228385 0.043592
0.137078 4.104986 0.043636
0.137585 4.263102 0.044103
0.138092 4.115378 0.042841
0.138598 4.177324 0.043470
0.139105 4.209392 0.043494
0.139612 4.270618 0.043275
0.140119 4.138691 0.040790
0.140625 4.200748 0.042648
0.141132 4.118258 0.042629
0.141639 4.112388 0.041363
0.142145 4.062164 0.041124
0.142652 4.100634 0.042750
0.143159 4.180134 0.042381
0.143666 4.121612 0.041795
0.144172 4.149242 0.041897
0.144679 4.066599 0.041764
0.145186 4.262395 0.042171
0.145692 4.128023 0.041302
0.146199 4.195224 0.043132
0.146706 4.132932 0.041318
0.147213 4.090691 0.041443
0.147719 4.126770 0.040540
0.148226 4.046818 0.040011
0.148733 4.180033 0.041304
0.149240 4.140473 0.040635
0.149746 4.111561 0.042504
0.150253 4.152081 0.040249
0.150760 4.115798 0.040401
0.151266 4.072368 0.040590
0.151773 4.107362 0.040065
0.152280 4.126070 0.039915
0.152787 4.079446 0.041618
0.153293 4.098663 0.040999
0.153800 4.064227 0.039726
0.154307 4.169982 0.039782
0.154813 4.087441 0.040780
0.155320 4.114337 0.039885
0.155827 4.039647 0.039070
0.156334 4.033718 0.039147
0.156840 4.065912 0.039121
0.157347 4.070366 0.039541
0.157854 4.118594 0.040493
0.158360 4.148071 0.040958
0.158867 4.060485 0.039095
0.159374 4.058853 0.039219
0.159881 4.109237 0.040157
0.160387 4.031813 0.038079
0.160894 4.080906 0.039873
0.161401 4.096020 0.039012
0.161907 4.068444 0.038383
0.162414 4.043713 0.038201
0.162921 4.010191 0.038965
0.163427 3.968318 0.038387
0.163934 4.117282 0.037747
0.164441 4.011347 0.038532
0.164948 4.019928 0.038211
0.165454 3.997892 0.039036
0.165961 4.014581 0.038642
0.166468 4.018359 0.037747
0.166974 4.055110 0.038184
0.167481 4.059132 0.038840
0.167988 4.079305 0.037834
0.168495 3.988314 0.038458
0.169001 4.054323 0.038715
0.169508 4.051652 0.038798
0.170015 4.022855 0.038520
0.170521 4.022150 0.039815
0.171028 4.032942 0.039357
0.171535 4.021048 0.038933
0.172041 4.028207 0.039906
0.172548 4.010439 0.038700
0.173055 4.013854 0.039644
0.173562 4.064139 0.040002
0.174068 3.985449 0.039186
0.174575 3.983311 0.038189
0.175082 4.012428 0.039052
0.175588 4.070917 0.039832
0.176095 3.981527 0.038232
0.176602 4.029762 0.039381
0.177108 4.098680 0.039695
0.177615 3.962927 0.038519
0.178122 4.028577 0.039946
0.178629 4.002249 0.039959
0.179135 4.019409 0.038744
0.179642 3.986684 0.038962
0.180149 4.010048 0.038907
0.180655 3.991970 0.038187
0.181162 4.028666 0.039420
0.181669 3.982247 0.039532
0.182175 4.022199 0.040227
0.182682 4.018792 0.040370
0.183189 4.009763 0.039743
0.183695 4.094730 0.040206
0.184202 4.042315 0.041065
0.184709 4.095259 0.040793
0.185216 3.989217 0.040480
0.185722 4.027306 0.040765
0.186229 4.011030 0.041846
0.186736 4.004132 0.041017
0.187242 3.987914 0.040864
0.187749 3.993767 0.039918
0.188256 3.966000 0.041172
0.188762 4.000764 0.041821
0.189269 4.037520 0.041624
0.189776 3.949377 0.041059
0.190282 3.979254 0.042106
0.190789 3.995549 0.040972
0.191296 3.948019 0.041463
0.191802 4.019073 0.041475
0.192309 3.960453 0.042120
0.192816 4.025023 0.041352
0.193323 3.998143 0.042607
0.193829 4.092097 0.042585
0.194336 3.951353 0.041407
0.194843 4.010893 0.042050
0.195349 4.052823 0.041960
0.195856 3.970215 0.042627
0.196363 4.000476 0.042533
0.196869 3.998239 0.040842
0.197376 4.018742 0.042059
0.197883 3.935009 0.042916
0.198389 3.969844 0.041145
0.198896 3.923759 0.041605
0.199403 3.937959 0.041621
0.199909 4.021370 0.043045
0.200416 4.006708 0.043513
0.200923 4.008126 0.042981
0.201429 3.882955 0.041992
0.201936 3.962292 0.042655
0.202443 3.973360 0.042538
0.202949 3.990297 0.041382
0.203456 3.896336 0.042839
0.203963 3.972063 0.042271
0.204469 3.910247 0.042687
0.204976 3.939543 0.043034
0.205483 3.963264 0.042221
0.205989 3.964491 0.042196
0.206496 3.940012 0.042555
0.207003 3.962200 0.042789
0.207509 3.982453 0.042664
0.208016 4.019080 0.043139
0.208523 3.961850 0.042200
0.209029 3.976157 0.042543
0.209536 3.880086 0.042995
0.210043 3.990215 0.042157
0.210549 3.989480 0.041388
0.211056 3.974157 0.043071
0.211563 3.909630 0.042194
0.212069 3.939844 0.043100
0.212576 3.953886 0.042989
0.213083 3.902881 0.042617
0.213589 3.842056 0.041391
0.214096 3.974787 0.041766
0.214603 3.906611 0.042613
0.215109 3.915245 0.042029
0.215616 3.909931 0.042281
0.216123 3.909609 0.042459
0.216629 3.866180 0.043208
0.217136 3.926192 0.041236
0.217643 3.874469 0.041162
0.218149 3.869123 0.040779
0.218656 3.871256 0.041355
0.219163 3.917674 0.041756
0.219669 3.966418 0.041309
0.220176 3.904058 0.041290
0.220683 3.858466 0.041248
0.221189 3.850443 0.041027
0.221696 3.861127 0.041334
0.222203 3.922049 0.042648
0.222709 3.881520 0.041614
0.223216 3.970831 0.043312
0.223722 3.864398 0.041916
0.224229 3.922665 0.041796
0.224736 3.794600 0.041091
0.225242 3.865852 0.040974
0.225749 3.863465 0.041127
0.226256 3.888183 0.040952
0.226762 3.851621 0.040512
0.227269 3.916669 0.041303
0.227776 3.896115 0.041751
0.228282 3.831026 0.040027
0.228789 3.843172 0.041698
0.229296 3.817014 0.040182
0.229802 3.888126 0.039986
0.230309 3.836720 0.041084
0.230816 3.815066 0.038754
0.231322 3.842217 0.039550
0.231829 3.862060 0.040340
0.232335 3.827779 0.039879
0.232842 3.878177 0.039704
0.233349 3.861855 0.038525
0.233855 3.841214 0.039588
0.234362 3.839180 0.038125
0.234869 3.861822 0.038927
0.235375 3.816626 0.038904
0.235882 3.845234 0.039399
0.236389 3.864903 0.038636
0.236895 3.763262 0.038524
0.237402 3.862209 0.037876
0.237908 3.803824 0.038836
0.238415 3.799047 0.038190
0.238922 3.831534 0.038369
0.239428 3.798888 0.038026
0.239935 3.802722 0.037881
0.240442 3.818096 0.038208
0.240948 3.761794 0.037867
0.241455 3.811813 0.037572
0.241962 3.852835 0.037509
0.242468 3.854955 0.039264
0.242975 3.776612 0.038881
0.243481 3.831303 0.038438
0.243988 3.839274 0.037637
0.244495 3.851647 0.037977
0.245001 3.793830 0.037812
0.245508 3.769963 0.036993
0.246015 3.775679 0.036498
0.246521 3.736953 0.036627
0.247028 3.814945 0.037073
0.247534 3.774034 0.036729
0.248041 3.887391 0.037826
0.248548 3.810313 0.036999
0.249054 3.832849 0.037899
0.249561 3.789904 0.037017
0.250068 3.777449 0.037983
0.250574 3.809864 0.036898
0.251081 3.819928 0.037728
0.251587 3.869490 0.037456
0.252094 3.812423 0.037631
0.252601 3.862734 0.036924
0.253107 3.820807 0.036839
0.253614 3.760819 0.036224
0.254120 3.840504 0.037271
0.254627 3.788807 0.035984
0.255134 3.822184 0.036395
0.255640 3.726707 0.036581
0.256147 3.746702 0.035935
0.256654 3.839124 0.036101
0.257160 3.837998 0.035922
0.257667 3.754942 0.035663
0.258173 3.719350 0.035355
0.258680 3.889860 0.036602
0.259187 3.794890 0.034767
0.259693 3.775876 0.035413
0.260200 3.813041 0.034744
0.260706 3.748631 0.035330
0.261213 3.798975 0.034659
0.261720 3.738420 0.036305
0.262226 3.806158 0.035645
0.262733 3.712629 0.034233
0.263239 3.769609 0.036103
0.263746 3.741840 0.035386
0.264253 3.780589 0.034941
0.264759 3.689953 0.035079
0.265266 3.782526 0.035447
0.265772 3.767038 0.034424
0.266279 3.757165 0.034496
0.266786 3.740688 0.034362
0.267292 3.832814 0.035311
0.267799 3.745472 0.034094
0.268305 3.721243 0.034256
0.268812 3.748128 0.035122
0.269319 3.825756 0.034238
0.269825 3.746701 0.034082
0.270332 3.797359 0.035036
0.270838 3.739461 0.033798
0.271345 3.771662 0.033674
0.271852 3.741678 0.034410
0.272358 3.771420 0.034291
0.272865 3.745850 0.034066
0.273371 3.808495 0.034962
0.273878 3.757451 0.034415
0.274385 3.774770 0.033960
0.274891 3.718800 0.033154
0.275398 3.722652 0.033886
0.275904 3.708602 0.033835
0.276411 3.662419 0.033547
0.276917 3.716988 0.033185
0.277424 3.712741 0.033495
0.277931 3.694636 0.033669
0.278437 3.747648 0.034650
0.278944 3.678788 0.033235
0.279450 3.730987 0.033521
0.279957 3.732594 0.032614
0.280464 3.771691 0.033180
0.280970 3.763720 0.033825
0.281477 3.712877 0.032302
0.281983 3.713789 0.032861
0.282490 3.666484 0.033277
0.282996 3.734445 0.033304
0.283503 3.711256 0.033218
0.284010 3.702310 0.032559
0.284516 3.711549 0.032689
0.285023 3.725050 0.032736
0.285529 3.644401 0.032397
0.286036 3.646465 0.032474
0.286542 3.659190 0.032956
0.287049 3.671036 0.032740
0.287556 3.688324 0.033390
0.288062 3.697373 0.032872
0.288569 3.722645 0.033644
0.289075 3.604910 0.032418
0.289582 3.650746 0.032732
0.290088 3.601738 0.032557
0.290595 3.635357 0.032893
0.291102 3.738008 0.034008
0.291608 3.684407 0.033289
0.292115 3.672725 0.032976
0.292621 3.699972 0.032804
0.293128 3.673665 0.032951
0.293634 3.662718 0.033067
0.294141 3.639327 0.032775
0.294647 3.704638 0.032956
0.295154 3.652466 0.032902
0.295661 3.617308 0.031613
0.296167 3.642760 0.032551
0.296674 3.671642 0.032656
0.297180 3.634462 0.033002
0.297687 3.673132 0.033144
0.298193 3.711463 0.032173
0.298700 3.714033 0.033144
0.299206 3.644171 0.032088
0.299713 3.611114 0.032215
0.300220 3.663519 0.033094
0.300726 3.643205 0.032435
0.301233 3.657373 0.032885
0.301739 3.599178 0.032979
0.302246 3.599863 0.032490
0.302752 3.578984 0.033135
0.303259 3.602077 0.032903
0.303765 3.567138 0.032507
0.304272 3.632066 0.032025
0.304779 3.595588 0.031737
0.305285 3.588323 0.032143
0.305792 3.691770 0.032377
0.306298 3.628947 0.032522
0.306805 3.601211 0.031945
0.307311 3.549712 0.032431
0.307818 3.620738 0.031844
0.308324 3.639133 0.032969
0.308831 3.612280 0.032077
0.309337 3.652853 0.031911
0.309844 3.605565 0.032517
0.310350 3.614325 0.032787
0.310857 3.621508 0.033548
0.311364 3.638461 0.033901
0.311870 3.555353 0.033141
0.312377 3.602208 0.034619
0.312883 3.628430 0.034207
0.313390 3.645397 0.034393
0.313896 3.603499 0.035660
0.314403 3.577486 0.034086
0.314909 3.587262 0.034371
0.315416 3.607969 0.034623
0.315922 3.641060 0.035129
0.316429 3.600006 0.034778
0.316935 3.585017 0.034200
0.317442 3.655705 0.035862
0.317948 3.561578 0.034506
0.318455 3.573042 0.035191
0.318961 3.629972 0.035779
0.319468 3.560588 0.035931
0.319975 3.621957 0.035994
0.320481 3.577370 0.035232
0.320988 3.680447 0.035831
0.321494 3.611984 0.037173
0.322001 3.585614 0.035838
0.322507 3.558891 0.036241
0.323014 3.570566 0.035306
0.323520 3.557117 0.035854
0.324027 3.564125 0.034096
0.324533 3.585794 0.035753
0.325040 3.576935 0.035552
0.325546 3.626758 0.035878
0.326053 3.559831 0.034733
0.326559 3.605843 0.035109
0.327066 3.597573 0.035289
0.327572 3.652167 0.035734
0.328079 3.565153 0.035411
0.328585 3.593531 0.035035
0.329092 3.572009 0.035206
0.329598 3.567712 0.036096
0.330105 3.525467 0.034964
0.330611 3.602942 0.036880
0.331118 3.552325 0.036592
0.331624 3.640184 0.036058
0.332131 3.574899 0.035818
0.332637 3.589296 0.036882
0.333144 3.610205 0.035859
0.333650 3.592004 0.035929
0.334157 3.557001 0.036295
0.334663 3.549290 0.036740
0.335170 3.590776 0.035669
0.335676 3.587549 0.035544
0.336183 3.559542 0.035439
0.336689 3.544620 0.036373
0.337196 3.541154 0.035815
0.337702 3.573512 0.036308
0.338209 3.504255 0.036472
0.338715 3.548598 0.036999
0.339222 3.558047 0.036234
0.339728 3.638365 0.037012
0.340235 3.544142 0.036072
0.340741 3.532639 0.035844
0.341248 3.539693 0.036836
0.341754 3.563246 0.036211
0.342261 3.579283 0.036056
0.342767 3.626807 0.036584
0.343274 3.564101 0.037720
0.343780 3.560856 0.036483
0.344287 3.494694 0.035901
0.344793 3.549976 0.035574
0.345300 3.626813 0.036808
0.345806 3.579145 0.036625
0.346313 3.547368 0.036097
0.346819 3.545548 0.036588
0.347325 3.612736 0.036723
0.347832 3.538314 0.036390
0.348338 3.537944 0.035947
0.348845 3.582726 0.037077
0.349351 3.575201 0.036961
0.349858 3.528239 0.036263
0.350364 3.542100 0.036406
0.350871 3.562060 0.037357
0.351377 3.524484 0.037025
0.351884 3.531889 0.036462
0.352390 3.469957 0.036567
0.352897 3.570633 0.038324
0.353403 3.517251 0.036349
0.353910 3.550475 0.036965
0.354416 3.442698 0.036041
0.354923 3.602306 0.036828
0.355429 3.545772 0.035082
0.355935 3.531182 0.034987
0.356442 3.501134 0.035244
0.356948 3.533042 0.034162
0.357455 3.564971 0.035960
0.357961 3.496128 0.034476
0.358468 3.525322 0.035326
0.358974 3.529954 0.034962
0.359481 3.482761 0.035239
0.359987 3.503147 0.035388
0.360494 3.577655 0.035659
0.361000 3.527176 0.035940
0.361506 3.515485 0.035025
0.362013 3.504487 0.035646
0.362519 3.555269 0.035615
0.363026 3.570146 0.035854
0.363532 3.454865 0.034863
0.364039 3.533840 0.035888
0.364545 3.489044 0.035737
0.365052 3.539413 0.036135
0.365558 3.463659 0.036960
0.366064 3.481876 0.036075
0.366571 3.436838 0.035751
0.367077 3.497066 0.035711
0.367584 3.453280 0.036846
0.368090 3.482772 0.036365
0.368597 3.544778 0.036827
0.369103 3.479530 0.036271
0.369610 3.443932 0.036923
0.370116 3.418648 0.036793
0.370622 3.469364 0.036985
0.371129 3.489763 0.037726
0.371635 3.477195 0.037485
0.372142 3.457747 0.037600
0.372648 3.474091 0.037271
0.373155 3.503497 0.037589
0.373661 3.562876 0.038274
0.374167 3.460917 0.037508
0.374674 3.464316 0.038492
0.375180 3.493171 0.038111
0.375687 3.501096 0.038312
0.376193 3.466833 0.038101
0.376700 3.459990 0.038288
0.377206 3.420904 0.038341
0.377712 3.410044 0.038849
0.378219 3.387284 0.038228
0.378725 3.441920 0.038119
0.379232 3.446533 0.039291
0.379738 3.421452 0.039565
0.380245 3.504005 0.039617
0.380751 3.479346 0.039631
0.381257 3.477238 0.039746
0.381764 3.434243 0.041155
0.382270 3.459765 0.039164
0.382777 3.452099 0.041268
0.383283 3.463238 0.040823
0.383789 3.541444 0.040523
0.384296 3.460616 0.040353
0.384802 3.480976 0.041488
0.385309 3.390063 0.042588
0.385815 3.417848 0.041506
0.386321 3.463546 0.041608
0.386828 3.410197 0.041130
0.387334 3.393989 0.043050
0.387841 3.468025 0.042849
0.388347 3.421752 0.042866
0.388853 3.453699 0.043013
0.389360 3.427665 0.043367
0.389866 3.412553 0.043124
0.390373 3.474097 0.042969
0.390879 3.405029 0.044476
0.391385 3.394214 0.043240
0.391892 3.411750 0.043577
0.392398 3.425254 0.045293
0.392905 3.556603 0.044046
0.393411 3.417512 0.043850
0.393917 3.450797 0.045104
0.394424 3.429891 0.050881
0.394930 3.348234 0.043676
0.395437 3.388707 0.044365
0.395943 3.463758 0.045933
0.396449 3.415485 0.044034
0.396956 3.535992 0.047816
0.397462 3.383349 0.046453
0.397969 3.401054 0.045176
0.398475 3.465170 0.047114
0.398981 3.462695 0.047352
0.399488 3.474953 0.046825
0.399994 3.503838 0.047463
0.400500 3.412384 0.048345
0.401007 3.379919 0.048522
0.401513 3.394636 0.047727
0.402020 3.486505 0.047702
0.402526 3.332765 0.046970
0.403032 3.421860 0.047784
0.403539 3.393792 0.047380
0.404045 3.417704 0.048784
0.404551 3.388631 0.049615
0.405058 3.475978 0.049537
0.405564 3.412384 0.049366
0.406071 3.402565 0.048523
0.406577 3.299118 0.049823
0.407083 3.409219 0.049837
0.407590 3.381254 0.050269
0.408096 3.375260 0.051663
0.408602 3.362808 0.050277
0.409109 3.349390 0.050476
0.409615 3.280379 0.049018
0.410121 3.385326 0.048365
0.410628 3.406564 0.049691
0.411134 3.352854 0.048940
0.411641 3.450492 0.051837
0.412147 3.334977 0.050417
0.412653 3.349903 0.049881
0.413160 3.405056 0.051144
0.413666 3.320887 0.049404
0.414172 3.313801 0.051737
0.414679 3.239995 0.050433
0.415185 3.317713 0.051525
0.415691 3.224193 0.052187
0.416198 3.297550 0.050989
0.416704 3.355958 0.052154
0.417210 3.399944 0.052844
0.417717 3.215754 0.049136
0.418223 3.280131 0.048878
0.418729 3.297344 0.052817
0.419236 3.386436 0.055224
0.419742 3.332679 0.053516
0.420248 3.305417 0.050913
0.420755 3.344198 0.052030
0.421261 3.354700 0.052748
0.421767 3.313532 0.052174
0.422274 3.375692 0.050377
0.422780 3.294857 0.054361
0.423286 3.397298 0.053852
0.423793 3.268308 0.052497
0.424299 3.280391 0.055360
0.424805 3.287935 0.054895
0.425312 3.226893 0.054249
0.425818 3.341190 0.055697
0.426324 3.321137 0.057807
0.426831 3.359723 0.056570
0.427337 3.340639 0.057865
0.427843 3.393661 0.059474
0.428350 3.205788 0.057913
0.428856 3.390534 0.058188
0.429362 3.232799 0.059818
0.429869 3.278679 0.060010
0.430375 3.377812 0.058441
0.430881 3.321061 0.064452
0.431388 3.499373 0.065194
0.431894 3.410561 0.061303
0.432400 3.456438 0.060002
0.432907 3.320497 0.058454
0.433413 3.369609 0.065182
0.433919 3.330367 0.063881
0.434425 3.462795 0.063062
0.434932 3.376145 0.065878
0.435438 3.235901 0.063171
0.435944 3.325943 0.064779
0.436451 3.296170 0.065712
0.436957 3.396140 0.067701
0.437463 3.273982 0.065879
0.437970 3.426052 0.065546
0.438476 3.338286 0.069037
0.438982 3.291867 0.068457
0.439488 3.344846 0.070624
0.439995 3.368380 0.067636
