0.009882 109.917064 23.899451
0.010389 63.298124 13.974230
0.010896 70.981080 13.953769
0.011402 59.454834 10.596069
0.011909 34.140531 6.475544
0.012416 41.485086 6.606454
0.012923 26.808387 3.595239
0.013430 23.662323 3.597124
0.013936 21.641183 2.348919
0.014443 19.248014 1.865938
0.014950 16.734516 0.897196
0.015457 15.616579 0.830901
0.015963 13.817743 0.684101
0.016470 12.889703 0.515992
0.016977 12.108703 0.344000
0.017484 11.785082 0.332248
0.017990 11.420932 0.292428
0.018497 10.415977 0.237269
0.019004 10.019276 0.233422
0.019511 9.258905 0.192573
0.020018 9.142996 0.166100
0.020524 8.522404 0.180045
0.021031 8.392854 0.196887
0.021538 8.133972 0.165720
0.022045 8.098395 0.176814
0.022551 7.587776 0.155765
0.023058 7.630025 0.154209
0.023565 6.997042 0.144971
0.024072 7.120900 0.148038
0.024579 6.736997 0.142420
0.025085 6.991858 0.138922
0.025592 6.479726 0.137750
0.026099 6.539680 0.135291
0.026606 6.423550 0.121887
0.027112 6.486258 0.122014
0.027619 6.469922 0.119971
0.028126 6.231867 0.114686
0.028633 6.011816 0.105528
0.029139 6.191982 0.120596
0.029646 6.071793 0.116286
0.030153 5.891510 0.108929
0.030660 5.874942 0.110530
0.031167 5.771954 0.109415
0.031673 5.679307 0.102551
0.032180 5.830877 0.103315
0.032687 5.683061 0.108856
0.033194 5.663644 0.104259
0.033700 5.437737 0.101191
0.034207 5.468170 0.099307
0.034714 5.395813 0.096572
0.035221 5.411369 0.105589
0.035727 5.234185 0.098695
0.036234 5.513890 0.094756
0.036741 5.488941 0.096689
0.037248 5.186206 0.088328
0.037755 5.348192 0.092655
0.038261 5.187367 0.088692
0.038768 5.235500 0.089600
0.039275 5.099821 0.088095
0.039782 5.153914 0.086305
0.040288 5.115519 0.088190
0.040795 5.000320 0.086574
0.041302 5.022136 0.086024
0.041809 5.055302 0.087390
0.042315 5.176561 0.085125
0.042822 5.182318 0.085147
0.043329 5.029993 0.087920
0.043836 4.942758 0.084483
0.044343 4.968253 0.083855
0.044849 5.110885 0.079619
0.045356 4.898693 0.083144
0.045863 5.058421 0.081528
0.046370 4.887501 0.077877
0.046876 4.907206 0.077643
0.047383 4.833087 0.076283
0.047890 4.923007 0.080096
0.048397 4.767270 0.076859
0.048903 4.772013 0.075819
0.049410 4.892420 0.073826
0.049917 4.725145 0.074262
0.050424 4.778523 0.076226
0.050931 4.698144 0.071966
0.051437 4.760915 0.072044
0.051944 4.831290 0.071482
0.052451 4.785711 0.071540
0.052958 4.806748 0.068258
0.053464 4.765972 0.072902
0.053971 4.713332 0.070672
0.054478 4.641557 0.071933
0.054985 4.743315 0.070785
0.055491 4.724231 0.072671
0.055998 4.825202 0.069048
0.056505 4.705463 0.068230
0.057012 4.681530 0.069946
0.057519 4.643450 0.070282
0.058025 4.683250 0.072126
0.058532 4.736399 0.068449
0.059039 4.719353 0.071533
0.059546 4.641131 0.067443
0.060052 4.648238 0.069347
0.060559 4.563399 0.065737
0.061066 4.628411 0.067463
0.061573 4.619034 0.069011
0.062079 4.598553 0.067145
0.062586 4.668031 0.066443
0.063093 4.724499 0.065328
0.063600 4.524606 0.063631
0.064106 4.590183 0.065634
0.064613 4.573771 0.066611
0.065120 4.555681 0.061584
0.065627 4.593492 0.065815
0.066134 4.674445 0.062792
0.066640 4.522437 0.063191
0.067147 4.634260 0.065031
0.067654 4.573660 0.065298
0.068161 4.462748 0.060271
0.068667 4.581040 0.061156
0.069174 4.456003 0.062862
0.069681 4.503021 0.062221
0.070188 4.590814 0.062541
0.070694 4.466077 0.061327
0.071201 4.511054 0.062764
0.071708 4.434828 0.061362
0.072215 4.444153 0.060231
0.072721 4.441544 0.061505
0.073228 4.541395 0.058304
0.073735 4.563260 0.061261
0.074242 4.511770 0.061834
0.074748 4.526100 0.059825
0.075255 4.568784 0.060439
0.075762 4.543251 0.058208
0.076269 4.536177 0.057244
0.076776 4.438905 0.057715
0.077282 4.389142 0.057015
0.077789 4.632583 0.058109
0.078296 4.425592 0.057145
0.078803 4.465412 0.056880
0.079309 4.482742 0.057707
0.079816 4.353230 0.058122
0.080323 4.563541 0.058478
0.080830 4.456095 0.057360
0.081336 4.515850 0.060456
0.081843 4.533497 0.059888
0.082350 4.397335 0.058186
0.082857 4.401326 0.055912
0.083363 4.473669 0.059356
0.083870 4.476537 0.058929
0.084377 4.430470 0.058321
0.084884 4.393681 0.058714
0.085390 4.388335 0.055680
0.085897 4.423346 0.056678
0.086404 4.501301 0.058908
0.086911 4.369149 0.057622
0.087417 4.443592 0.058765
0.087924 4.492423 0.057876
0.088431 4.386004 0.057618
0.088938 4.406393 0.060741
0.089444 4.381015 0.058508
0.089951 4.362327 0.058989
0.090458 4.368859 0.057267
0.090965 4.408048 0.059069
0.091471 4.429346 0.055238
0.091978 4.417983 0.059094
0.092485 4.373746 0.056325
0.092992 4.328638 0.056219
0.093498 4.388986 0.057481
0.094005 4.397866 0.058887
0.094512 4.375845 0.057649
0.095019 4.365163 0.057654
0.095525 4.343150 0.058409
0.096032 4.428737 0.056511
0.096539 4.344034 0.057709
0.097046 4.301416 0.058692
0.097552 4.361030 0.057194
0.098059 4.423604 0.056418
0.098566 4.352847 0.059799
0.099073 4.308102 0.057774
0.099579 4.400486 0.056101
0.100086 4.257414 0.056056
0.100593 4.278623 0.055429
0.101100 4.364415 0.055536
0.101606 4.401908 0.057337
0.102113 4.329618 0.056062
0.102620 4.271414 0.057881
0.103127 4.270348 0.055978
0.103633 4.311676 0.058075
0.104140 4.368771 0.058613
0.104647 4.258479 0.054727
0.105154 4.356179 0.058473
0.105660 4.244191 0.056627
0.106167 4.297349 0.055063
0.106674 4.223094 0.054891
0.107181 4.293667 0.056297
0.107687 4.282515 0.053373
0.108194 4.270898 0.053718
0.108701 4.273570 0.052342
0.109208 4.255053 0.053802
0.109714 4.219592 0.051278
0.110221 4.224065 0.052681
0.110728 4.335393 0.054681
0.111235 4.208825 0.051890
0.111741 4.284724 0.050981
0.112248 4.307274 0.051312
0.112755 4.227991 0.051687
0.113262 4.306927 0.050695
0.113768 4.232073 0.050341
0.114275 4.207668 0.048415
0.114782 4.189753 0.050371
0.115289 4.190724 0.050599
0.115795 4.196426 0.050333
0.116302 4.256591 0.049639
0.116809 4.162274 0.049979
0.117316 4.195824 0.048726
0.117822 4.245450 0.049204
0.118329 4.190714 0.047044
0.118836 4.217015 0.048742
0.119342 4.156360 0.046089
0.119849 4.200989 0.048707
0.120356 4.231866 0.049302
0.120863 4.213796 0.047339
0.121369 4.216255 0.046638
0.121876 4.200087 0.048553
0.122383 4.195476 0.047689
0.122890 4.182305 0.047571
0.123396 4.229251 0.047869
0.123903 4.177446 0.046485
0.124410 4.162755 0.046382
0.124917 4.202861 0.046112
0.125423 4.283996 0.045655
0.125930 4.191651 0.046834
0.126437 4.279527 0.046884
0.126944 4.212777 0.046268
0.127450 4.217316 0.046794
0.127957 4.187250 0.045392
0.128464 4.227047 0.045476
0.128970 4.157241 0.045459
0.129477 4.190161 0.046797
0.129984 4.233505 0.045282
0.130491 4.115294 0.045315
0.130997 4.056511 0.043959
0.131504 4.113924 0.043416
0.132011 4.180592 0.044241
0.132518 4.130245 0.043278
0.133024 4.166850 0.043646
0.133531 4.241028 0.043366
0.134038 4.131133 0.044661
0.134545 4.151185 0.043142
0.135051 4.124201 0.042165
0.135558 4.150859 0.044292
0.136065 4.210730 0.042967
0.136571 4.055541 0.043388
0.137078 4.090099 0.041797
0.137585 4.137717 0.043302
0.138092 4.181910 0.043738
0.138598 4.175493 0.043052
0.139105 4.185543 0.043008
0.139612 4.179764 0.042872
0.140119 4.067921 0.042167
0.140625 4.057166 0.042960
0.141132 4.129863 0.041883
0.141639 4.166136 0.041220
0.142145 4.203650 0.042816
0.142652 4.165317 0.043128
0.143159 4.116950 0.042092
0.143666 4.118565 0.041555
0.144172 4.223214 0.043010
0.144679 4.115919 0.042114
0.145186 4.137776 0.041718
0.145692 4.068699 0.040449
0.146199 4.134555 0.041604
0.146706 4.100007 0.041605
0.147213 4.028800 0.040457
0.147719 4.078884 0.040917
0.148226 4.039654 0.042130
0.148733 4.130603 0.041401
0.149240 4.168878 0.041006
0.149746 4.047639 0.041350
0.150253 4.091052 0.039795
0.150760 4.135269 0.040161
0.151266 4.035283 0.040223
0.151773 4.112389 0.040115
0.152280 4.073584 0.040561
0.152787 4.083122 0.040331
0.153293 4.076548 0.040312
0.153800 4.082272 0.040841
0.154307 4.087648 0.040288
0.154813 4.040069 0.040020
0.155320 4.062058 0.040671
0.155827 4.172896 0.040166
0.156334 3.981438 0.039406
0.156840 4.039810 0.038708
0.157347 4.010182 0.038531
0.157854 3.981006 0.038596
0.158360 4.057716 0.039449
0.158867 4.040966 0.038907
0.159374 4.112607 0.038653
0.159881 4.043104 0.039972
0.160387 4.071410 0.039548
0.160894 4.055550 0.038989
0.161401 4.027700 0.038991
0.161907 4.108916 0.039319
0.162414 4.134800 0.040003
0.162921 4.078064 0.038970
0.163427 4.059219 0.039205
0.163934 4.054529 0.038235
0.164441 4.010971 0.039055
0.164948 4.023673 0.038140
0.165454 3.979911 0.038073
0.165961 4.095521 0.038187
0.166468 4.012439 0.037627
0.166974 4.008779 0.038076
0.167481 4.082448 0.038561
0.167988 4.003662 0.037193
0.168495 3.996925 0.039201
0.169001 4.005200 0.039423
0.169508 3.979173 0.038090
0.170015 4.006788 0.039637
0.170521 4.062011 0.038556
0.171028 4.067861 0.039179
0.171535 4.050532 0.039119
0.172041 4.042913 0.038187
0.172548 4.063132 0.039788
0.173055 4.055633 0.039482
0.173562 3.999698 0.039554
0.174068 4.026722 0.039073
0.174575 3.982142 0.039365
0.175082 3.969514 0.039368
0.175588 4.008682 0.038639
0.176095 3.991621 0.038454
0.176602 4.090488 0.039248
0.177108 3.957974 0.039763
0.177615 4.079141 0.038846
0.178122 3.985946 0.039187
0.178629 3.991791 0.039518
0.179135 3.933304 0.038293
0.179642 4.000336 0.039273
0.180149 3.981187 0.038959
0.180655 4.013553 0.039292
0.181162 4.051831 0.040272
0.181669 3.984656 0.039172
0.182175 3.937812 0.039612
0.182682 3.989524 0.039923
0.183189 4.078776 0.039691
0.183695 3.950147 0.039388
0.184202 3.998544 0.040499
0.184709 4.006571 0.041420
0.185216 4.019748 0.039217
0.185722 3.987218 0.040166
0.186229 4.022306 0.041069
0.186736 4.060002 0.041141
0.187242 4.029833 0.040312
0.187749 4.021968 0.040966
0.188256 4.011654 0.041351
0.188762 4.000763 0.040919
0.189269 3.953902 0.041932
0.189776 4.006928 0.041100
0.190282 4.009587 0.040503
0.190789 3.977953 0.041939
0.191296 3.952937 0.041289
0.191802 3.967889 0.042256
0.192309 4.001753 0.042224
0.192816 3.990561 0.041811
0.193323 3.959799 0.041696
0.193829 3.905061 0.042084
0.194336 3.980848 0.040449
0.194843 3.991390 0.042387
0.195349 3.971338 0.042978
0.195856 3.985149 0.042126
0.196363 3.981615 0.043061
0.196869 3.979455 0.041790
0.197376 4.011947 0.041666
0.197883 3.971916 0.041941
0.198389 4.007958 0.041057
0.198896 3.967245 0.041997
0.199403 3.988893 0.042623
0.199909 3.960753 0.042194
0.200416 3.974934 0.042674
0.200923 3.941632 0.042690
0.201429 3.955680 0.042282
0.201936 3.933576 0.042143
0.202443 3.943601 0.042685
0.202949 3.984313 0.041536
0.203456 4.018048 0.042934
0.203963 3.996092 0.043349
0.204469 3.949772 0.042925
0.204976 4.000953 0.041580
0.205483 3.914739 0.042900
0.205989 3.871754 0.042909
0.206496 3.947931 0.042231
0.207003 3.965944 0.042575
0.207509 3.891176 0.042572
0.208016 3.969210 0.042135
0.208523 3.926292 0.041012
0.209029 3.913934 0.041124
0.209536 3.917779 0.043369
0.210043 3.927781 0.042842
0.210549 3.835549 0.043117
0.211056 3.929983 0.042493
0.211563 3.921273 0.042075
0.212069 3.913025 0.042518
0.212576 3.912029 0.040356
0.213083 3.969839 0.043207
0.213589 3.927804 0.043154
0.214096 3.969242 0.042903
0.214603 3.915538 0.043099
0.215109 3.853787 0.041903
0.215616 3.852372 0.042547
0.216123 3.912836 0.042887
0.216629 3.794455 0.040789
0.217136 3.903980 0.041380
0.217643 3.918349 0.039935
0.218149 3.871844 0.042583
0.218656 3.903486 0.041250
0.219163 3.950354 0.042325
0.219669 3.850994 0.041140
0.220176 3.833541 0.042240
0.220683 3.852159 0.041095
0.221189 3.881696 0.041515
0.221696 3.860214 0.040135
0.222203 3.858049 0.040715
0.222709 3.852154 0.041831
0.223216 3.866443 0.041600
0.223722 3.829446 0.041995
0.224229 3.955044 0.041100
0.224736 3.878284 0.040274
0.225242 3.903232 0.041973
0.225749 3.863907 0.042185
0.226256 3.924905 0.040987
0.226762 3.941173 0.042210
0.227269 3.862022 0.041084
0.227776 3.799375 0.040392
0.228282 3.835812 0.041414
0.228789 3.825325 0.041363
0.229296 3.818286 0.040251
0.229802 3.836597 0.040611
0.230309 3.840671 0.041241
0.230816 3.823099 0.040319
0.231322 3.889262 0.040467
0.231829 3.881991 0.040134
0.232335 3.900536 0.040022
0.232842 3.837709 0.038522
0.233349 3.880747 0.039328
0.233855 3.871594 0.039168
0.234362 3.831726 0.038438
0.234869 3.890281 0.039001
0.235375 3.758085 0.038796
0.235882 3.813037 0.038737
0.236389 3.849325 0.038069
0.236895 3.842788 0.038375
0.237402 3.864625 0.040603
0.237908 3.869628 0.040049
0.238415 3.855761 0.037375
0.238922 3.864408 0.037045
0.239428 3.802454 0.037770
0.239935 3.832925 0.038760
0.240442 3.832179 0.038632
0.240948 3.844209 0.038095
0.241455 3.807923 0.039011
0.241962 3.760479 0.038071
0.242468 3.849919 0.038638
0.242975 3.801846 0.037944
0.243481 3.779708 0.037265
0.243988 3.779499 0.037438
0.244495 3.788810 0.037591
0.245001 3.844496 0.037273
0.245508 3.833008 0.036502
0.246015 3.789229 0.037724
0.246521 3.806788 0.038358
0.247028 3.844905 0.037789
0.247534 3.830689 0.037319
0.248041 3.762882 0.037446
0.248548 3.806642 0.037119
0.249054 3.711544 0.036725
0.249561 3.741264 0.035995
0.250068 3.784858 0.036889
0.250574 3.767077 0.036543
0.251081 3.766380 0.037904
0.251587 3.770004 0.036788
0.252094 3.844436 0.036622
0.252601 3.809010 0.036166
0.253107 3.760244 0.036869
0.253614 3.741540 0.035962
0.254120 3.759428 0.036407
0.254627 3.768657 0.037120
0.255134 3.684943 0.036610
0.255640 3.762401 0.035399
0.256147 3.846279 0.035158
0.256654 3.739324 0.036140
0.257160 3.791319 0.035071
0.257667 3.849982 0.036306
0.258173 3.777211 0.035964
0.258680 3.792510 0.035894
0.259187 3.766080 0.035031
0.259693 3.765986 0.035761
0.260200 3.823689 0.035538
0.260706 3.798864 0.034394
0.261213 3.810097 0.035018
0.261720 3.713369 0.034862
0.262226 3.718012 0.034469
0.262733 3.724223 0.034795
0.263239 3.777335 0.035258
0.263746 3.739499 0.035025
0.264253 3.763883 0.034711
0.264759 3.742728 0.034539
0.265266 3.737456 0.034882
0.265772 3.697520 0.034785
0.266279 3.743599 0.036098
0.266786 3.772348 0.034775
0.267292 3.739467 0.033640
0.267799 3.679904 0.034268
0.268305 3.777367 0.035100
0.268812 3.752676 0.035088
0.269319 3.726688 0.034648
0.269825 3.721861 0.034143
0.270332 3.795437 0.034261
0.270838 3.788997 0.034648
0.271345 3.762559 0.033605
0.271852 3.776435 0.033913
0.272358 3.787534 0.034539
0.272865 3.755867 0.034276
0.273371 3.752464 0.033736
0.273878 3.729722 0.034014
0.274385 3.805133 0.034153
0.274891 3.700027 0.034145
0.275398 3.700076 0.033650
0.275904 3.739770 0.034003
0.276411 3.771007 0.034022
0.276917 3.804803 0.033958
0.277424 3.722197 0.034257
0.277931 3.694024 0.033098
0.278437 3.727370 0.033450
0.278944 3.624391 0.033181
0.279450 3.707200 0.033792
0.279957 3.739176 0.033637
0.280464 3.679212 0.032966
0.280970 3.664259 0.032988
0.281477 3.691031 0.033367
0.281983 3.766981 0.033004
0.282490 3.742240 0.032950
0.282996 3.709169 0.033377
0.283503 3.745464 0.033373
0.284010 3.684220 0.032078
0.284516 3.687739 0.032810
0.285023 3.761266 0.032883
0.285529 3.730741 0.032446
0.286036 3.711437 0.032467
0.286542 3.749866 0.033808
0.287049 3.680939 0.032681
0.287556 3.665653 0.032557
0.288062 3.727971 0.032057
0.288569 3.672753 0.032753
0.289075 3.662377 0.032554
0.289582 3.694990 0.032232
0.290088 3.680898 0.033287
0.290595 3.702962 0.032307
0.291102 3.636150 0.032520
0.291608 3.637386 0.032236
0.292115 3.637845 0.033150
0.292621 3.691883 0.033163
0.293128 3.607931 0.032737
0.293634 3.593429 0.032491
0.294141 3.693466 0.032570
0.294647 3.695650 0.033315
0.295154 3.660611 0.032560
0.295661 3.611003 0.032990
0.296167 3.630031 0.032578
0.296674 3.683045 0.033033
0.297180 3.657980 0.033183
0.297687 3.609433 0.033153
0.298193 3.579204 0.032038
0.298700 3.642994 0.033546
0.299206 3.657473 0.033228
0.299713 3.682777 0.033050
0.300220 3.602202 0.032432
0.300726 3.681871 0.032494
0.301233 3.574134 0.032318
0.301739 3.571983 0.032179
0.302246 3.634469 0.032352
0.302752 3.608181 0.032510
0.303259 3.595409 0.032882
0.303765 3.573003 0.032625
0.304272 3.661783 0.032979
0.304779 3.628337 0.032393
0.305285 3.613428 0.032076
0.305792 3.611654 0.032541
0.306298 3.674165 0.032912
0.306805 3.635141 0.032651
0.307311 3.629211 0.032730
0.307818 3.648570 0.032055
0.308324 3.678489 0.032695
0.308831 3.614896 0.032117
0.309337 3.608106 0.032316
0.309844 3.588357 0.032751
0.310350 3.651317 0.033512
0.310857 3.591401 0.033674
0.311364 3.642934 0.034445
0.311870 3.607996 0.033953
0.312377 3.631248 0.034011
0.312883 3.603293 0.034325
0.313390 3.643737 0.034736
0.313896 3.646094 0.034446
0.314403 3.630968 0.034261
0.314909 3.581525 0.035067
0.315416 3.594533 0.034522
0.315922 3.527553 0.033831
0.316429 3.590413 0.035517
0.316935 3.603150 0.034592
0.317442 3.609140 0.035415
0.317948 3.638029 0.034552
0.318455 3.638271 0.035434
0.318961 3.583821 0.035811
0.319468 3.546150 0.035194
0.319975 3.602850 0.034516
0.320481 3.578084 0.035441
0.320988 3.584147 0.036008
0.321494 3.650445 0.036926
0.322001 3.698956 0.035839
0.322507 3.567831 0.035213
0.323014 3.567767 0.035040
0.323520 3.574868 0.035089
0.324027 3.546277 0.033954
0.324533 3.495977 0.035591
0.325040 3.563904 0.035685
0.325546 3.619026 0.036051
0.326053 3.582224 0.034702
0.326559 3.580411 0.034997
0.327066 3.552542 0.033906
0.327572 3.575729 0.035528
0.328079 3.596646 0.035255
0.328585 3.579457 0.035514
0.329092 3.632780 0.035850
0.329598 3.609874 0.036197
0.330105 3.610919 0.035836
0.330611 3.625888 0.035739
0.331118 3.539872 0.036016
0.331624 3.608800 0.035603
0.332131 3.554185 0.034751
0.332637 3.568830 0.036115
0.333144 3.556047 0.036597
0.333650 3.611902 0.035597
0.334157 3.570390 0.035577
0.334663 3.566382 0.036427
0.335170 3.581371 0.036255
0.335676 3.556632 0.036058
0.336183 3.569139 0.036240
0.336689 3.580181 0.036469
0.337196 3.622876 0.036591
0.337702 3.622608 0.035699
0.338209 3.502546 0.035204
0.338715 3.589391 0.034711
0.339222 3.515152 0.035985
0.339728 3.613581 0.036565
0.340235 3.625770 0.036578
0.340741 3.522454 0.036232
0.341248 3.477870 0.035689
0.341754 3.560774 0.036429
0.342261 3.578733 0.036967
0.342767 3.566629 0.036187
0.343274 3.573589 0.036035
0.343780 3.536956 0.036710
0.344287 3.518278 0.036507
0.344793 3.538919 0.036000
0.345300 3.584227 0.035813
0.345806 3.611189 0.036738
0.346313 3.454398 0.036586
0.346819 3.605707 0.037569
0.347325 3.548432 0.037153
0.347832 3.644379 0.037519
0.348338 3.568367 0.036026
0.348845 3.521916 0.037409
0.349351 3.613578 0.037047
0.349858 3.585303 0.036753
0.350364 3.440149 0.035711
0.350871 3.516030 0.036855
0.351377 3.496923 0.037160
0.351884 3.550173 0.037063
0.352390 3.473297 0.037980
0.352897 3.529832 0.036373
0.353403 3.554669 0.036181
0.353910 3.536694 0.037556
0.354416 3.498591 0.036586
0.354923 3.512026 0.035251
0.355429 3.513103 0.035419
0.355935 3.553822 0.035839
0.356442 3.515928 0.035271
0.356948 3.449989 0.034806
0.357455 3.515192 0.034206
0.357961 3.533792 0.034625
0.358468 3.517200 0.035334
0.358974 3.458007 0.034372
0.359481 3.448178 0.035292
0.359987 3.492422 0.035021
0.360494 3.575144 0.035250
0.361000 3.465890 0.034563
0.361506 3.541715 0.035728
0.362013 3.575193 0.034764
0.362519 3.467006 0.034695
0.363026 3.462936 0.035250
0.363532 3.520627 0.035100
0.364039 3.461275 0.035415
0.364545 3.506988 0.035386
0.365052 3.474308 0.035985
0.365558 3.491155 0.036325
0.366064 3.538383 0.036079
0.366571 3.480748 0.036352
0.367077 3.482535 0.036390
0.367584 3.508583 0.035366
0.368090 3.499502 0.035529
0.368597 3.541716 0.035828
0.369103 3.506365 0.037091
0.369610 3.404240 0.037048
0.370116 3.412055 0.036395
0.370622 3.440740 0.037069
0.371129 3.440739 0.037197
0.371635 3.423469 0.037468
0.372142 3.493568 0.036956
0.372648 3.427982 0.038598
0.373155 3.504512 0.038027
0.373661 3.472817 0.037909
0.374167 3.416754 0.037951
0.374674 3.492589 0.038576
0.375180 3.468982 0.037702
0.375687 3.492107 0.038166
0.376193 3.484336 0.038341
0.376700 3.460851 0.038381
0.377206 3.540467 0.038973
0.377712 3.449055 0.037888
0.378219 3.475761 0.038335
0.378725 3.403087 0.038547
0.379232 3.408323 0.038669
0.379738 3.446098 0.040370
0.380245 3.446540 0.038415
0.380751 3.530048 0.040306
0.381257 3.444736 0.040085
0.381764 3.412100 0.040020
0.382270 3.385514 0.040186
0.382777 3.470181 0.041234
0.383283 3.464689 0.040025
0.383789 3.448364 0.040578
0.384296 3.442744 0.040551
0.384802 3.476719 0.041141
0.385309 3.418496 0.041125
0.385815 3.380988 0.040670
0.386321 3.509031 0.041428
0.386828 3.479368 0.040939
0.387334 3.495559 0.042352
0.387841 3.392850 0.041647
0.388347 3.444691 0.042999
0.388853 3.412610 0.041478
0.389360 3.426028 0.042511
0.389866 3.467620 0.043021
0.390373 3.471872 0.044077
0.390879 3.402801 0.043762
0.391385 3.402625 0.042282
0.391892 3.367359 0.043016
0.392398 3.392654 0.043778
0.392905 3.370750 0.043869
0.393411 3.469892 0.045261
0.393917 3.377705 0.043306
0.394424 3.485618 0.046738
0.394930 3.461225 0.045433
0.395437 3.397920 0.044160
0.395943 3.467459 0.045586
0.396449 3.402617 0.045425
0.396956 3.451204 0.046573
0.397462 3.413432 0.046662
0.397969 3.363923 0.044533
0.398475 3.363650 0.045237
0.398981 3.460704 0.046686
0.399488 3.452664 0.048688
0.399994 3.470430 0.047343
0.400500 3.356443 0.045728
0.401007 3.418035 0.047751
0.401513 3.434943 0.048148
0.402020 3.396827 0.047599
0.402526 3.446542 0.049185
0.403032 3.412035 0.049520
0.403539 3.359853 0.046490
0.404045 3.298134 0.048268
0.404551 3.410320 0.049305
0.405058 3.416652 0.049986
0.405564 3.336573 0.048082
0.406071 3.465104 0.049425
0.406577 3.299868 0.050375
0.407083 3.349587 0.049862
0.407590 3.419568 0.049224
0.408096 3.405994 0.051803
0.408602 3.394215 0.049119
0.409109 3.470804 0.050199
0.409615 3.297004 0.048739
0.410121 3.402296 0.048950
0.410628 3.388878 0.048342
0.411134 3.428611 0.050147
0.411641 3.371125 0.051547
0.412147 3.349758 0.047974
0.412653 3.396601 0.051443
0.413160 3.417427 0.051664
0.413666 3.320887 0.051310
0.414172 3.353850 0.051625
0.414679 3.272621 0.052152
0.415185 3.282806 0.051479
0.415691 3.233865 0.052043
0.416198 3.311016 0.051206
0.416704 3.295376 0.052204
0.417210 3.220605 0.051041
0.417717 3.275654 0.053369
0.418223 3.253358 0.051175
0.418729 3.260053 0.050572
0.419236 3.321477 0.054117
0.419742 3.330148 0.050669
0.420248 3.399763 0.053546
0.420755 3.348557 0.054315
0.421261 3.210601 0.052036
0.421767 3.442969 0.054016
0.422274 3.259198 0.053814
0.422780 3.293049 0.053092
0.423286 3.341751 0.053904
0.423793 3.442463 0.053957
0.424299 3.276633 0.054315
0.424805 3.375588 0.057078
0.425312 3.289893 0.054564
0.425818 3.383783 0.054415
0.426324 3.274856 0.056615
0.426831 3.301181 0.057752
0.427337 3.401162 0.058459
0.427843 3.368768 0.058756
0.428350 3.412039 0.059265
0.428856 3.292899 0.057507
0.429362 3.312506 0.056753
0.429869 3.448654 0.059923
0.430375 3.386687 0.060817
0.430881 3.356460 0.059361
0.431388 3.358332 0.059348
0.431894 3.344031 0.062939
0.432400 3.263965 0.059838
0.432907 3.238666 0.061525
0.433413 3.331803 0.066662
0.433919 3.225989 0.061791
0.434425 3.199843 0.063850
0.434932 3.319216 0.064583
0.435438 3.345966 0.063273
0.435944 3.319509 0.064522
0.436451 3.252256 0.066657
0.436957 3.323018 0.065023
0.437463 3.350952 0.069258
0.437970 3.316987 0.063316
0.438476 3.217609 0.063937
0.438982 3.456895 0.072651
0.439488 3.283339 0.068407
0.439995 3.280126 0.068996
