0.009882 107.444833 25.319364
0.010389 74.771131 13.512915
0.010896 70.634925 14.100347
0.011402 58.818467 10.704190
0.011909 33.421229 6.342349
0.012416 39.727500 5.979358
0.012923 27.972778 3.673768
0.013430 21.671380 3.791626
0.013936 21.820671 2.452039
0.014443 19.453145 1.682222
0.014950 16.890767 1.059547
0.015457 15.200137 0.841732
0.015963 14.056739 0.683030
0.016470 13.521611 0.568099
0.016977 12.228705 0.410828
0.017484 11.578512 0.440622
0.017990 11.134465 0.275816
0.018497 10.495186 0.225590
0.019004 9.732191 0.229119
0.019511 9.473821 0.194516
0.020018 8.816461 0.194159
0.020524 8.396896 0.185758
0.021031 8.364513 0.164915
0.021538 8.267804 0.163180
0.022045 7.926462 0.166048
0.022551 7.670252 0.163598
0.023058 7.737170 0.153931
0.023565 7.475313 0.144948
0.024072 7.346912 0.145256
0.024579 7.190224 0.147502
0.025085 6.986317 0.131660
0.025592 6.694990 0.133652
0.026099 6.869389 0.136942
0.026606 6.509267 0.126244
0.027112 6.754620 0.131581
0.027619 6.285898 0.126476
0.028126 6.314612 0.114097
0.028633 6.188566 0.113499
0.029139 6.219380 0.125491
0.029646 5.933086 0.116978
0.030153 5.971947 0.112474
0.030660 5.836063 0.110926
0.031167 5.924134 0.106998
0.031673 5.786972 0.109931
0.032180 5.693774 0.109051
0.032687 5.753771 0.107093
0.033194 5.556008 0.107122
0.033700 5.660403 0.103628
0.034207 5.460623 0.099838
0.034714 5.223901 0.098856
0.035221 5.457667 0.100961
0.035727 5.360977 0.099030
0.036234 5.232569 0.094732
0.036741 5.303940 0.089490
0.037248 5.405648 0.093176
0.037755 5.356596 0.088786
0.038261 5.282610 0.095170
0.038768 5.298003 0.090228
0.039275 5.192924 0.086189
0.039782 5.152313 0.088173
0.040288 5.110719 0.092216
0.040795 5.183430 0.083398
0.041302 5.079773 0.091323
0.041809 5.079731 0.083262
0.042315 5.149451 0.090346
0.042822 5.044735 0.085941
0.043329 5.010732 0.085045
0.043836 4.978212 0.081323
0.044343 5.071613 0.082602
0.044849 5.033956 0.082170
0.045356 4.983446 0.083038
0.045863 5.029413 0.085914
0.046370 4.930516 0.082363
0.046876 4.845949 0.079923
0.047383 5.012386 0.082888
0.047890 4.831136 0.082248
0.048397 4.896815 0.075933
0.048903 4.892583 0.074975
0.049410 4.951471 0.078594
0.049917 4.874542 0.080824
0.050424 4.711185 0.076066
0.050931 4.811987 0.073518
0.051437 4.764491 0.075853
0.051944 4.899452 0.072875
0.052451 4.815547 0.074553
0.052958 4.843661 0.074209
0.053464 4.847216 0.072312
0.053971 4.542610 0.070519
0.054478 4.711799 0.071672
0.054985 4.742201 0.071522
0.055491 4.693649 0.067976
0.055998 4.753298 0.071614
0.056505 4.719265 0.069673
0.057012 4.686884 0.070552
0.057519 4.649565 0.073323
0.058025 4.692099 0.070049
0.058532 4.656104 0.065162
0.059039 4.739004 0.068189
0.059546 4.629766 0.069447
0.060052 4.668321 0.065992
0.060559 4.470269 0.069030
0.061066 4.607450 0.066981
0.061573 4.686676 0.065930
0.062079 4.694497 0.067473
0.062586 4.744054 0.065247
0.063093 4.685032 0.065305
0.063600 4.654898 0.064175
0.064106 4.600542 0.066011
0.064613 4.617786 0.065301
0.065120 4.592000 0.063582
0.065627 4.676233 0.061742
0.066134 4.596948 0.063180
0.066640 4.533269 0.061461
0.067147 4.580869 0.061158
0.067654 4.573660 0.062921
0.068161 4.566306 0.060923
0.068667 4.592987 0.060423
0.069174 4.569165 0.062807
0.069681 4.628371 0.062872
0.070188 4.514926 0.065612
0.070694 4.599380 0.061738
0.071201 4.524616 0.062220
0.071708 4.585360 0.060897
0.072215 4.560953 0.059517
0.072721 4.662325 0.061998
0.073228 4.505789 0.060052
0.073735 4.567254 0.058135
0.074242 4.604664 0.062703
0.074748 4.632281 0.060803
0.075255 4.538474 0.059804
0.075762 4.487171 0.059224
0.076269 4.467411 0.059072
0.076776 4.444409 0.056986
0.077282 4.575638 0.058654
0.077789 4.464348 0.058023
0.078296 4.569681 0.057789
0.078803 4.532292 0.054886
0.079309 4.488860 0.058733
0.079816 4.607410 0.061883
0.080323 4.470695 0.058268
0.080830 4.533755 0.058418
0.081336 4.505522 0.060749
0.081843 4.523918 0.058186
0.082350 4.468953 0.056352
0.082857 4.482323 0.058348
0.083363 4.604590 0.061359
0.083870 4.523524 0.059519
0.084377 4.447866 0.059081
0.084884 4.427398 0.057425
0.085390 4.509534 0.060203
0.085897 4.507944 0.058488
0.086404 4.444846 0.059207
0.086911 4.386021 0.058771
0.087417 4.420964 0.056461
0.087924 4.455173 0.057140
0.088431 4.463802 0.059409
0.088938 4.405604 0.056982
0.089444 4.353833 0.059594
0.089951 4.475860 0.058167
0.090458 4.436120 0.058288
0.090965 4.407276 0.057660
0.091471 4.416234 0.057088
0.091978 4.442400 0.061301
0.092485 4.457841 0.058995
0.092992 4.347580 0.059748
0.093498 4.357725 0.057011
0.094005 4.328222 0.056828
0.094512 4.501175 0.055788
0.095019 4.283688 0.055607
0.095525 4.430137 0.056996
0.096032 4.379138 0.056979
0.096539 4.379815 0.055482
0.097046 4.404672 0.056184
0.097552 4.395997 0.057804
0.098059 4.379525 0.056201
0.098566 4.324135 0.055396
0.099073 4.408520 0.056712
0.099579 4.366613 0.058578
0.100086 4.363031 0.056696
0.100593 4.217971 0.056733
0.101100 4.350230 0.055699
0.101606 4.422627 0.058298
0.102113 4.343782 0.054546
0.102620 4.379938 0.056729
0.103127 4.347770 0.057808
0.103633 4.470635 0.059282
0.104140 4.356669 0.057082
0.104647 4.410820 0.059618
0.105154 4.258235 0.056234
0.105660 4.262348 0.056049
0.106167 4.328061 0.055962
0.106674 4.326332 0.055705
0.107181 4.258526 0.054259
0.107687 4.350760 0.054183
0.108194 4.381903 0.054536
0.108701 4.261311 0.052020
0.109208 4.264660 0.052224
0.109714 4.329790 0.053061
0.110221 4.227352 0.052914
0.110728 4.239736 0.052622
0.111235 4.291980 0.049601
0.111741 4.260021 0.052487
0.112248 4.268793 0.051443
0.112755 4.154112 0.050462
0.113262 4.290547 0.051701
0.113768 4.275955 0.051341
0.114275 4.288324 0.051017
0.114782 4.303168 0.052157
0.115289 4.309819 0.051258
0.115795 4.236615 0.048868
0.116302 4.304121 0.050618
0.116809 4.195864 0.048711
0.117316 4.231995 0.048683
0.117822 4.293759 0.048757
0.118329 4.284407 0.050154
0.118836 4.149919 0.049530
0.119342 4.233719 0.047838
0.119849 4.205493 0.047577
0.120356 4.238755 0.050184
0.120863 4.216594 0.049050
0.121369 4.136366 0.047908
0.121876 4.234532 0.048219
0.122383 4.233562 0.047913
0.122890 4.177321 0.047597
0.123396 4.242309 0.049153
0.123903 4.189481 0.048576
0.124410 4.256294 0.047178
0.124917 4.077189 0.047198
0.125423 4.204160 0.046754
0.125930 4.175129 0.046271
0.126437 4.135232 0.046113
0.126944 4.198794 0.045213
0.127450 4.131922 0.045337
0.127957 4.152585 0.045813
0.128464 4.268848 0.046881
0.128970 4.239726 0.046578
0.129477 4.212789 0.045933
0.129984 4.197946 0.045185
0.130491 4.214751 0.045937
0.130997 4.111302 0.046478
0.131504 4.229555 0.043512
0.132011 4.209505 0.043663
0.132518 4.247056 0.044479
0.133024 4.158572 0.044668
0.133531 4.272315 0.043669
0.134038 4.181795 0.044423
0.134545 4.249786 0.043582
0.135051 4.205429 0.044543
0.135558 4.211494 0.044307
0.136065 4.206028 0.043525
0.136571 4.179001 0.043881
0.137078 4.100765 0.042850
0.137585 4.231169 0.043704
0.138092 4.135108 0.043996
0.138598 4.131565 0.043586
0.139105 4.142431 0.042551
0.139612 4.198296 0.043613
0.140119 4.157291 0.042797
0.140625 4.112179 0.042863
0.141132 4.185214 0.042889
0.141639 4.144815 0.042643
0.142145 4.189454 0.042908
0.142652 4.127585 0.043371
0.143159 4.122283 0.042751
0.143666 4.132060 0.042692
0.144172 4.114477 0.041921
0.144679 4.121149 0.041934
0.145186 4.081053 0.040674
0.145692 4.097917 0.042002
0.146199 4.140148 0.041393
0.146706 4.129555 0.040793
0.147213 4.066104 0.041406
0.147719 4.170772 0.042512
0.148226 4.160599 0.039926
0.148733 4.111169 0.040864
0.149240 4.065700 0.040417
0.149746 4.198611 0.041960
0.150253 4.101995 0.040587
0.150760 4.149354 0.041441
0.151266 4.071132 0.040673
0.151773 4.090342 0.040732
0.152280 4.106540 0.040078
0.152787 4.110719 0.041612
0.153293 4.151084 0.040927
0.153800 4.068237 0.040070
0.154307 4.088051 0.040318
0.154813 4.081315 0.040590
0.155320 4.077340 0.039622
0.155827 4.055436 0.040062
0.156334 4.060846 0.039628
0.156840 4.035855 0.039643
0.157347 4.149160 0.039567
0.157854 4.016492 0.039556
0.158360 4.131964 0.039270
0.158867 4.113495 0.039317
0.159374 4.086498 0.038830
0.159881 4.110019 0.038877
0.160387 4.087446 0.039403
0.160894 4.064241 0.039150
0.161401 4.139856 0.039361
0.161907 4.101207 0.039688
0.162414 4.051331 0.038815
0.162921 4.094369 0.039275
0.163427 4.025649 0.037774
0.163934 3.992152 0.037969
0.164441 3.990288 0.039056
0.164948 4.086839 0.039671
0.165454 3.989279 0.038419
0.165961 4.055051 0.038721
0.166468 4.065672 0.037732
0.166974 4.011375 0.037566
0.167481 3.991771 0.037830
0.167988 4.064104 0.038418
0.168495 4.069555 0.038988
0.169001 4.078694 0.039428
0.169508 4.011638 0.038201
0.170015 4.101659 0.039743
0.170521 4.044380 0.039132
0.171028 4.008000 0.039224
0.171535 4.011467 0.039532
0.172041 3.971319 0.039255
0.172548 4.011214 0.038951
0.173055 4.062149 0.039144
0.173562 4.008133 0.038419
0.174068 4.032618 0.040506
0.174575 3.959140 0.039210
0.175082 4.015493 0.038640
0.175588 3.982622 0.038623
0.176095 4.068876 0.039247
0.176602 4.019640 0.038930
0.177108 4.011856 0.038544
0.177615 4.029400 0.038238
0.178122 3.997570 0.039387
0.178629 4.027425 0.039547
0.179135 4.059531 0.038968
0.179642 3.962501 0.038602
0.180149 4.056994 0.039853
0.180655 3.986960 0.038763
0.181162 3.974325 0.039973
0.181669 4.013963 0.038667
0.182175 4.040471 0.038984
0.182682 4.028273 0.039802
0.183189 4.089934 0.039645
0.183695 4.099702 0.039486
0.184202 4.009483 0.040037
0.184709 4.018397 0.039816
0.185216 3.985400 0.040120
0.185722 3.967386 0.040215
0.186229 4.027510 0.041875
0.186736 4.008000 0.041006
0.187242 3.911774 0.040685
0.187749 4.061884 0.041015
0.188256 3.964701 0.040650
0.188762 4.046360 0.040220
0.189269 3.972307 0.040601
0.189776 3.993647 0.042722
0.190282 4.077725 0.041677
0.190789 3.987637 0.041538
0.191296 4.084821 0.041936
0.191802 4.001715 0.042762
0.192309 3.991540 0.042595
0.192816 4.012941 0.041583
0.193323 4.045961 0.041131
0.193829 4.040798 0.042703
0.194336 3.927669 0.041681
0.194843 3.948301 0.041777
0.195349 3.973614 0.042104
0.195856 3.917266 0.040484
0.196363 4.069482 0.042211
0.196869 3.927227 0.042195
0.197376 4.007871 0.043092
0.197883 3.995610 0.043080
0.198389 3.932648 0.041741
0.198896 3.970907 0.042297
0.199403 3.971146 0.042490
0.199909 3.989684 0.040540
0.200416 3.995196 0.042103
0.200923 3.898688 0.041312
0.201429 4.013215 0.043156
0.201936 3.956750 0.041111
0.202443 3.914306 0.041704
0.202949 3.966361 0.041604
0.203456 3.975328 0.042607
0.203963 3.889105 0.043302
0.204469 3.988368 0.041970
0.204976 3.999092 0.043243
0.205483 3.969383 0.042727
0.205989 3.965437 0.042953
0.206496 4.016883 0.044153
0.207003 3.948626 0.041584
0.207509 4.000519 0.043631
0.208016 4.007206 0.042436
0.208523 3.934212 0.042960
0.209029 4.010568 0.042930
0.209536 3.955002 0.042547
0.210043 3.958744 0.041786
0.210549 3.891042 0.042402
0.211056 3.933308 0.043350
0.211563 3.933381 0.042429
0.212069 3.954688 0.041023
0.212576 3.893216 0.041941
0.213083 3.837433 0.041415
0.213589 3.951316 0.041307
0.214096 3.847715 0.041930
0.214603 3.875129 0.043086
0.215109 3.860719 0.042211
0.215616 3.940081 0.042396
0.216123 3.943720 0.043012
0.216629 3.906700 0.041319
0.217136 3.892193 0.041707
0.217643 3.926651 0.041954
0.218149 3.801838 0.040560
0.218656 3.911159 0.041698
0.219163 3.851074 0.042510
0.219669 3.914247 0.042908
0.220176 3.930651 0.041312
0.220683 3.920633 0.040575
0.221189 3.917026 0.040774
0.221696 3.908142 0.040909
0.222203 3.868415 0.042995
0.222709 3.886928 0.042753
0.223216 3.838637 0.040563
0.223722 3.859020 0.040380
0.224229 3.916012 0.041584
0.224736 3.857138 0.042131
0.225242 3.976330 0.042564
0.225749 3.824588 0.041563
0.226256 3.920971 0.040705
0.226762 3.895729 0.042116
0.227269 3.855464 0.040697
0.227776 3.870670 0.040373
0.228282 3.911084 0.041459
0.228789 3.867113 0.041602
0.229296 3.912428 0.040241
0.229802 3.845966 0.039192
0.230309 3.873238 0.041375
0.230816 3.846777 0.040697
0.231322 3.924649 0.039898
0.231829 3.866724 0.039833
0.232335 3.853159 0.041515
0.232842 3.864161 0.039769
0.233349 3.794088 0.038646
0.233855 4.000190 0.039533
0.234362 3.879763 0.039479
0.234869 3.841495 0.039110
0.235375 3.813351 0.039035
0.235882 3.848494 0.038612
0.236389 3.830153 0.038110
0.236895 3.772594 0.038699
0.237402 3.873886 0.039249
0.237908 3.929449 0.039603
0.238415 3.850605 0.038660
0.238922 3.804554 0.038635
0.239428 3.823855 0.037947
0.239935 3.828231 0.038330
0.240442 3.827485 0.037108
0.240948 3.826242 0.040215
0.241455 3.871343 0.038465
0.241962 3.835495 0.037834
0.242468 3.794128 0.037695
0.242975 3.849814 0.039268
0.243481 3.769086 0.037336
0.243988 3.837421 0.037637
0.244495 3.846315 0.038243
0.245001 3.838068 0.038569
0.245508 3.765459 0.036519
0.246015 3.861066 0.038659
0.246521 3.780600 0.036545
0.247028 3.872646 0.038185
0.247534 3.779959 0.037628
0.248041 3.781915 0.037150
0.248548 3.764799 0.036771
0.249054 3.810426 0.036837
0.249561 3.781492 0.037058
0.250068 3.837965 0.036987
0.250574 3.799796 0.037116
0.251081 3.777448 0.037047
0.251587 3.777239 0.037056
0.252094 3.866738 0.036860
0.252601 3.823336 0.036130
0.253107 3.751337 0.035737
0.253614 3.863640 0.036674
0.254120 3.752026 0.035680
0.254627 3.843187 0.037255
0.255134 3.732818 0.036144
0.255640 3.776609 0.036327
0.256147 3.788830 0.036008
0.256654 3.795549 0.036826
0.257160 3.781022 0.035163
0.257667 3.767038 0.036252
0.258173 3.830940 0.036547
0.258680 3.697129 0.035421
0.259187 3.793535 0.035260
0.259693 3.863180 0.035102
0.260200 3.816819 0.035262
0.260706 3.756385 0.035303
0.261213 3.748758 0.035258
0.261720 3.749385 0.035769
0.262226 3.770001 0.034953
0.262733 3.770266 0.034529
0.263239 3.821339 0.035358
0.263746 3.722101 0.035110
0.264253 3.718349 0.034977
0.264759 3.775842 0.035188
0.265266 3.829394 0.035315
0.265772 3.770644 0.034487
0.266279 3.772947 0.035404
0.266786 3.748118 0.034864
0.267292 3.764792 0.035191
0.267799 3.778524 0.034323
0.268305 3.765433 0.034573
0.268812 3.762260 0.034756
0.269319 3.836895 0.035202
0.269825 3.768675 0.034293
0.270332 3.764999 0.034526
0.270838 3.781253 0.033624
0.271345 3.812153 0.035190
0.271852 3.718929 0.034325
0.272358 3.762888 0.034358
0.272865 3.743263 0.034081
0.273371 3.703633 0.033687
0.273878 3.739069 0.034046
0.274385 3.744094 0.034266
0.274891 3.756652 0.033577
0.275398 3.665438 0.033314
0.275904 3.722316 0.034477
0.276411 3.710950 0.032650
0.276917 3.732899 0.033353
0.277424 3.774970 0.033566
0.277931 3.732590 0.033899
0.278437 3.746512 0.033075
0.278944 3.706289 0.032891
0.279450 3.733122 0.033906
0.279957 3.754103 0.033408
0.280464 3.767158 0.033317
0.280970 3.787251 0.034587
0.281477 3.700437 0.033038
0.281983 3.685984 0.033383
0.282490 3.713618 0.033512
0.282996 3.748373 0.034135
0.283503 3.653535 0.033232
0.284010 3.700502 0.033152
0.284516 3.702844 0.032328
0.285023 3.692758 0.032493
0.285529 3.717458 0.033235
0.286036 3.713225 0.032677
0.286542 3.725301 0.032804
0.287049 3.650629 0.032900
0.287556 3.724718 0.032180
0.288062 3.688853 0.033713
0.288569 3.683573 0.032676
0.289075 3.685376 0.032768
0.289582 3.699176 0.033246
0.290088 3.708910 0.032980
0.290595 3.641938 0.032574
0.291102 3.736600 0.033360
0.291608 3.703874 0.033555
0.292115 3.708413 0.032845
0.292621 3.610095 0.032689
0.293128 3.674562 0.032942
0.293634 3.717977 0.033204
0.294141 3.653464 0.032867
0.294647 3.589889 0.033208
0.295154 3.672377 0.033350
0.295661 3.621511 0.032191
0.296167 3.654773 0.032971
0.296674 3.670742 0.033434
0.297180 3.602199 0.032752
0.297687 3.623649 0.032977
0.298193 3.674845 0.032288
0.298700 3.629338 0.032880
0.299206 3.578921 0.032799
0.299713 3.642601 0.033048
0.300220 3.679349 0.031581
0.300726 3.629524 0.032551
0.301233 3.632850 0.032484
0.301739 3.653567 0.032137
0.302246 3.648666 0.032893
0.302752 3.626365 0.033115
0.303259 3.622601 0.032411
0.303765 3.634885 0.032543
0.304272 3.635314 0.031280
0.304779 3.718845 0.032451
0.305285 3.621373 0.033056
0.305792 3.629150 0.032837
0.306298 3.594074 0.031887
0.306805 3.611916 0.032555
0.307311 3.670130 0.032746
0.307818 3.557458 0.032531
0.308324 3.645826 0.032074
0.308831 3.652103 0.031812
0.309337 3.626824 0.033049
0.309844 3.614082 0.032168
0.310350 3.564899 0.032639
0.310857 3.566431 0.032618
0.311364 3.596610 0.033873
0.311870 3.591748 0.034155
0.312377 3.558003 0.033804
0.312883 3.612760 0.034214
0.313390 3.643737 0.034344
0.313896 3.623623 0.034290
0.314403 3.607642 0.035121
0.314909 3.634165 0.034876
0.315416 3.611070 0.035272
0.315922 3.613396 0.034589
0.316429 3.555465 0.034399
0.316935 3.615355 0.036128
0.317442 3.637157 0.034934
0.317948 3.603973 0.034735
0.318455 3.566307 0.034926
0.318961 3.564651 0.035298
0.319468 3.551784 0.034738
0.319975 3.646188 0.035493
0.320481 3.563093 0.034760
0.320988 3.592350 0.036047
0.321494 3.642153 0.035953
0.322001 3.584545 0.035403
0.322507 3.623969 0.035893
0.323014 3.568467 0.034572
0.323520 3.607321 0.036428
0.324027 3.632165 0.036025
0.324533 3.581198 0.035404
0.325040 3.572709 0.035345
0.325546 3.528700 0.035037
0.326053 3.611726 0.036074
0.326559 3.571084 0.034440
0.327066 3.637507 0.036051
0.327572 3.613848 0.035401
0.328079 3.599151 0.035097
0.328585 3.611673 0.035044
0.329092 3.584362 0.036400
0.329598 3.580797 0.036231
0.330105 3.648619 0.036022
0.330611 3.661383 0.035476
0.331118 3.563147 0.035016
0.331624 3.605366 0.036082
0.332131 3.520106 0.036128
0.332637 3.571753 0.035495
0.333144 3.549415 0.036279
0.333650 3.570222 0.035400
0.334157 3.637079 0.036139
0.334663 3.603168 0.035611
0.335170 3.607417 0.036078
0.335676 3.587549 0.035667
0.336183 3.561018 0.035695
0.336689 3.525442 0.036186
0.337196 3.516638 0.036521
0.337702 3.575364 0.036057
0.338209 3.578870 0.036342
0.338715 3.484602 0.035505
0.339222 3.594071 0.036297
0.339728 3.557457 0.035852
0.340235 3.542240 0.036420
0.340741 3.551149 0.036598
0.341248 3.612383 0.036619
0.341754 3.542001 0.036396
0.342261 3.535306 0.036634
0.342767 3.600322 0.037029
0.343274 3.528620 0.036063
0.343780 3.563555 0.037035
0.344287 3.566418 0.037054
0.344793 3.592678 0.037078
0.345300 3.576096 0.037511
0.345806 3.550894 0.037169
0.346313 3.568793 0.036576
0.346819 3.585398 0.036919
0.347325 3.520372 0.036965
0.347832 3.546028 0.037149
0.348338 3.564131 0.036644
0.348845 3.576842 0.036453
0.349351 3.585280 0.037173
0.349858 3.571641 0.036656
0.350364 3.568603 0.036582
0.350871 3.567152 0.037338
0.351377 3.560440 0.038165
0.351884 3.521385 0.036575
0.352390 3.533550 0.037119
0.352897 3.533718 0.036863
0.353403 3.513008 0.036065
0.353910 3.514587 0.036842
0.354416 3.563865 0.037070
0.354923 3.538296 0.036142
0.355429 3.585478 0.034760
0.355935 3.504159 0.035733
0.356442 3.453519 0.034981
0.356948 3.520879 0.034884
0.357455 3.527198 0.033931
0.357961 3.597196 0.034701
0.358468 3.491068 0.034454
0.358974 3.526419 0.035296
0.359481 3.569092 0.036074
0.359987 3.527528 0.036281
0.360494 3.505916 0.034629
0.361000 3.534933 0.035571
0.361506 3.485977 0.035115
0.362013 3.538209 0.035560
0.362519 3.563807 0.035359
0.363026 3.502088 0.035169
0.363532 3.499686 0.035629
0.364039 3.511439 0.036189
0.364545 3.481354 0.035357
0.365052 3.549829 0.035498
0.365558 3.535267 0.036347
0.366064 3.574072 0.035781
0.366571 3.501067 0.036616
0.367077 3.556754 0.036692
0.367584 3.548855 0.036153
0.368090 3.517372 0.036590
0.368597 3.524878 0.035613
0.369103 3.476419 0.036660
0.369610 3.457497 0.037324
0.370116 3.457823 0.036773
0.370622 3.469364 0.036088
0.371129 3.417018 0.037188
0.371635 3.459813 0.036910
0.372142 3.417096 0.036149
0.372648 3.527552 0.038058
0.373155 3.417667 0.036314
0.373661 3.542726 0.038563
0.374167 3.475886 0.036870
0.374674 3.465167 0.037270
0.375180 3.420605 0.038167
0.375687 3.507298 0.038685
0.376193 3.415200 0.038495
0.376700 3.497440 0.038910
0.377206 3.457693 0.038279
0.377712 3.454779 0.039071
0.378219 3.460940 0.039051
0.378725 3.495274 0.038364
0.379232 3.459464 0.038465
0.379738 3.444448 0.040012
0.380245 3.433563 0.039467
0.380751 3.470508 0.039204
0.381257 3.461222 0.039726
0.381764 3.480800 0.039778
0.382270 3.479279 0.039487
0.382777 3.440859 0.039916
0.383283 3.537254 0.041217
0.383789 3.475308 0.041020
0.384296 3.441751 0.041285
0.384802 3.506908 0.041835
0.385309 3.413418 0.041194
0.385815 3.420372 0.041669
0.386321 3.391701 0.040589
0.386828 3.474688 0.042652
0.387334 3.464336 0.043032
0.387841 3.475705 0.042987
0.388347 3.481846 0.043681
0.388853 3.437691 0.041639
0.389360 3.421116 0.042979
0.389866 3.474708 0.043033
0.390373 3.456293 0.041765
0.390879 3.378293 0.043722
0.391385 3.498513 0.045005
0.391892 3.438845 0.044479
0.392398 3.495029 0.044678
0.392905 3.470603 0.044713
0.393411 3.409313 0.044235
0.393917 3.448675 0.044309
0.394424 3.335216 0.052505
0.394930 3.372275 0.045183
0.395437 3.503568 0.045023
0.395943 3.368759 0.044995
0.396449 3.448573 0.044448
0.396956 3.363903 0.044576
0.397462 3.354119 0.046114
0.397969 3.433249 0.045078
0.398475 3.371361 0.046354
0.398981 3.455394 0.045833
0.399488 3.441521 0.045520
0.399994 3.460408 0.047542
0.400500 3.400649 0.046798
0.401007 3.390315 0.048642
0.401513 3.350231 0.048129
0.402020 3.372866 0.048208
0.402526 3.398487 0.048687
0.403032 3.379051 0.046527
0.403539 3.345309 0.048524
0.404045 3.456848 0.049553
0.404551 3.470328 0.049893
0.405058 3.423799 0.048565
0.405564 3.367910 0.048140
0.406071 3.257852 0.048577
0.406577 3.398864 0.051345
0.407083 3.392493 0.048734
0.407590 3.382727 0.048491
0.408096 3.381407 0.051585
0.408602 3.334392 0.048331
0.409109 3.490290 0.050077
0.409615 3.358214 0.048958
0.410121 3.339047 0.051086
0.410628 3.389647 0.049647
0.411134 3.397108 0.049655
0.411641 3.367196 0.050631
0.412147 3.403435 0.052227
0.412653 3.329235 0.050431
0.413160 3.358666 0.051314
0.413666 3.360365 0.052226
0.414172 3.276894 0.049587
0.414679 3.316897 0.052589
0.415185 3.263766 0.051723
0.415691 3.280616 0.050011
0.416198 3.303887 0.051464
0.416704 3.333887 0.050807
0.417210 3.224776 0.053419
0.417717 3.285501 0.052886
0.418223 3.325565 0.051556
0.418729 3.342922 0.052309
0.419236 3.317203 0.053205
0.419742 3.335208 0.052001
0.420248 3.291224 0.052253
0.420755 3.407838 0.054145
0.421261 3.381938 0.054346
0.421767 3.342105 0.052195
0.422274 3.353629 0.052823
0.422780 3.392483 0.055645
0.423286 3.339958 0.055018
0.423793 3.390127 0.054866
0.424299 3.283454 0.055873
0.424805 3.373683 0.056834
0.425312 3.291746 0.055151
0.425818 3.313741 0.053904
0.426324 3.380497 0.057407
0.426831 3.386513 0.057657
0.427337 3.288246 0.056160
0.427843 3.322803 0.058578
0.428350 3.347127 0.058202
0.428856 3.218901 0.057447
0.429362 3.294907 0.059016
0.429869 3.343203 0.059762
0.430375 3.409983 0.060200
0.430881 3.430476 0.061868
0.431388 3.427186 0.064985
0.431894 3.324188 0.059232
0.432400 3.301999 0.060014
0.432907 3.329717 0.059056
0.433413 3.395219 0.063307
0.433919 3.327939 0.060435
0.434425 3.300702 0.063533
0.434932 3.400896 0.063528
0.435438 3.266978 0.063185
0.435944 3.261611 0.066630
0.436451 3.302628 0.066321
0.436957 3.333851 0.069032
0.437463 3.342705 0.066188
0.437970 3.240639 0.064227
0.438476 3.183931 0.064466
0.438982 3.407676 0.070894
0.439488 3.353634 0.070443
0.439995 3.361025 0.068563
