0.009882 108.500393 24.655321
0.010389 73.500292 13.118271
0.010896 67.961837 12.901938
0.011402 57.618461 10.279533
0.011909 33.842284 5.864890
0.012416 35.800206 6.273882
0.012923 27.082361 3.836871
0.013430 22.452207 3.569923
0.013936 20.833485 2.326138
0.014443 19.230920 1.821958
0.014950 16.695453 0.971240
0.015457 15.917952 0.897416
0.015963 15.100145 0.705084
0.016470 12.662706 0.500310
0.016977 12.396687 0.399329
0.017484 11.448781 0.349816
0.017990 10.656847 0.269136
0.018497 10.574395 0.247498
0.019004 9.890087 0.236081
0.019511 9.592244 0.190329
0.020018 9.196058 0.202305
0.020524 8.704593 0.187790
0.021031 8.234956 0.193337
0.021538 8.044751 0.166978
0.022045 7.958042 0.172737
0.022551 7.855822 0.169191
0.023058 7.649506 0.164538
0.023565 7.189593 0.149377
0.024072 7.411928 0.147971
0.024579 6.722377 0.140068
0.025085 6.939225 0.131711
0.025592 6.637768 0.149018
0.026099 6.708621 0.135528
0.026606 6.376796 0.122451
0.027112 6.417902 0.118966
0.027619 6.329482 0.125474
0.028126 6.281514 0.118526
0.028633 6.186241 0.122911
0.029139 6.283309 0.119445
0.029646 6.114300 0.115886
0.030153 5.945859 0.112032
0.030660 5.820944 0.112193
0.031167 5.835000 0.113994
0.031673 5.733140 0.110350
0.032180 5.730066 0.104528
0.032687 5.737609 0.106173
0.033194 5.577535 0.107951
0.033700 5.543210 0.098382
0.034207 5.615346 0.104572
0.034714 5.351449 0.096429
0.035221 5.491002 0.095603
0.035727 5.414551 0.092688
0.036234 5.488480 0.101925
0.036741 5.309176 0.094348
0.037248 5.439151 0.098206
0.037755 5.425507 0.093844
0.038261 5.187367 0.092679
0.038768 5.223986 0.088203
0.039275 5.245897 0.090996
0.039782 5.179515 0.084456
0.040288 5.131520 0.087513
0.040795 5.034751 0.090085
0.041302 5.081330 0.084057
0.041809 5.099731 0.088370
0.042315 5.042516 0.086976
0.042822 4.941177 0.085724
0.043329 5.098146 0.088320
0.043836 5.046163 0.084906
0.044343 4.910986 0.084412
0.044849 5.099696 0.083408
0.045356 4.942482 0.079463
0.045863 4.989354 0.081743
0.046370 4.902288 0.076770
0.046876 4.968463 0.080445
0.047383 4.849025 0.080028
0.047890 4.815386 0.079908
0.048397 4.828156 0.078523
0.048903 4.854508 0.078300
0.049410 4.839651 0.077647
0.049917 4.877012 0.077576
0.050424 4.830897 0.077464
0.050931 4.929501 0.076660
0.051437 4.862236 0.073267
0.051944 4.778406 0.071669
0.052451 4.804806 0.074987
0.052958 4.753686 0.073566
0.053464 4.862092 0.073469
0.053971 4.776777 0.074424
0.054478 4.611453 0.069854
0.054985 4.768672 0.071536
0.055491 4.667599 0.073439
0.055998 4.767461 0.070201
0.056505 4.631144 0.068720
0.057012 4.699733 0.068065
0.057519 4.714888 0.071130
0.058025 4.839991 0.072590
0.058532 4.698792 0.068343
0.059039 4.654194 0.068815
0.059546 4.641131 0.067664
0.060052 4.572926 0.068737
0.060559 4.698034 0.069033
0.061066 4.706266 0.067048
0.061573 4.575549 0.064902
0.062079 4.645071 0.067371
0.062586 4.637424 0.064985
0.063093 4.635939 0.066988
0.063600 4.608030 0.064551
0.064106 4.599600 0.065269
0.064613 4.631833 0.066895
0.065120 4.645081 0.065055
0.065627 4.613495 0.066995
0.066134 4.597860 0.063389
0.066640 4.602775 0.065040
0.067147 4.741929 0.065096
0.067654 4.496723 0.062541
0.068161 4.638886 0.064613
0.068667 4.643338 0.062672
0.069174 4.453391 0.060212
0.069681 4.556121 0.063035
0.070188 4.578024 0.063639
0.070694 4.589319 0.060995
0.071201 4.490278 0.061117
0.071708 4.613793 0.060893
0.072215 4.655544 0.059136
0.072721 4.396384 0.059300
0.073228 4.650641 0.060489
0.073735 4.485767 0.058328
0.074242 4.506966 0.058816
0.074748 4.392359 0.058864
0.075255 4.512950 0.058479
0.075762 4.567501 0.061698
0.076269 4.426777 0.058784
0.076776 4.455418 0.059250
0.077282 4.488099 0.057522
0.077789 4.572936 0.058879
0.078296 4.594840 0.057287
0.078803 4.624439 0.056692
0.079309 4.494978 0.056892
0.079816 4.566616 0.059629
0.080323 4.406716 0.057042
0.080830 4.512787 0.062195
0.081336 4.503138 0.060812
0.081843 4.502364 0.058528
0.082350 4.496009 0.059080
0.082857 4.461091 0.058117
0.083363 4.460098 0.059166
0.083870 4.505207 0.059714
0.084377 4.437586 0.059757
0.084884 4.381639 0.056776
0.085390 4.398566 0.058016
0.085897 4.565909 0.058565
0.086404 4.349429 0.057655
0.086911 4.439049 0.058340
0.087417 4.417063 0.057270
0.087924 4.487767 0.060201
0.088431 4.307781 0.055055
0.088938 4.415063 0.057655
0.089444 4.540226 0.058994
0.089951 4.373661 0.058371
0.090458 4.307072 0.058692
0.090965 4.249046 0.057716
0.091471 4.353762 0.056739
0.091978 4.262026 0.056496
0.092485 4.268828 0.059195
0.092992 4.391340 0.056551
0.093498 4.412432 0.057715
0.094005 4.354338 0.056255
0.094512 4.295604 0.056560
0.095019 4.400614 0.057141
0.095525 4.414604 0.056008
0.096032 4.421869 0.056955
0.096539 4.392758 0.055345
0.097046 4.384741 0.054595
0.097552 4.308579 0.055372
0.098059 4.249529 0.055445
0.098566 4.439737 0.056075
0.099073 4.492963 0.057710
0.099579 4.368119 0.058338
0.100086 4.354106 0.055035
0.100593 4.360991 0.056002
0.101100 4.356949 0.056260
0.101606 4.315335 0.054691
0.102113 4.318436 0.055267
0.102620 4.386817 0.057038
0.103127 4.317409 0.056926
0.103633 4.392342 0.060286
0.104140 4.379260 0.057613
0.104647 4.472070 0.059542
0.105154 4.318867 0.055516
0.105660 4.329604 0.055389
0.106167 4.305795 0.056565
0.106674 4.343415 0.055435
0.107181 4.317334 0.054435
0.107687 4.231859 0.055029
0.108194 4.253334 0.053928
0.108701 4.299450 0.052414
0.109208 4.325730 0.054140
0.109714 4.258500 0.053083
0.110221 4.304918 0.052888
0.110728 4.269219 0.051335
0.111235 4.261206 0.051195
0.111741 4.345833 0.052052
0.112248 4.328091 0.051405
0.112755 4.272443 0.051214
0.113262 4.264715 0.049671
0.113768 4.229565 0.049251
0.114275 4.199664 0.051379
0.114782 4.161106 0.049961
0.115289 4.214938 0.049102
0.115795 4.291199 0.049531
0.116302 4.245160 0.050307
0.116809 4.201863 0.049944
0.117316 4.257665 0.048264
0.117822 4.260583 0.049461
0.118329 4.237560 0.049364
0.118836 4.146473 0.049758
0.119342 4.188782 0.047980
0.119849 4.208309 0.048097
0.120356 4.242773 0.047706
0.120863 4.212117 0.049367
0.121369 4.211786 0.048371
0.121876 4.231754 0.047501
0.122383 4.308103 0.046418
0.122890 4.207777 0.046338
0.123396 4.215648 0.047665
0.123903 4.210817 0.047660
0.124410 4.206584 0.046891
0.124917 4.205620 0.046166
0.125423 4.289851 0.047578
0.125930 4.233991 0.047871
0.126437 4.151577 0.045975
0.126944 4.203041 0.046086
0.127450 4.213125 0.047061
0.127957 4.177937 0.045717
0.128464 4.253367 0.046337
0.128970 4.180440 0.045559
0.129477 4.147923 0.045415
0.129984 4.121319 0.045603
0.130491 4.145740 0.044190
0.130997 4.181568 0.045118
0.131504 4.233946 0.044193
0.132011 4.265371 0.044439
0.132518 4.235862 0.043991
0.133024 4.180972 0.044264
0.133531 4.183749 0.044471
0.134038 4.159118 0.043208
0.134545 4.211389 0.043592
0.135051 4.145925 0.043091
0.135558 4.177596 0.043899
0.136065 4.205557 0.043873
0.136571 4.234907 0.044702
0.137078 4.176353 0.043786
0.137585 4.109540 0.044095
0.138092 4.225960 0.043785
0.138598 4.207982 0.042711
0.139105 4.130506 0.042301
0.139612 4.193324 0.043920
0.140119 4.183603 0.043276
0.140625 4.209367 0.042030
0.141132 4.175917 0.043963
0.141639 4.211000 0.042203
0.142145 4.142875 0.041852
0.142652 4.150045 0.042374
0.143159 4.158724 0.041345
0.143666 4.164274 0.041982
0.144172 4.103178 0.041412
0.144679 4.135666 0.041885
0.145186 4.118868 0.041742
0.145692 4.099637 0.041029
0.146199 4.106631 0.040910
0.146706 4.181475 0.041511
0.147213 4.154700 0.041293
0.147719 4.136260 0.041282
0.148226 4.068310 0.041022
0.148733 4.179188 0.041310
0.149240 4.167625 0.040557
0.149746 4.020732 0.041360
0.150253 4.075900 0.040339
0.150760 4.194510 0.041147
0.151266 4.140357 0.040261
0.151773 4.092417 0.040550
0.152280 4.066260 0.039940
0.152787 4.122252 0.040260
0.153293 4.084739 0.040126
0.153800 4.005279 0.039649
0.154307 4.130076 0.040849
0.154813 4.013116 0.041096
0.155320 4.147313 0.040518
0.155827 4.078675 0.039552
0.156334 4.135049 0.039574
0.156840 4.083740 0.040302
0.157347 4.126591 0.040083
0.157854 4.100854 0.038832
0.158360 4.118215 0.040549
0.158867 4.047595 0.038597
0.159374 4.111456 0.039400
0.159881 4.129585 0.039027
0.160387 4.067857 0.038880
0.160894 4.038866 0.039474
0.161401 3.960542 0.038043
0.161907 4.041848 0.038627
0.162414 4.099706 0.038933
0.162921 4.021567 0.038997
0.163427 4.018483 0.038623
0.163934 4.002297 0.037912
0.164441 4.120026 0.038802
0.164948 4.022918 0.038615
0.165454 4.086584 0.038138
0.165961 4.043278 0.038456
0.166468 4.034989 0.038684
0.166974 4.023969 0.038745
0.167481 4.071715 0.038282
0.167988 3.974707 0.038066
0.168495 4.044097 0.038791
0.169001 4.031094 0.038901
0.169508 4.030135 0.038708
0.170015 3.977332 0.038596
0.170521 4.030582 0.038861
0.171028 4.121198 0.039668
0.171535 3.990014 0.038638
0.172041 4.053748 0.038778
0.172548 4.065069 0.038364
0.173055 4.077481 0.039126
0.173562 4.006984 0.039088
0.174068 4.123027 0.040024
0.174575 4.027721 0.040032
0.175082 4.033896 0.038707
0.175588 4.018017 0.038505
0.176095 3.994727 0.039196
0.176602 4.025869 0.038898
0.177108 4.031234 0.038086
0.177615 3.928335 0.038704
0.178122 4.017331 0.038785
0.178629 4.067320 0.039082
0.179135 3.958627 0.038266
0.179642 3.982784 0.039214
0.180149 4.033521 0.039543
0.180655 4.001605 0.039331
0.181162 3.970741 0.038540
0.181669 3.962976 0.038938
0.182175 4.004754 0.040864
0.182682 4.046411 0.039950
0.183189 3.982902 0.039337
0.183695 4.028032 0.040763
0.184202 3.947636 0.039947
0.184709 3.970659 0.039971
0.185216 4.023987 0.040212
0.185722 3.973715 0.040277
0.186229 4.104703 0.042100
0.186736 4.004562 0.040823
0.187242 4.004596 0.041126
0.187749 4.035431 0.042291
0.188256 4.055119 0.041533
0.188762 3.981222 0.040877
0.189269 4.099670 0.041771
0.189776 4.067579 0.041362
0.190282 4.039494 0.042463
0.190789 3.955964 0.041482
0.191296 3.999432 0.041627
0.191802 3.995039 0.041125
0.192309 3.982214 0.042317
0.192816 4.061268 0.043058
0.193323 4.028367 0.041646
0.193829 3.969071 0.042349
0.194336 3.986657 0.040812
0.194843 4.010893 0.041548
0.195349 3.997741 0.042499
0.195856 4.022710 0.042809
0.196363 3.954473 0.042856
0.196869 3.971667 0.041559
0.197376 3.940378 0.041489
0.197883 3.981474 0.043660
0.198389 3.932648 0.043127
0.198896 3.905907 0.040362
0.199403 4.060310 0.044160
0.199909 3.987388 0.042572
0.200416 3.979515 0.042538
0.200923 4.016900 0.042207
0.201429 3.915635 0.041917
0.201936 3.892790 0.042167
0.202443 3.911981 0.042551
0.202949 3.964060 0.042117
0.203456 3.950717 0.042139
0.203963 3.981490 0.042190
0.204469 3.918152 0.043196
0.204976 4.026541 0.042359
0.205483 4.056462 0.042656
0.205989 3.964018 0.042187
0.206496 3.907399 0.044045
0.207003 4.023048 0.043322
0.207509 4.037600 0.043444
0.208016 3.941662 0.041471
0.208523 3.902431 0.042977
0.209029 3.885122 0.042163
0.209536 3.884797 0.041999
0.210043 3.958766 0.041574
0.210549 4.017253 0.043628
0.211056 3.943283 0.043728
0.211563 3.931519 0.041282
0.212069 3.895383 0.042750
0.212576 3.931311 0.043040
0.213083 3.998111 0.043694
0.213589 4.040291 0.041510
0.214096 3.949372 0.042831
0.214603 3.911779 0.042435
0.215109 4.037235 0.043157
0.215616 3.905363 0.042256
0.216123 3.914282 0.042024
0.216629 3.834895 0.042543
0.217136 3.898540 0.042919
0.217643 3.943718 0.042126
0.218149 3.870979 0.043217
0.218656 3.963861 0.041470
0.219163 3.946274 0.041748
0.219669 3.881928 0.042686
0.220176 3.886255 0.043015
0.220683 3.917030 0.041794
0.221189 3.887132 0.041921
0.221696 3.883950 0.041014
0.222203 3.905373 0.041194
0.222709 3.929711 0.041642
0.223216 3.907469 0.042391
0.223722 3.925339 0.041528
0.224229 3.862344 0.040521
0.224736 3.901632 0.042618
0.225242 3.899221 0.041907
0.225749 3.932385 0.041549
0.226256 3.796377 0.040200
0.226762 3.798158 0.039736
0.227269 3.940276 0.041829
0.227776 3.843880 0.039629
0.228282 3.906734 0.041768
0.228789 3.960265 0.041880
0.229296 3.867092 0.040543
0.229802 3.842915 0.040399
0.230309 3.804395 0.040547
0.230816 3.880602 0.041036
0.231322 3.871360 0.040599
0.231829 3.889201 0.040551
0.232335 3.868810 0.039483
0.232842 3.866635 0.039447
0.233349 3.847069 0.038754
0.233855 3.825816 0.039117
0.234362 3.895913 0.039380
0.234869 3.888655 0.039121
0.235375 3.918970 0.039354
0.235882 3.818336 0.039602
0.236389 3.786615 0.038946
0.236895 3.909735 0.039746
0.237402 3.829192 0.037518
0.237908 3.830145 0.039047
0.238415 3.891851 0.038864
0.238922 3.823996 0.038168
0.239428 3.808399 0.038420
0.239935 3.929159 0.038750
0.240442 3.866213 0.038843
0.240948 3.789135 0.037152
0.241455 3.846053 0.039185
0.241962 3.864109 0.038336
0.242468 3.815825 0.038795
0.242975 3.841239 0.039196
0.243481 3.876449 0.038160
0.243988 3.803203 0.037688
0.244495 3.786145 0.037925
0.245001 3.825969 0.037935
0.245508 3.812368 0.038008
0.246015 3.736054 0.037756
0.246521 3.788107 0.037981
0.247028 3.807177 0.036647
0.247534 3.812544 0.037477
0.248041 3.818312 0.037621
0.248548 3.754428 0.037731
0.249054 3.795355 0.037318
0.249561 3.806726 0.036708
0.250068 3.764714 0.037123
0.250574 3.773189 0.036771
0.251081 3.918685 0.038469
0.251587 3.815225 0.037665
0.252094 3.768181 0.037353
0.252601 3.795400 0.037091
0.253107 3.779838 0.036501
0.253614 3.878634 0.036878
0.254120 3.795383 0.036266
0.254627 3.813905 0.037341
0.255134 3.857292 0.036534
0.255640 3.779728 0.036090
0.256147 3.789530 0.037173
0.256654 3.783601 0.036650
0.257160 3.816031 0.035989
0.257667 3.834776 0.035851
0.258173 3.787812 0.036134
0.258680 3.741236 0.035249
0.259187 3.688351 0.033999
0.259693 3.810661 0.035724
0.260200 3.776975 0.035082
0.260706 3.809990 0.035705
0.261213 3.755498 0.035345
0.261720 3.783022 0.035359
0.262226 3.730162 0.034888
0.262733 3.689442 0.034712
0.263239 3.793794 0.035013
0.263746 3.816115 0.035181
0.264253 3.817278 0.035237
0.264759 3.784550 0.035489
0.265266 3.744706 0.034954
0.265772 3.721458 0.034993
0.266279 3.740002 0.034389
0.266786 3.770732 0.034487
0.267292 3.804916 0.034532
0.267799 3.764726 0.034071
0.268305 3.767368 0.034629
0.268812 3.831615 0.035102
0.269319 3.719777 0.033917
0.269825 3.733007 0.034425
0.270332 3.768203 0.034336
0.270838 3.748090 0.034686
0.271345 3.750631 0.034434
0.271852 3.707870 0.033922
0.272358 3.713597 0.033312
0.272865 3.729886 0.033560
0.273371 3.725545 0.033892
0.273878 3.753401 0.034232
0.274385 3.726877 0.034121
0.274891 3.729878 0.034666
0.275398 3.723889 0.033314
0.275904 3.729173 0.033941
0.276411 3.690500 0.033892
0.276917 3.718518 0.033940
0.277424 3.743245 0.033365
0.277931 3.773604 0.034025
0.278437 3.665991 0.034356
0.278944 3.717773 0.033369
0.279450 3.755080 0.033163
0.279957 3.713508 0.033806
0.280464 3.763229 0.034098
0.280970 3.708212 0.033338
0.281477 3.723496 0.033018
0.281983 3.724971 0.033163
0.282490 3.714222 0.032092
0.282996 3.749976 0.032831
0.283503 3.718157 0.032763
0.284010 3.681204 0.032633
0.284516 3.740065 0.032378
0.285023 3.756437 0.033585
0.285529 3.739798 0.033090
0.286036 3.667523 0.032603
0.286542 3.706802 0.033151
0.287049 3.766165 0.032460
0.287556 3.669531 0.032573
0.288062 3.711512 0.032075
0.288569 3.710532 0.033287
0.289075 3.619667 0.032755
0.289582 3.627727 0.032295
0.290088 3.715235 0.032770
0.290595 3.697278 0.033115
0.291102 3.663572 0.032647
0.291608 3.666437 0.031977
0.292115 3.690318 0.032656
0.292621 3.663422 0.032288
0.293128 3.684720 0.033186
0.293634 3.674643 0.033976
0.294141 3.656772 0.033525
0.294647 3.655502 0.032692
0.295154 3.647831 0.032503
0.295661 3.650034 0.033490
0.296167 3.692616 0.033242
0.296674 3.705250 0.033382
0.297180 3.663709 0.032836
0.297687 3.636545 0.032703
0.298193 3.635274 0.032293
0.298700 3.676025 0.032935
0.299206 3.643682 0.032165
0.299713 3.663731 0.032557
0.300220 3.671931 0.032194
0.300726 3.584017 0.032852
0.301233 3.617420 0.031888
0.301739 3.560455 0.032396
0.302246 3.615539 0.031628
0.302752 3.616000 0.032226
0.303259 3.612488 0.032862
0.303765 3.654535 0.032636
0.304272 3.624684 0.032392
0.304779 3.649476 0.032866
0.305285 3.630944 0.032278
0.305792 3.611068 0.032271
0.306298 3.631494 0.032277
0.306805 3.620441 0.032111
0.307311 3.590923 0.031558
0.307818 3.595714 0.032535
0.308324 3.640236 0.032272
0.308831 3.642694 0.031497
0.309337 3.621267 0.031933
0.309844 3.644610 0.032504
0.310350 3.606738 0.033137
0.310857 3.573709 0.033395
0.311364 3.594055 0.033781
0.311870 3.629118 0.033969
0.312377 3.588656 0.033903
0.312883 3.571955 0.033727
0.313390 3.591603 0.034594
0.313896 3.609200 0.034634
0.314403 3.580691 0.034734
0.314909 3.630791 0.034394
0.315416 3.610381 0.034563
0.315922 3.611494 0.034252
0.316429 3.555464 0.034358
0.316935 3.610124 0.036028
0.317442 3.570413 0.035020
0.317948 3.603483 0.034753
0.318455 3.626927 0.035673
0.318961 3.601216 0.035713
0.319468 3.610946 0.035597
0.319975 3.557342 0.034360
0.320481 3.569518 0.035244
0.320988 3.614820 0.035758
0.321494 3.512527 0.035292
0.322001 3.594881 0.035471
0.322507 3.652932 0.035607
0.323014 3.578962 0.034721
0.323520 3.599948 0.034872
0.324027 3.575033 0.035616
0.324533 3.565482 0.035397
0.325040 3.602646 0.035456
0.325546 3.580365 0.035545
0.326053 3.589893 0.035911
0.326559 3.555284 0.035041
0.327066 3.587291 0.035336
0.327572 3.593793 0.035521
0.328079 3.595214 0.036284
0.328585 3.588755 0.034732
0.329092 3.588307 0.035270
0.329598 3.581160 0.035154
0.330105 3.601943 0.034966
0.330611 3.581430 0.036000
0.331118 3.588951 0.036296
0.331624 3.594202 0.036205
0.332131 3.626448 0.036070
0.332637 3.538130 0.036083
0.333144 3.583151 0.035471
0.333650 3.597856 0.035100
0.334157 3.602054 0.036373
0.334663 3.585704 0.036691
0.335170 3.587079 0.036224
0.335676 3.562921 0.036650
0.336183 3.616610 0.035376
0.336689 3.516041 0.035852
0.337196 3.604674 0.036770
0.337702 3.604242 0.037390
0.338209 3.595156 0.036789
0.338715 3.585648 0.036794
0.339222 3.549841 0.035929
0.339728 3.576991 0.036064
0.340235 3.598913 0.036324
0.340741 3.539429 0.036319
0.341248 3.617629 0.036495
0.341754 3.630268 0.037897
0.342261 3.558633 0.036055
0.342767 3.590324 0.037330
0.343274 3.493509 0.036902
0.343780 3.565097 0.036793
0.344287 3.639244 0.036929
0.344793 3.603735 0.035165
0.345300 3.588098 0.037117
0.345806 3.530155 0.037131
0.346313 3.571853 0.036948
0.346819 3.549380 0.035795
0.347325 3.566749 0.036948
0.347832 3.559350 0.036909
0.348338 3.498664 0.036460
0.348845 3.490922 0.036180
0.349351 3.555252 0.037115
0.349858 3.502121 0.035948
0.350364 3.541710 0.036977
0.350871 3.556967 0.037228
0.351377 3.520185 0.036839
0.351884 3.581683 0.036644
0.352390 3.561199 0.036657
0.352897 3.579570 0.036494
0.353403 3.626032 0.037670
0.353910 3.563067 0.037318
0.354416 3.538068 0.036644
0.354923 3.578256 0.035107
0.355429 3.433512 0.034146
0.355935 3.523513 0.035820
0.356442 3.508795 0.035213
0.356948 3.500197 0.033714
0.357455 3.480220 0.033896
0.357961 3.436760 0.034682
0.358468 3.536622 0.034848
0.358974 3.516898 0.034074
0.359481 3.473768 0.034512
0.359987 3.500236 0.035518
0.360494 3.500177 0.035840
0.361000 3.580171 0.035619
0.361506 3.538072 0.035159
0.362013 3.521892 0.035838
0.362519 3.480107 0.035805
0.363026 3.499160 0.035218
0.363532 3.458906 0.035059
0.364039 3.531248 0.035454
0.364545 3.508819 0.035737
0.365052 3.473192 0.036272
0.365558 3.569659 0.035506
0.366064 3.533179 0.036065
0.366571 3.532796 0.036307
0.367077 3.517277 0.036055
0.367584 3.475150 0.035940
0.368090 3.522695 0.036963
0.368597 3.486993 0.035891
0.369103 3.495086 0.036749
0.369610 3.484512 0.036714
0.370116 3.452781 0.036683
0.370622 3.525827 0.037953
0.371129 3.468018 0.037534
0.371635 3.476801 0.037176
0.372142 3.424743 0.039003
0.372648 3.480212 0.038418
0.373155 3.556221 0.037884
0.373661 3.460891 0.038266
0.374167 3.470480 0.037031
0.374674 3.545554 0.038650
0.375180 3.486915 0.038110
0.375687 3.463617 0.037628
0.376193 3.468145 0.039441
0.376700 3.497870 0.038407
0.377206 3.537402 0.038118
0.377712 3.541511 0.039629
0.378219 3.476659 0.039024
0.378725 3.485603 0.039005
0.379232 3.462179 0.039127
0.379738 3.381781 0.039494
0.380245 3.417343 0.039785
0.380751 3.456554 0.038778
0.381257 3.460281 0.039355
0.381764 3.461716 0.039858
0.382270 3.489750 0.040010
0.382777 3.420823 0.040400
0.383283 3.521773 0.041900
0.383789 3.555161 0.041019
0.384296 3.467566 0.040094
0.384802 3.440493 0.040749
0.385309 3.360615 0.041001
0.385815 3.436530 0.040890
0.386321 3.474917 0.042718
0.386828 3.414358 0.042111
0.387334 3.516309 0.042413
0.387841 3.399182 0.042772
0.388347 3.491000 0.043745
0.388853 3.402470 0.042535
0.389360 3.411837 0.042570
0.389866 3.469801 0.041360
0.390373 3.530849 0.043979
0.390879 3.429537 0.041997
0.391385 3.496830 0.043121
0.391892 3.399643 0.042524
0.392398 3.407525 0.043253
0.392905 3.517932 0.043819
0.393411 3.431566 0.044857
0.393917 3.383648 0.044745
0.394424 3.421502 0.048376
0.394930 3.375881 0.044724
0.395437 3.509710 0.046052
0.395943 3.351690 0.045509
0.396449 3.394267 0.045330
0.396956 3.498308 0.045877
0.397462 3.421752 0.046744
0.397969 3.372191 0.045867
0.398475 3.377143 0.046561
0.398981 3.446102 0.046634
0.399488 3.374001 0.046495
0.399994 3.475411 0.049137
0.400500 3.369763 0.046106
0.401007 3.349425 0.046708
0.401513 3.413081 0.046840
0.402020 3.294141 0.046511
0.402526 3.388593 0.049037
0.403032 3.463967 0.049123
0.403539 3.471364 0.047913
0.404045 3.427668 0.047972
0.404551 3.353445 0.050415
0.405058 3.428088 0.049437
0.405564 3.423862 0.048117
0.406071 3.420018 0.049682
0.406577 3.418363 0.050772
0.407083 3.381584 0.049187
0.407590 3.367255 0.051970
0.408096 3.526621 0.054032
0.408602 3.369539 0.049373
0.409109 3.364379 0.049706
0.409615 3.351662 0.049827
0.410121 3.365272 0.051258
0.410628 3.416561 0.051645
0.411134 3.424111 0.051437
0.411641 3.262684 0.049689
0.412147 3.383987 0.050588
0.412653 3.362918 0.051973
0.413160 3.321553 0.050245
0.413666 3.342205 0.050860
0.414172 3.319298 0.051022
0.414679 3.278835 0.052417
0.415185 3.282013 0.051537
0.415691 3.371700 0.052324
0.416198 3.352206 0.051790
0.416704 3.312913 0.050140
0.417210 3.294009 0.053129
0.417717 3.299450 0.051400
0.418223 3.402640 0.054183
0.418729 3.415846 0.053215
0.419236 3.393591 0.055925
0.419742 3.338581 0.051764
0.420248 3.436499 0.052648
0.420755 3.414813 0.054255
0.421261 3.383696 0.055614
0.421767 3.337867 0.053770
0.422274 3.318327 0.053533
0.422780 3.317456 0.054891
0.423286 3.336375 0.053348
0.423793 3.338977 0.056327
0.424299 3.320785 0.054063
0.424805 3.360343 0.056559
0.425312 3.439981 0.055496
0.425818 3.339297 0.055320
0.426324 3.376472 0.056740
0.426831 3.408342 0.056096
0.427337 3.386242 0.057548
0.427843 3.377961 0.058353
0.428350 3.308389 0.057076
0.428856 3.271316 0.058939
0.429362 3.220377 0.057469
0.429869 3.279772 0.060135
0.430375 3.427731 0.062244
0.430881 3.421894 0.057814
0.431388 3.356111 0.059672
0.431894 3.320687 0.062421
0.432400 3.282406 0.062189
0.432907 3.266327 0.061081
0.433413 3.341559 0.064173
0.433919 3.360708 0.063196
0.434425 3.342726 0.059698
0.434932 3.293226 0.065301
0.435438 3.356324 0.067264
0.435944 3.253891 0.066266
0.436451 3.328460 0.065389
0.436957 3.313539 0.065795
0.437463 3.212131 0.066658
0.437970 3.346979 0.068647
0.438476 3.416868 0.066458
0.438982 3.362800 0.070943
0.439488 3.340454 0.071782
0.439995 3.300718 0.069505
