0.009882 109.389285 25.316311
0.010389 64.659831 14.072549
0.010896 70.211846 13.723591
0.011402 57.818463 9.862845
0.011909 34.000179 5.573020
0.012416 41.591147 6.808482
0.012923 27.123457 3.558367
0.013430 24.500166 3.526270
0.013936 22.000160 2.383221
0.014443 18.957414 1.639840
0.014950 17.883871 1.068745
0.015457 14.703581 0.779640
0.015963 14.275137 0.649262
0.016470 13.454126 0.632070
0.016977 12.428707 0.379958
0.017484 11.763577 0.367044
0.017990 10.708052 0.283774
0.018497 10.292213 0.217924
0.019004 9.847025 0.229623
0.019511 9.802773 0.215680
0.020018 9.424633 0.190919
0.020524 8.487941 0.209936
0.021031 8.753184 0.188597
0.021538 8.264086 0.186258
0.022045 7.936989 0.163335
0.022551 7.721799 0.156217
0.023058 7.617037 0.146747
0.023565 7.428729 0.147669
0.024072 7.065172 0.146977
0.024579 6.757466 0.144935
0.025085 6.731464 0.135396
0.025592 6.836683 0.132938
0.026099 6.722246 0.134864
0.026606 6.381991 0.126048
0.027112 6.347014 0.125044
0.027619 6.276212 0.128915
0.028126 6.030915 0.118032
0.028633 6.179264 0.114152
0.029139 6.121204 0.120525
0.029646 6.069555 0.112904
0.030153 6.039341 0.118024
0.030660 5.836063 0.108588
0.031167 5.904568 0.108826
0.031673 5.902918 0.106311
0.032180 5.649418 0.104473
0.032687 5.662858 0.108583
0.033194 5.583406 0.105865
0.033700 5.408439 0.094719
0.034207 5.477604 0.096438
0.034714 5.621332 0.100965
0.035221 5.346551 0.097579
0.035727 5.443124 0.098368
0.036234 5.346912 0.095365
0.036741 5.335355 0.096823
0.037248 5.135952 0.090271
0.037755 5.170031 0.090385
0.038261 5.495207 0.091920
0.038768 5.378600 0.092652
0.039275 5.237871 0.087435
0.039782 4.925100 0.088650
0.040288 5.133120 0.091807
0.040795 5.092658 0.090523
0.041302 5.193487 0.090805
0.041809 4.974380 0.084963
0.042315 4.949136 0.082525
0.042822 4.939698 0.081414
0.043329 4.967766 0.088713
0.043836 4.979689 0.084547
0.044343 4.884448 0.084077
0.044849 5.094101 0.084303
0.045356 4.963670 0.081231
0.045863 4.954821 0.080870
0.046370 4.958744 0.082684
0.046876 4.861929 0.076933
0.047383 4.973870 0.080912
0.047890 4.958443 0.084840
0.048397 4.896815 0.075889
0.048903 4.758053 0.076199
0.049410 4.765524 0.076187
0.049917 4.836267 0.078877
0.050424 4.798475 0.077568
0.050931 4.744661 0.075156
0.051437 4.839588 0.073474
0.051944 4.858320 0.071425
0.052451 4.902668 0.072122
0.052958 4.845968 0.074982
0.053464 4.771693 0.069135
0.053971 4.760627 0.076169
0.054478 4.741903 0.071722
0.054985 4.725496 0.071165
0.055491 4.706108 0.071162
0.055998 4.704273 0.070985
0.056505 4.743684 0.068887
0.057012 4.755415 0.069121
0.057519 4.656439 0.069649
0.058025 4.702739 0.069367
0.058532 4.647972 0.067440
0.059039 4.744175 0.071195
0.059546 4.660762 0.069886
0.060052 4.706479 0.069677
0.060559 4.560362 0.067387
0.061066 4.660352 0.066786
0.061573 4.669283 0.066749
0.062079 4.691590 0.069605
0.062586 4.541655 0.062798
0.063093 4.540640 0.067246
0.063600 4.649274 0.063762
0.064106 4.608076 0.063938
0.064613 4.602802 0.063043
0.065120 4.520294 0.064452
0.065627 4.643500 0.061470
0.066134 4.416426 0.061826
0.066640 4.568473 0.063342
0.067147 4.544386 0.062128
0.067654 4.571849 0.064973
0.068161 4.459208 0.062340
0.068667 4.582746 0.060109
0.069174 4.553497 0.064180
0.069681 4.618795 0.062719
0.070188 4.551591 0.061960
0.070694 4.534824 0.059936
0.071201 4.477149 0.061687
0.071708 4.525983 0.060596
0.072215 4.462248 0.060052
0.072721 4.538166 0.059362
0.073228 4.490413 0.060095
0.073735 4.518936 0.059677
0.074242 4.463722 0.058566
0.074748 4.507457 0.059200
0.075255 4.607867 0.060215
0.075762 4.618537 0.058966
0.076269 4.461160 0.057973
0.076776 4.459350 0.059252
0.077282 4.510174 0.057543
0.077789 4.471230 0.057173
0.078296 4.557483 0.057547
0.078803 4.410421 0.056484
0.079309 4.562272 0.057491
0.079816 4.492088 0.060150
0.080323 4.483178 0.056845
0.080830 4.543851 0.058753
0.081336 4.468976 0.057836
0.081843 4.576605 0.059150
0.082350 4.387786 0.059347
0.082857 4.460304 0.058350
0.083363 4.559087 0.058298
0.083870 4.359467 0.057928
0.084377 4.394887 0.058653
0.084884 4.449074 0.058146
0.085390 4.537079 0.059356
0.085897 4.423346 0.057281
0.086404 4.417016 0.057446
0.086911 4.408518 0.059912
0.087417 4.328113 0.059760
0.087924 4.434221 0.058116
0.088431 4.438152 0.057898
0.088938 4.437135 0.058936
0.089444 4.368097 0.055647
0.089951 4.443342 0.059018
0.090458 4.381372 0.057682
0.090965 4.522282 0.057706
0.091471 4.393868 0.055430
0.091978 4.355758 0.059917
0.092485 4.365737 0.057850
0.092992 4.342974 0.055035
0.093498 4.352255 0.058355
0.094005 4.358295 0.057398
0.094512 4.446916 0.057399
0.095019 4.461499 0.057324
0.095525 4.437904 0.056161
0.096032 4.387532 0.059129
0.096539 4.333628 0.057311
0.097046 4.231429 0.059214
0.097552 4.381554 0.055528
0.098059 4.305562 0.055644
0.098566 4.232711 0.056234
0.099073 4.303537 0.058261
0.099579 4.391747 0.057861
0.100086 4.292372 0.055157
0.100593 4.355001 0.055235
0.101100 4.359189 0.057198
0.101606 4.299057 0.055690
0.102113 4.433982 0.058123
0.102620 4.482348 0.060365
0.103127 4.343975 0.055915
0.103633 4.310094 0.059117
0.104140 4.346988 0.060945
0.104647 4.311091 0.058354
0.105154 4.312648 0.057311
0.105660 4.359411 0.056062
0.106167 4.392556 0.056432
0.106674 4.275827 0.056729
0.107181 4.255658 0.055663
0.107687 4.314175 0.053928
0.108194 4.297596 0.054041
0.108701 4.255182 0.053504
0.109208 4.305353 0.054363
0.109714 4.250314 0.051998
0.110221 4.198429 0.051626
0.110728 4.256771 0.052127
0.111235 4.248111 0.051629
0.111741 4.260671 0.052850
0.112248 4.167861 0.050582
0.112755 4.266808 0.048323
0.113262 4.285506 0.051225
0.113768 4.235834 0.052275
0.114275 4.219982 0.051147
0.114782 4.187818 0.050639
0.115289 4.276367 0.048723
0.115795 4.101052 0.048667
0.116302 4.234331 0.050839
0.116809 4.165872 0.050130
0.117316 4.280418 0.048581
0.117822 4.165127 0.048872
0.118329 4.250863 0.049037
0.118836 4.231729 0.050109
0.119342 4.232013 0.048417
0.119849 4.200989 0.046713
0.120356 4.235884 0.047973
0.120863 4.244014 0.049116
0.121369 4.242512 0.047532
0.121876 4.143974 0.048659
0.122383 4.187315 0.046618
0.122890 4.167908 0.047205
0.123396 4.173209 0.046819
0.123903 4.262242 0.047929
0.124410 4.196429 0.046648
0.124917 4.159910 0.047108
0.125423 4.174355 0.047520
0.125930 4.203442 0.047539
0.126437 4.123689 0.045171
0.126944 4.122141 0.045013
0.127450 4.247702 0.046932
0.127957 4.202772 0.045347
0.128464 4.173893 0.044582
0.128970 4.160334 0.046648
0.129477 4.190664 0.046348
0.129984 4.204958 0.044673
0.130491 4.226929 0.044755
0.130997 4.172597 0.043316
0.131504 4.161738 0.043753
0.132011 4.171771 0.043899
0.132518 4.197898 0.044333
0.133024 4.209702 0.044972
0.133531 4.113956 0.042098
0.134038 4.086743 0.044267
0.134545 4.083871 0.044929
0.135051 4.021731 0.043733
0.135558 4.098341 0.042956
0.136065 4.138780 0.044144
0.136571 4.246668 0.043618
0.137078 4.155021 0.043204
0.137585 4.099209 0.042153
0.138092 4.170439 0.043077
0.138598 4.175494 0.042627
0.139105 4.286902 0.044912
0.139612 4.202364 0.041960
0.140119 4.111018 0.041306
0.140625 4.176818 0.043740
0.141132 4.127185 0.042608
0.141639 4.192344 0.042595
0.142145 4.194334 0.042560
0.142652 4.157681 0.043110
0.143159 4.132059 0.043115
0.143666 4.166015 0.041484
0.144172 4.152719 0.041819
0.144679 4.092114 0.042452
0.145186 4.138206 0.042156
0.145692 4.182215 0.042502
0.146199 4.134555 0.042349
0.146706 4.062861 0.038900
0.147213 4.180135 0.041770
0.147719 4.078021 0.041518
0.148226 4.008469 0.040081
0.148733 4.083285 0.040725
0.149240 4.122093 0.042387
0.149746 4.176743 0.042615
0.150253 4.070007 0.042252
0.150760 4.140240 0.040639
0.151266 4.048881 0.040602
0.151773 4.058791 0.040428
0.152280 4.021504 0.039813
0.152787 4.136257 0.041122
0.153293 4.102349 0.040221
0.153800 4.049408 0.039196
0.154307 4.068678 0.041417
0.154813 4.042519 0.041673
0.155320 4.049592 0.040437
0.155827 4.051474 0.039649
0.156334 4.085581 0.040157
0.156840 4.140262 0.040269
0.157347 4.102834 0.038967
0.157854 4.159201 0.039121
0.158360 4.012146 0.039361
0.158867 4.086199 0.038986
0.159374 4.052326 0.038990
0.159881 4.095968 0.040165
0.160387 4.038082 0.039342
0.160894 4.039624 0.039535
0.161401 4.083015 0.038883
0.161907 4.048015 0.039167
0.162414 3.972484 0.039236
0.162921 4.079960 0.038161
0.163427 4.032816 0.038261
0.163934 4.084214 0.038607
0.164441 4.059481 0.038550
0.164948 4.062542 0.038488
0.165454 4.033444 0.037750
0.165961 4.090738 0.038454
0.166468 4.006894 0.038223
0.166974 4.037690 0.037958
0.167481 4.037297 0.038028
0.167988 4.046731 0.037351
0.168495 4.006659 0.038483
0.169001 3.986909 0.038392
0.169508 4.022585 0.038187
0.170015 3.981148 0.038362
0.170521 4.024833 0.038186
0.171028 4.044070 0.039198
0.171535 4.039822 0.039398
0.172041 4.101349 0.039332
0.172548 3.970920 0.039042
0.173055 4.024203 0.038540
0.173562 3.969789 0.038745
0.174068 3.978373 0.038174
0.174575 4.072132 0.038877
0.175082 3.996332 0.038371
0.175588 4.009849 0.039003
0.176095 4.147683 0.039734
0.176602 3.951518 0.039287
0.177108 3.925027 0.039369
0.177615 4.061651 0.039215
0.178122 3.985171 0.038530
0.178629 3.930206 0.038792
0.179135 3.977328 0.038416
0.179642 4.060794 0.039491
0.180149 4.013126 0.039097
0.180655 4.045155 0.039079
0.181162 4.070203 0.038818
0.181669 3.975422 0.038637
0.182175 4.027474 0.039083
0.182682 3.970149 0.039289
0.183189 4.047782 0.040339
0.183695 4.060760 0.040103
0.184202 3.989288 0.039987
0.184709 4.006149 0.041876
0.185216 3.916307 0.039952
0.185722 4.013803 0.040522
0.186229 3.935137 0.040321
0.186736 4.035076 0.039959
0.187242 4.011867 0.039808
0.187749 3.996804 0.040839
0.188256 3.989274 0.040922
0.188762 3.998589 0.041238
0.189269 3.998130 0.041348
0.189776 3.977267 0.040352
0.190282 4.057063 0.042441
0.190789 3.985439 0.042483
0.191296 4.013738 0.041550
0.191802 3.951421 0.041997
0.192309 3.963562 0.042100
0.192816 4.003992 0.042432
0.193323 4.028819 0.042274
0.193829 3.906423 0.042618
0.194336 3.970569 0.041836
0.194843 3.994565 0.041695
0.195349 4.013218 0.041176
0.195856 4.024982 0.041789
0.196363 3.961833 0.041911
0.196869 3.984495 0.041769
0.197376 3.966198 0.041437
0.197883 4.050744 0.041740
0.198389 3.952394 0.042149
0.198896 4.002033 0.042457
0.199403 3.989810 0.041764
0.199909 3.910239 0.042300
0.200416 3.985065 0.041773
0.200923 3.969800 0.042150
0.201429 4.027944 0.043227
0.201936 3.982705 0.043066
0.202443 3.900258 0.043041
0.202949 3.971869 0.042778
0.203456 3.969755 0.042131
0.203963 3.933412 0.042253
0.204469 4.010223 0.042486
0.204976 3.931634 0.042484
0.205483 3.930315 0.041830
0.205989 3.915757 0.042753
0.206496 3.960976 0.043219
0.207003 3.896202 0.042137
0.207509 4.018584 0.043599
0.208016 3.946887 0.042461
0.208523 4.005829 0.042717
0.209029 3.972858 0.042298
0.209536 3.934741 0.042541
0.210043 3.988827 0.043385
0.210549 4.026197 0.042643
0.211056 3.948480 0.043690
0.211563 3.980418 0.044464
0.212069 3.923210 0.042371
0.212576 3.939777 0.042096
0.213083 3.929788 0.042646
0.213589 3.861880 0.041739
0.214096 3.944290 0.041826
0.214603 3.985081 0.042653
0.215109 3.853325 0.041960
0.215616 3.939624 0.042902
0.216123 3.861481 0.042330
0.216629 3.866646 0.042287
0.217136 3.844595 0.041643
0.217643 3.911430 0.042027
0.218149 3.869123 0.042354
0.218656 3.872617 0.041309
0.219163 3.916354 0.041541
0.219669 3.915170 0.042173
0.220176 3.861931 0.042505
0.220683 3.902614 0.041103
0.221189 3.883961 0.040939
0.221696 3.881668 0.040507
0.222203 3.884640 0.042456
0.222709 3.945944 0.041966
0.223216 3.920649 0.042616
0.223722 3.929372 0.041852
0.224229 3.931980 0.040413
0.224736 3.869674 0.041693
0.225242 3.786037 0.040677
0.225749 3.880639 0.041072
0.226256 3.792880 0.040622
0.226762 3.938946 0.041648
0.227269 3.835354 0.040704
0.227776 3.862028 0.040788
0.228282 3.833202 0.040461
0.228789 3.766561 0.040989
0.229296 3.875933 0.039988
0.229802 3.875351 0.040357
0.230309 3.919078 0.041021
0.230816 3.832327 0.040725
0.231322 3.850062 0.040175
0.231829 3.856122 0.039833
0.232335 3.748144 0.040406
0.232842 3.894666 0.040281
0.233349 3.802302 0.038049
0.233855 3.858631 0.038965
0.234362 3.845392 0.039568
0.234869 3.810597 0.038364
0.235375 3.857973 0.038687
0.235882 3.811407 0.038281
0.236389 3.822563 0.038510
0.236895 3.831427 0.038303
0.237402 3.767989 0.037768
0.237908 3.866038 0.039522
0.238415 3.732814 0.037546
0.238922 3.791064 0.038307
0.239428 3.754503 0.038420
0.239935 3.875956 0.039215
0.240442 3.814575 0.038386
0.240948 3.805150 0.037683
0.241455 3.759288 0.037803
0.241962 3.872564 0.038621
0.242468 3.818149 0.038061
0.242975 3.862580 0.038298
0.243481 3.819164 0.037850
0.243988 3.789089 0.038220
0.244495 3.806709 0.037558
0.245001 3.774548 0.037703
0.245508 3.776343 0.037991
0.246015 3.858111 0.037991
0.246521 3.831458 0.037839
0.247028 3.820123 0.037983
0.247534 3.785513 0.037566
0.248041 3.842081 0.037790
0.248548 3.787923 0.037382
0.249054 3.844611 0.037065
0.249561 3.784418 0.037495
0.250068 3.743472 0.036142
0.250574 3.810800 0.036492
0.251081 3.794876 0.036868
0.251587 3.807555 0.038043
0.252094 3.832207 0.037637
0.252601 3.803638 0.036587
0.253107 3.760956 0.035327
0.253614 3.720119 0.036880
0.254120 3.790096 0.036390
0.254627 3.843952 0.036189
0.255134 3.779983 0.035278
0.255640 3.875373 0.035955
0.256147 3.799689 0.036050
0.256654 3.736864 0.035646
0.257160 3.784111 0.035710
0.257667 3.811275 0.035779
0.258173 3.792366 0.035092
0.258680 3.816694 0.035501
0.259187 3.766080 0.035132
0.259693 3.707226 0.034608
0.260200 3.687668 0.034614
0.260706 3.770545 0.035281
0.261213 3.834699 0.034990
0.261720 3.802389 0.036236
0.262226 3.778370 0.034848
0.262733 3.817635 0.034441
0.263239 3.754829 0.034266
0.263746 3.740077 0.035132
0.264253 3.762900 0.035156
0.264759 3.737991 0.034862
0.265266 3.761841 0.035372
0.265772 3.749002 0.034404
0.266279 3.731174 0.035647
0.266786 3.738427 0.034566
0.267292 3.739796 0.035162
0.267799 3.782696 0.034600
0.268305 3.728662 0.033665
0.268812 3.773389 0.035272
0.269319 3.685087 0.035195
0.269825 3.658487 0.034187
0.270332 3.753144 0.035043
0.270838 3.775179 0.034420
0.271345 3.743726 0.034055
0.271852 3.670586 0.034462
0.272358 3.693691 0.033868
0.272865 3.731139 0.034357
0.273371 3.727110 0.033185
0.273878 3.756205 0.034208
0.274385 3.769762 0.034234
0.274891 3.721569 0.033498
0.275398 3.736879 0.034198
0.275904 3.761899 0.034040
0.276411 3.736895 0.033719
0.276917 3.735959 0.033665
0.277424 3.728603 0.033556
0.277931 3.727998 0.033233
0.278437 3.684830 0.033506
0.278944 3.733404 0.034415
0.279450 3.758740 0.033692
0.279957 3.715326 0.033186
0.280464 3.706622 0.033377
0.280970 3.637317 0.033050
0.281477 3.684053 0.032588
0.281983 3.683566 0.033387
0.282490 3.718754 0.033361
0.282996 3.738321 0.034310
0.283503 3.711556 0.032637
0.284010 3.653357 0.032480
0.284516 3.649115 0.032293
0.285023 3.741045 0.033599
0.285529 3.654363 0.032353
0.286036 3.680143 0.032643
0.286542 3.746833 0.033305
0.287049 3.649129 0.032718
0.287556 3.705626 0.032904
0.288062 3.733772 0.033054
0.288569 3.678764 0.032932
0.289075 3.674623 0.032588
0.289582 3.668683 0.032999
0.290088 3.636322 0.032556
0.290595 3.727191 0.032590
0.291102 3.684139 0.032758
0.291608 3.651654 0.032348
0.292115 3.652924 0.033027
0.292621 3.661924 0.033685
0.293128 3.648865 0.032458
0.293634 3.641005 0.032839
0.294141 3.643839 0.032719
0.294647 3.710331 0.033852
0.295154 3.636779 0.033196
0.295661 3.641928 0.032840
0.296167 3.654473 0.032134
0.296674 3.647337 0.033494
0.297180 3.663709 0.033637
0.297687 3.580634 0.032530
0.298193 3.609582 0.032311
0.298700 3.602702 0.032511
0.299206 3.672165 0.033208
0.299713 3.658076 0.032922
0.300220 3.679646 0.033049
0.300726 3.635770 0.032688
0.301233 3.624130 0.032358
0.301739 3.623712 0.032670
0.302246 3.653694 0.032253
0.302752 3.567732 0.032774
0.303259 3.636284 0.033136
0.303765 3.590014 0.032788
0.304272 3.589843 0.032447
0.304779 3.670018 0.032236
0.305285 3.607006 0.032201
0.305792 3.630143 0.032380
0.306298 3.631016 0.031918
0.306805 3.633376 0.033019
0.307311 3.568418 0.031725
0.307818 3.595250 0.031872
0.308324 3.608456 0.033221
0.308831 3.605476 0.032241
0.309337 3.673325 0.032328
0.309844 3.615419 0.032547
0.310350 3.556053 0.033651
0.310857 3.606920 0.032804
0.311364 3.634308 0.034053
0.311870 3.562177 0.033631
0.312377 3.628666 0.034081
0.312883 3.588604 0.033792
0.313390 3.642741 0.034265
0.313896 3.594443 0.034152
0.314403 3.591559 0.035477
0.314909 3.598397 0.034323
0.315416 3.575931 0.035421
0.315922 3.536049 0.034155
0.316429 3.595552 0.034138
0.316935 3.541778 0.034814
0.317442 3.571263 0.035487
0.317948 3.567138 0.034719
0.318455 3.526957 0.035595
0.318961 3.580981 0.035869
0.319468 3.605663 0.035942
0.319975 3.661515 0.035939
0.320481 3.572373 0.035770
0.320988 3.507463 0.035232
0.321494 3.584971 0.037154
0.322001 3.628028 0.035176
0.322507 3.544231 0.035368
0.323014 3.584910 0.034766
0.323520 3.593278 0.035043
0.324027 3.580187 0.036070
0.324533 3.518971 0.034818
0.325040 3.550521 0.034750
0.325546 3.600398 0.035173
0.326053 3.558764 0.035092
0.326559 3.645869 0.035899
0.327066 3.649697 0.035178
0.327572 3.557264 0.035286
0.328079 3.594141 0.034568
0.328585 3.577679 0.035512
0.329092 3.584003 0.035827
0.329598 3.530640 0.034835
0.330105 3.529057 0.035096
0.330611 3.569240 0.035522
0.331118 3.616786 0.036234
0.331624 3.543670 0.036077
0.332131 3.556514 0.036213
0.332637 3.551287 0.036429
0.333144 3.591996 0.036960
0.333650 3.578632 0.035530
0.334157 3.532283 0.035332
0.334663 3.506187 0.035468
0.335170 3.587818 0.036363
0.335676 3.517048 0.035261
0.336183 3.570246 0.036039
0.336689 3.503439 0.036322
0.337196 3.581272 0.036759
0.337702 3.599799 0.037044
0.338209 3.550084 0.035976
0.338715 3.526517 0.034436
0.339222 3.631528 0.035589
0.339728 3.557253 0.037026
0.340235 3.548707 0.037063
0.340741 3.577151 0.036669
0.341248 3.558631 0.036606
0.341754 3.508863 0.035995
0.342261 3.557486 0.036060
0.342767 3.516983 0.036297
0.343274 3.569793 0.036718
0.343780 3.540039 0.036143
0.344287 3.612616 0.036947
0.344793 3.565055 0.035968
0.345300 3.489375 0.036587
0.345806 3.583538 0.037152
0.346313 3.563819 0.036666
0.346819 3.556277 0.036058
0.347325 3.498158 0.036292
0.347832 3.536000 0.035959
0.348338 3.534093 0.037029
0.348845 3.589004 0.036444
0.349351 3.506201 0.036098
0.349858 3.501737 0.037154
0.350364 3.565875 0.036758
0.350871 3.516030 0.036747
0.351377 3.584671 0.036956
0.351884 3.529166 0.036916
0.352390 3.577393 0.037017
0.352897 3.560352 0.036029
0.353403 3.517637 0.036926
0.353910 3.500237 0.036603
0.354416 3.506799 0.037073
0.354923 3.492416 0.035557
0.355429 3.567990 0.036345
0.355935 3.585957 0.035714
0.356442 3.484022 0.035477
0.356948 3.566749 0.035462
0.357455 3.464560 0.034449
0.357961 3.502786 0.034845
0.358468 3.532738 0.035028
0.358974 3.531709 0.034411
0.359481 3.538517 0.035232
0.359987 3.533162 0.035759
0.360494 3.498915 0.035916
0.361000 3.517803 0.035032
0.361506 3.484520 0.036036
0.362013 3.495423 0.034322
0.362519 3.528871 0.034616
0.363026 3.479401 0.035193
0.363532 3.439435 0.035916
0.364039 3.520142 0.036102
0.364545 3.501861 0.035123
0.365052 3.475425 0.034821
0.365558 3.524052 0.034949
0.366064 3.506403 0.036211
0.366571 3.454154 0.036800
0.367077 3.551642 0.036116
0.367584 3.452900 0.035619
0.368090 3.484293 0.035659
0.368597 3.547456 0.037032
0.369103 3.540588 0.037015
0.369610 3.499177 0.037037
0.370116 3.399643 0.037011
0.370622 3.466619 0.036946
0.371129 3.489763 0.038015
0.371635 3.441642 0.036488
0.372142 3.493165 0.037985
0.372648 3.488781 0.037945
0.373155 3.498183 0.036552
0.373661 3.454491 0.037829
0.374167 3.461517 0.038687
0.374674 3.512588 0.038738
0.375180 3.498592 0.037594
0.375687 3.428754 0.037170
0.376193 3.509714 0.038302
0.376700 3.430719 0.037904
0.377206 3.480029 0.038547
0.377712 3.493522 0.039150
0.378219 3.526512 0.038629
0.378725 3.409046 0.038417
0.379232 3.516940 0.039318
0.379738 3.369026 0.039091
0.380245 3.445612 0.038648
0.380751 3.501674 0.039056
0.381257 3.473941 0.040590
0.381764 3.394924 0.039780
0.382270 3.423592 0.039153
0.382777 3.384660 0.040420
0.383283 3.395995 0.040997
0.383789 3.516950 0.039749
0.384296 3.458133 0.040143
0.384802 3.455084 0.041016
0.385309 3.464698 0.041332
0.385815 3.450163 0.039675
0.386321 3.462512 0.043797
0.386828 3.448684 0.041567
0.387334 3.554388 0.043494
0.387841 3.476760 0.041684
0.388347 3.413458 0.041263
0.388853 3.432888 0.043046
0.389360 3.411291 0.042239
0.389866 3.421495 0.043059
0.390373 3.576782 0.044841
0.390879 3.499165 0.043499
0.391385 3.469915 0.044153
0.391892 3.433657 0.043292
0.392398 3.525913 0.043690
0.392905 3.427314 0.044718
0.393411 3.405214 0.044738
0.393917 3.485264 0.044845
0.394424 3.371168 0.047530
0.394930 3.451608 0.044679
0.395437 3.451358 0.044749
0.395943 3.422057 0.044199
0.396449 3.382396 0.045116
0.396956 3.390909 0.045696
0.397462 3.415992 0.044046
0.397969 3.370283 0.047433
0.398475 3.490871 0.047059
0.398981 3.457386 0.047441
0.399488 3.432999 0.047803
0.399994 3.322767 0.047206
0.400500 3.347120 0.046465
0.401007 3.425659 0.047571
0.401513 3.447923 0.049217
0.402020 3.424209 0.048181
0.402526 3.388593 0.048761
0.403032 3.421860 0.047959
0.403539 3.469978 0.050047
0.404045 3.391370 0.046199
0.404551 3.441409 0.049718
0.405058 3.430947 0.048670
0.405564 3.394451 0.048684
0.406071 3.337117 0.050050
0.406577 3.392114 0.048540
0.407083 3.449216 0.049390
0.407590 3.376096 0.047800
0.408096 3.365536 0.050921
0.408602 3.303944 0.049235
0.409109 3.327655 0.048521
0.409615 3.345612 0.048979
0.410121 3.383013 0.050148
0.410628 3.481924 0.051418
0.411134 3.437613 0.050327
0.411641 3.347551 0.050788
0.412147 3.317085 0.048776
0.412653 3.334594 0.049979
0.413160 3.401190 0.053042
0.413666 3.300358 0.050186
0.414172 3.376622 0.050716
0.414679 3.330103 0.049716
0.415185 3.353413 0.052016
0.415691 3.363107 0.052123
0.416198 3.241310 0.050594
0.416704 3.343204 0.053147
0.417210 3.330712 0.053472
0.417717 3.313399 0.052957
0.418223 3.334489 0.053388
0.418729 3.332148 0.051696
0.419236 3.356520 0.051525
0.419742 3.414477 0.052490
0.420248 3.258859 0.053037
0.420755 3.317172 0.052827
0.421261 3.312525 0.053877
0.421767 3.328543 0.052443
0.422274 3.245077 0.054855
0.422780 3.323784 0.055739
0.423286 3.365940 0.054681
0.423793 3.406369 0.054018
0.424299 3.264421 0.054213
0.424805 3.255542 0.054936
0.425312 3.212069 0.054188
0.425818 3.251271 0.053972
0.426324 3.327174 0.055978
0.426831 3.338886 0.055291
0.427337 3.352283 0.056417
0.427843 3.393283 0.058031
0.428350 3.346080 0.058705
0.428856 3.307287 0.057215
0.429362 3.273169 0.060557
0.429869 3.279773 0.059975
0.430375 3.429950 0.059870
0.430881 3.284590 0.059697
0.431388 3.354999 0.060183
0.431894 3.353368 0.062470
0.432400 3.388439 0.063130
0.432907 3.230598 0.059415
0.433413 3.289119 0.063169
0.433919 3.400761 0.063701
0.434425 3.316311 0.062453
0.434932 3.270950 0.063484
0.435438 3.347260 0.066026
0.435944 3.247458 0.065478
0.436451 3.252255 0.063818
0.436957 3.245833 0.063144
0.437463 3.297347 0.067074
0.437970 3.360613 0.070430
0.438476 3.273738 0.069970
0.438982 3.241201 0.068272
0.439488 3.248192 0.068055
0.439995 3.256590 0.066307
