0.009882 107.667056 24.931045
0.010389 77.312808 14.762593
0.010896 70.981081 13.808515
0.011402 59.091196 10.638677
0.011909 33.859828 6.286826
0.012416 40.409322 6.175871
0.012923 28.041271 3.918066
0.013430 24.662330 3.519729
0.013936 20.936050 2.213201
0.014443 19.222373 1.680979
0.014950 16.445451 1.043759
0.015457 15.602880 0.748412
0.015963 14.243887 0.738339
0.016470 13.699527 0.449730
0.016977 12.531565 0.398511
0.017484 11.773109 0.333861
0.017990 11.245138 0.303499
0.018497 10.323517 0.238916
0.019004 10.129325 0.234771
0.019511 9.956284 0.218579
0.020018 8.902176 0.204722
0.020524 8.538598 0.181666
0.021031 8.469778 0.182841
0.021538 8.327284 0.173542
0.022045 8.059798 0.168424
0.022551 7.677125 0.160364
0.023058 7.500152 0.155339
0.023565 7.434940 0.154071
0.024072 7.068268 0.136103
0.024579 6.927060 0.141964
0.025085 6.908753 0.138396
0.025592 6.395255 0.132365
0.026099 6.877563 0.132303
0.026606 6.433940 0.131232
0.027112 6.531829 0.122163
0.027619 6.278633 0.124624
0.028126 6.593580 0.123888
0.028633 6.123448 0.125982
0.029139 6.166867 0.120227
0.029646 6.199314 0.117390
0.030153 6.004557 0.109910
0.030660 6.142770 0.113031
0.031167 6.006745 0.112859
0.031673 5.791113 0.113667
0.032180 5.653450 0.108583
0.032687 5.618412 0.107415
0.033194 5.538394 0.106528
0.033700 5.650637 0.099717
0.034207 5.577609 0.098287
0.034714 5.390268 0.101697
0.035221 5.405813 0.099802
0.035727 5.559201 0.096929
0.036234 5.437661 0.099866
0.036741 5.120684 0.095891
0.037248 5.174480 0.088638
0.037755 5.309535 0.094199
0.038261 5.303019 0.089094
0.038768 5.135165 0.089533
0.039275 5.220213 0.091073
0.039782 5.123512 0.089998
0.040288 5.182723 0.086305
0.040795 5.161520 0.085898
0.041302 5.145197 0.091596
0.041809 4.943844 0.083445
0.042315 5.096737 0.086282
0.042822 4.917507 0.084226
0.043329 5.172226 0.085907
0.043836 4.961962 0.084641
0.044343 5.067423 0.081117
0.044849 5.071721 0.083260
0.045356 5.013109 0.080414
0.045863 4.992117 0.085396
0.046370 4.956056 0.079609
0.046876 4.955147 0.079058
0.047383 4.838400 0.076828
0.047890 5.026691 0.077950
0.048397 4.851474 0.077726
0.048903 4.752976 0.079083
0.049410 4.903728 0.079557
0.049917 4.757247 0.075438
0.050424 4.966821 0.077616
0.050931 4.841365 0.075074
0.051437 4.783563 0.074694
0.051944 4.919431 0.074618
0.052451 4.757068 0.075086
0.052958 4.844815 0.072645
0.053464 4.738509 0.069218
0.053971 4.764088 0.068986
0.054478 4.837789 0.070553
0.054985 4.724382 0.070062
0.055491 4.822770 0.073918
0.055998 4.825911 0.073331
0.056505 4.768103 0.068708
0.057012 4.781114 0.071511
0.057519 4.719217 0.070487
0.058025 4.660180 0.068797
0.058532 4.736399 0.068930
0.059039 4.742107 0.068272
0.059546 4.772347 0.072195
0.060052 4.716520 0.065805
0.060559 4.662604 0.069333
0.061066 4.620426 0.065773
0.061573 4.779444 0.067562
0.062079 4.676084 0.063493
0.062586 4.520921 0.067071
0.063093 4.693696 0.067266
0.063600 4.595845 0.066248
0.064106 4.625028 0.062093
0.064613 4.634643 0.063762
0.065120 4.570581 0.065488
0.065627 4.554394 0.063944
0.066134 4.663505 0.064863
0.066640 4.661450 0.062386
0.067147 4.632480 0.065241
0.067654 4.656027 0.062786
0.068161 4.521166 0.061156
0.068667 4.639071 0.061932
0.069174 4.519548 0.061668
0.069681 4.665802 0.063013
0.070188 4.664145 0.062693
0.070694 4.619501 0.063205
0.071201 4.566149 0.061545
0.071708 4.633864 0.060916
0.072215 4.586451 0.062573
0.072721 4.577859 0.061123
0.073228 4.436195 0.058934
0.073735 4.484170 0.059326
0.074242 4.559819 0.059281
0.074748 4.492867 0.059444
0.075255 4.579153 0.058980
0.075762 4.588576 0.058200
0.076269 4.543210 0.058611
0.076776 4.468000 0.058648
0.077282 4.480487 0.059647
0.077789 4.578289 0.057679
0.078296 4.529275 0.059519
0.078803 4.478788 0.058020
0.079309 4.434565 0.058044
0.079816 4.525037 0.058244
0.080323 4.429343 0.055675
0.080830 4.439010 0.057200
0.081336 4.495194 0.057625
0.081843 4.444887 0.056994
0.082350 4.550916 0.058741
0.082857 4.512991 0.057592
0.083363 4.420183 0.060560
0.083870 4.419993 0.057845
0.084377 4.354559 0.058058
0.084884 4.355950 0.058351
0.085390 4.438703 0.058147
0.085897 4.592541 0.058084
0.086404 4.479832 0.059894
0.086911 4.506538 0.060941
0.087417 4.541905 0.056720
0.087924 4.428789 0.058863
0.088431 4.533758 0.060377
0.088938 4.443441 0.057283
0.089444 4.465669 0.056691
0.089951 4.424761 0.057822
0.090458 4.417349 0.056684
0.090965 4.457799 0.060601
0.091471 4.393096 0.055835
0.091978 4.384113 0.058234
0.092485 4.290452 0.057256
0.092992 4.343742 0.056496
0.093498 4.445255 0.057979
0.094005 4.493626 0.058756
0.094512 4.417112 0.056572
0.095019 4.358227 0.058612
0.095525 4.413050 0.055650
0.096032 4.476809 0.057715
0.096539 4.402655 0.059546
0.097046 4.333381 0.057901
0.097552 4.348107 0.055819
0.098059 4.255506 0.056036
0.098566 4.457115 0.058965
0.099073 4.292126 0.055639
0.099579 4.359086 0.056526
0.100086 4.408402 0.055881
0.100593 4.325049 0.055584
0.101100 4.361428 0.056239
0.101606 4.338274 0.056176
0.102113 4.313218 0.056928
0.102620 4.249251 0.055459
0.103127 4.375095 0.056630
0.103633 4.334610 0.058985
0.104140 4.246139 0.058150
0.104647 4.351140 0.058824
0.105154 4.333636 0.058011
0.105660 4.421317 0.059685
0.106167 4.336764 0.056805
0.106674 4.397633 0.057011
0.107181 4.331677 0.053545
0.107687 4.266333 0.053667
0.108194 4.316083 0.055355
0.108701 4.170732 0.051921
0.109208 4.331220 0.053417
0.109714 4.366523 0.053174
0.110221 4.264163 0.049925
0.110728 4.260702 0.051259
0.111235 4.278884 0.053450
0.111741 4.247019 0.051700
0.112248 4.331876 0.051142
0.112755 4.279956 0.051243
0.113262 4.277316 0.051358
0.113768 4.284731 0.049526
0.114275 4.238453 0.050903
0.114782 4.212710 0.051227
0.115289 4.210072 0.050364
0.115795 4.314593 0.049935
0.116302 4.300511 0.051888
0.116809 4.274443 0.050159
0.117316 4.281001 0.048974
0.117822 4.169783 0.047883
0.118329 4.244501 0.047578
0.118836 4.255859 0.050396
0.119342 4.239407 0.048260
0.119849 4.252931 0.049744
0.120356 4.285826 0.050248
0.120863 4.241216 0.047156
0.121369 4.297820 0.048885
0.121876 4.238976 0.047100
0.122383 4.302825 0.048178
0.122890 4.282530 0.047712
0.123396 4.160695 0.046732
0.123903 4.123832 0.047153
0.124410 4.202843 0.044994
0.124917 4.141350 0.045761
0.125423 4.179677 0.046436
0.125930 4.209873 0.047044
0.126437 4.199772 0.046400
0.126944 4.234530 0.046682
0.127450 4.212077 0.047279
0.127957 4.200702 0.046465
0.128464 4.202793 0.045238
0.128970 4.274266 0.046706
0.129477 4.229886 0.044844
0.129984 4.245525 0.046443
0.130491 4.328924 0.045048
0.130997 4.164624 0.044707
0.131504 4.177839 0.045072
0.132011 4.160010 0.044089
0.132518 4.162368 0.044143
0.133024 4.191684 0.044049
0.133531 4.219849 0.045361
0.134038 4.140783 0.043810
0.134545 4.112788 0.042528
0.135051 4.197020 0.042936
0.135558 4.206242 0.043348
0.136065 4.200385 0.043379
0.136571 4.239100 0.044719
0.137078 4.221334 0.044262
0.137585 4.226942 0.043878
0.138092 4.158509 0.043858
0.138598 4.313228 0.044242
0.139105 4.198844 0.042590
0.139612 4.135918 0.041886
0.140119 4.150033 0.042066
0.140625 4.166274 0.042370
0.141132 4.153588 0.042370
0.141639 4.118163 0.042498
0.142145 4.189010 0.042362
0.142652 4.153189 0.042793
0.143159 4.131170 0.041516
0.143666 4.179075 0.041529
0.144172 4.133598 0.042616
0.144679 4.181417 0.042454
0.145186 4.071169 0.041701
0.145692 4.044155 0.040764
0.146199 4.137136 0.042052
0.146706 4.153616 0.040983
0.147213 4.098745 0.040089
0.147719 4.112965 0.042048
0.148226 4.202319 0.041260
0.148733 4.145812 0.041341
0.149240 4.112068 0.041107
0.149746 4.081735 0.040655
0.150253 4.124723 0.040447
0.150760 4.076857 0.040310
0.151266 4.151483 0.040044
0.151773 4.124798 0.040647
0.152280 4.046324 0.039866
0.152787 4.043168 0.040007
0.153293 4.136341 0.041185
0.153800 4.097511 0.040599
0.154307 4.035180 0.039146
0.154813 4.098875 0.040392
0.155320 4.105490 0.040349
0.155827 4.086954 0.039607
0.156334 4.198083 0.040884
0.156840 4.011731 0.039492
0.157347 4.090956 0.038954
0.157854 4.106767 0.039467
0.158360 4.068716 0.038827
0.158867 3.999240 0.038830
0.159374 4.038887 0.038253
0.159881 4.065849 0.039203
0.160387 4.068249 0.039236
0.160894 4.107418 0.039735
0.161401 3.992208 0.038488
0.161907 4.095425 0.039311
0.162414 4.055902 0.038690
0.162921 4.030667 0.039050
0.163427 4.086753 0.038367
0.163934 4.061293 0.039456
0.164441 4.101223 0.038355
0.164948 4.041982 0.038590
0.165454 4.040928 0.038424
0.165961 4.063145 0.038015
0.166468 4.111882 0.038239
0.166974 4.094364 0.038768
0.167481 4.141292 0.037911
0.167988 4.063018 0.037429
0.168495 4.018639 0.038263
0.169001 4.069555 0.038822
0.169508 4.073170 0.038515
0.170015 4.021707 0.038270
0.170521 4.046313 0.039208
0.171028 4.095489 0.038067
0.171535 4.006488 0.038504
0.172041 4.061875 0.039767
0.172548 4.095677 0.039682
0.173055 4.033018 0.039369
0.173562 4.043027 0.039660
0.174068 4.078216 0.040381
0.174575 4.019541 0.040005
0.175082 4.003615 0.038554
0.175588 4.004793 0.039869
0.176095 4.029666 0.039343
0.176602 3.997063 0.040697
0.177108 4.078524 0.039768
0.177615 3.983138 0.038187
0.178122 4.028965 0.038829
0.178629 4.058799 0.038755
0.179135 3.977328 0.039418
0.179642 4.003066 0.039457
0.180149 4.029673 0.038646
0.180655 4.020105 0.038783
0.181162 4.058221 0.039650
0.181669 3.975020 0.038279
0.182175 4.028285 0.039040
0.182682 4.126383 0.041100
0.183189 4.024227 0.039246
0.183695 3.958847 0.039604
0.184202 4.052396 0.040688
0.184709 4.074143 0.040415
0.185216 3.981169 0.039835
0.185722 4.078786 0.040468
0.186229 4.025341 0.040726
0.186736 3.965419 0.040875
0.187242 3.986203 0.040363
0.187749 4.023704 0.040842
0.188256 4.061240 0.041546
0.188762 4.062862 0.040557
0.189269 4.012135 0.041620
0.189776 4.011798 0.040507
0.190282 3.935294 0.042477
0.190789 3.985439 0.041725
0.191296 3.999432 0.042005
0.191802 3.909583 0.039832
0.192309 4.046164 0.041951
0.192816 4.067981 0.041930
0.193323 3.984159 0.042488
0.193829 4.098453 0.042555
0.194336 3.971463 0.041036
0.194843 3.954197 0.042403
0.195349 4.003204 0.041522
0.195856 3.986506 0.042497
0.196363 3.882190 0.042409
0.196869 3.951050 0.042188
0.197376 4.018289 0.042974
0.197883 4.019304 0.041408
0.198389 3.978569 0.042907
0.198896 4.032244 0.042875
0.199403 4.006184 0.041086
0.199909 4.032851 0.041843
0.200416 4.029272 0.043052
0.200923 3.992888 0.042594
0.201429 3.992496 0.042456
0.201936 4.048056 0.043077
0.202443 3.972430 0.042466
0.202949 3.947489 0.043112
0.203456 3.999474 0.042808
0.203963 4.007885 0.042361
0.204469 3.986508 0.042685
0.204976 4.007466 0.042267
0.205483 3.957145 0.042779
0.205989 3.921394 0.041444
0.206496 4.014553 0.042854
0.207003 4.025389 0.043997
0.207509 4.019535 0.042427
0.208016 3.992008 0.043168
0.208523 3.966528 0.041864
0.209029 3.928076 0.041829
0.209536 4.024735 0.042482
0.210043 3.902807 0.042107
0.210549 3.989480 0.042747
0.211056 4.029254 0.043543
0.211563 3.887742 0.041617
0.212069 3.967649 0.042401
0.212576 3.970817 0.043959
0.213083 3.894919 0.043328
0.213589 4.040751 0.042384
0.214096 3.908248 0.043240
0.214603 3.911309 0.041987
0.215109 3.972990 0.042597
0.215616 3.930945 0.042507
0.216123 4.021286 0.042977
0.216629 3.919275 0.041804
0.217136 3.895366 0.040595
0.217643 3.902205 0.043142
0.218149 3.931268 0.042497
0.218656 3.912976 0.041591
0.219163 3.912685 0.041872
0.219669 3.881466 0.042023
0.220176 3.970013 0.041159
0.220683 3.888649 0.040840
0.221189 3.835949 0.042165
0.221696 3.953787 0.042925
0.222203 3.933317 0.041857
0.222709 3.816618 0.040260
0.223216 3.975831 0.040568
0.223722 3.842441 0.042307
0.224229 3.836619 0.040815
0.224736 3.956120 0.041770
0.225242 3.933041 0.041318
0.225749 3.968612 0.042315
0.226256 3.865013 0.040453
0.226762 3.840929 0.040825
0.227269 3.928438 0.041324
0.227776 3.836103 0.040126
0.228282 3.883238 0.041077
0.228789 3.810090 0.040608
0.229296 3.941663 0.040822
0.229802 3.799973 0.040966
0.230309 3.883752 0.039496
0.230816 3.983346 0.040039
0.231322 3.878854 0.040911
0.231829 3.907436 0.040747
0.232335 3.876848 0.040999
0.232842 3.896681 0.039105
0.233349 3.892247 0.039900
0.233855 3.928193 0.039673
0.234362 3.895866 0.039605
0.234869 3.917483 0.039285
0.235375 3.888677 0.038970
0.235882 3.887619 0.039967
0.236389 3.857713 0.038782
0.236895 3.795316 0.038394
0.237402 3.906501 0.039460
0.237908 3.921074 0.040224
0.238415 3.846242 0.039857
0.238922 3.854150 0.038414
0.239428 3.829332 0.038834
0.239935 3.852815 0.038193
0.240442 3.875602 0.039107
0.240948 3.831250 0.038979
0.241455 3.873288 0.038791
0.241962 3.825055 0.038495
0.242468 3.864641 0.038058
0.242975 3.846333 0.039459
0.243481 3.788813 0.038031
0.243988 3.824763 0.037550
0.244495 3.793761 0.038087
0.245001 3.868316 0.037450
0.245508 3.836010 0.038152
0.246015 3.855852 0.037105
0.246521 3.825695 0.037716
0.247028 3.829370 0.037698
0.247534 3.809212 0.036302
0.248041 3.818683 0.037817
0.248548 3.842246 0.037525
0.249054 3.800133 0.037654
0.249561 3.794292 0.037055
0.250068 3.813792 0.036472
0.250574 3.788491 0.037194
0.251081 3.797418 0.036696
0.251587 3.811826 0.037329
0.252094 3.855947 0.037117
0.252601 3.810801 0.036465
0.253107 3.842835 0.036881
0.253614 3.817941 0.037798
0.254120 3.829224 0.036857
0.254627 3.797644 0.035687
0.255134 3.782466 0.037191
0.255640 3.747846 0.035569
0.256147 3.829815 0.036667
0.256654 3.738270 0.036282
0.257160 3.810883 0.036553
0.257667 3.772568 0.035907
0.258173 3.870893 0.035714
0.258680 3.815721 0.035905
0.259187 3.790823 0.035052
0.259693 3.769738 0.035195
0.260200 3.780410 0.035756
0.260706 3.778636 0.034699
0.261213 3.769990 0.035358
0.261720 3.798651 0.035222
0.262226 3.748910 0.034978
0.262733 3.728198 0.034524
0.263239 3.778678 0.035421
0.263746 3.710960 0.034540
0.264253 3.800899 0.035151
0.264759 3.790857 0.035164
0.265266 3.780624 0.035452
0.265772 3.747363 0.034834
0.266279 3.793622 0.035418
0.266786 3.820422 0.035362
0.267292 3.773672 0.035332
0.267799 3.724843 0.033657
0.268305 3.782850 0.034252
0.268812 3.747153 0.034765
0.269319 3.819709 0.034763
0.269825 3.737784 0.034033
0.270332 3.727422 0.034237
0.270838 3.739461 0.034317
0.271345 3.766011 0.034060
0.271852 3.735675 0.035004
0.272358 3.745510 0.033413
0.272865 3.751485 0.034019
0.273371 3.753636 0.034598
0.273878 3.740004 0.034755
0.274385 3.770701 0.034414
0.274891 3.777887 0.033425
0.275398 3.697292 0.033794
0.275904 3.726368 0.033198
0.276411 3.728348 0.033932
0.276917 3.740159 0.033900
0.277424 3.751176 0.033733
0.277931 3.773298 0.033785
0.278437 3.712177 0.032796
0.278944 3.762500 0.033109
0.279450 3.672738 0.033232
0.279957 3.763494 0.033794
0.280464 3.727870 0.032438
0.280970 3.725407 0.033054
0.281477 3.723193 0.033110
0.281983 3.739699 0.033911
0.282490 3.748364 0.033574
0.282996 3.681152 0.033084
0.283503 3.760167 0.033219
0.284010 3.742412 0.033088
0.284516 3.719053 0.032276
0.285023 3.751910 0.033040
0.285529 3.710213 0.033029
0.286036 3.703092 0.032941
0.286542 3.681935 0.032883
0.287049 3.647929 0.032228
0.287556 3.624486 0.032925
0.288062 3.662779 0.032743
0.288569 3.684174 0.033397
0.289075 3.728086 0.033177
0.289582 3.730864 0.033112
0.290088 3.715145 0.033574
0.290595 3.679330 0.033122
0.291102 3.623929 0.032369
0.291608 3.626904 0.032692
0.292115 3.715650 0.032531
0.292621 3.656531 0.032147
0.293128 3.620181 0.032220
0.293634 3.617066 0.033051
0.294141 3.726250 0.032203
0.294647 3.721416 0.033405
0.295154 3.688366 0.032974
0.295661 3.695070 0.033179
0.296167 3.684206 0.033090
0.296674 3.581621 0.032352
0.297180 3.642904 0.033059
0.297687 3.660236 0.032821
0.298193 3.657717 0.032993
0.298700 3.608089 0.033177
0.299206 3.652676 0.032587
0.299713 3.655993 0.032879
0.300220 3.672524 0.033219
0.300726 3.648559 0.032881
0.301233 3.669051 0.033105
0.301739 3.631876 0.032609
0.302246 3.622934 0.032740
0.302752 3.647094 0.032566
0.303259 3.627360 0.032985
0.303765 3.618168 0.032236
0.304272 3.690233 0.033098
0.304779 3.647987 0.032738
0.305285 3.654589 0.031366
0.305792 3.650098 0.032320
0.306298 3.555814 0.031916
0.306805 3.652192 0.032269
0.307311 3.598522 0.032420
0.307818 3.655015 0.032507
0.308324 3.647886 0.032404
0.308831 3.629609 0.031702
0.309337 3.603134 0.031516
0.309844 3.695694 0.033387
0.310350 3.634842 0.033483
0.310857 3.592642 0.033201
0.311364 3.647406 0.033246
0.311870 3.631718 0.034173
0.312377 3.626928 0.033451
0.312883 3.621575 0.034497
0.313390 3.606878 0.034852
0.313896 3.633349 0.034167
0.314403 3.629756 0.035264
0.314909 3.606158 0.034412
0.315416 3.552849 0.034837
0.315922 3.589064 0.035183
0.316429 3.604118 0.034367
0.316935 3.613820 0.034817
0.317442 3.601495 0.035302
0.317948 3.619263 0.034713
0.318455 3.586868 0.034938
0.318961 3.611512 0.035728
0.319468 3.643344 0.036497
0.319975 3.618797 0.035587
0.320481 3.590576 0.035736
0.320988 3.616960 0.034917
0.321494 3.616544 0.037780
0.322001 3.577416 0.035444
0.322507 3.648999 0.036376
0.323014 3.565668 0.034477
0.323520 3.596087 0.034897
0.324027 3.566980 0.036369
0.324533 3.638828 0.035208
0.325040 3.559678 0.034796
0.325546 3.552951 0.035642
0.326053 3.588978 0.035787
0.326559 3.568977 0.034865
0.327066 3.574880 0.035716
0.327572 3.578393 0.034629
0.328079 3.602014 0.035576
0.328585 3.561871 0.034948
0.329092 3.543117 0.034982
0.329598 3.625139 0.036786
0.330105 3.646465 0.036225
0.330611 3.573183 0.035866
0.331118 3.616054 0.036235
0.331624 3.622302 0.036105
0.332131 3.594934 0.035042
0.332637 3.567204 0.035656
0.333144 3.618679 0.036328
0.333650 3.604590 0.036314
0.334157 3.606666 0.035420
0.334663 3.599824 0.035498
0.335170 3.532718 0.035999
0.335676 3.640239 0.036721
0.336183 3.620079 0.035207
0.336689 3.583353 0.036338
0.337196 3.570500 0.036641
0.337702 3.618311 0.035581
0.338209 3.649318 0.037857
0.338715 3.566936 0.036188
0.339222 3.568118 0.035307
0.339728 3.560086 0.036019
0.340235 3.598914 0.037038
0.340741 3.583941 0.035349
0.341248 3.564048 0.036177
0.341754 3.510584 0.036429
0.342261 3.570105 0.037278
0.342767 3.637338 0.036490
0.343274 3.589908 0.036263
0.343780 3.565482 0.036986
0.344287 3.573055 0.036601
0.344793 3.597253 0.036720
0.345300 3.579581 0.036729
0.345806 3.533996 0.037292
0.346313 3.521545 0.036725
0.346819 3.557043 0.036591
0.347325 3.561292 0.037037
0.347832 3.601953 0.037199
0.348338 3.517727 0.036624
0.348845 3.573311 0.037137
0.349351 3.526746 0.036545
0.349858 3.559734 0.037055
0.350364 3.594717 0.036846
0.350871 3.598883 0.037402
0.351377 3.483447 0.036399
0.351884 3.545115 0.036222
0.352390 3.614127 0.037343
0.352897 3.571799 0.037313
0.353403 3.499121 0.036847
0.353910 3.578968 0.037131
0.354416 3.555657 0.037525
0.354923 3.532746 0.035385
0.355429 3.541441 0.035800
0.355935 3.560395 0.035417
0.356442 3.575641 0.036017
0.356948 3.530261 0.033882
0.357455 3.535898 0.035271
0.357961 3.523110 0.034912
0.358468 3.547403 0.034931
0.358974 3.477754 0.034194
0.359481 3.475567 0.034125
0.359987 3.509882 0.035287
0.360494 3.543579 0.035106
0.361000 3.541236 0.036071
0.361506 3.549923 0.035166
0.362013 3.473667 0.035184
0.362519 3.503761 0.036245
0.363026 3.515992 0.034857
0.363532 3.518790 0.034938
0.364039 3.569752 0.035013
0.364545 3.547634 0.035177
0.365052 3.510395 0.035573
0.365558 3.469474 0.035496
0.366064 3.440240 0.035287
0.366571 3.472390 0.036364
0.367077 3.522941 0.036315
0.367584 3.527579 0.035687
0.368090 3.491317 0.036472
0.368597 3.490437 0.036277
0.369103 3.543699 0.036579
0.369610 3.411186 0.036999
0.370116 3.422915 0.036915
0.370622 3.470148 0.036906
0.371129 3.464065 0.037494
0.371635 3.453493 0.036931
0.372142 3.504032 0.038060
0.372648 3.490005 0.038654
0.373155 3.517802 0.036923
0.373661 3.492967 0.036004
0.374167 3.462996 0.037689
0.374674 3.497918 0.038515
0.375180 3.537377 0.038218
0.375687 3.514366 0.038599
0.376193 3.504676 0.039532
0.376700 3.474625 0.038287
0.377206 3.471270 0.037935
0.377712 3.528303 0.038464
0.378219 3.584000 0.040036
0.378725 3.505868 0.039767
0.379232 3.493407 0.039136
0.379738 3.513712 0.038221
0.380245 3.462759 0.039832
0.380751 3.438878 0.039880
0.381257 3.520574 0.039746
0.381764 3.474338 0.041266
0.382270 3.439774 0.039481
0.382777 3.473823 0.040890
0.383283 3.583211 0.041523
0.383789 3.442975 0.040091
0.384296 3.415937 0.040503
0.384802 3.548165 0.041619
0.385309 3.497943 0.041716
0.385815 3.521358 0.041219
0.386321 3.470265 0.042596
0.386828 3.476248 0.041729
0.387334 3.451737 0.042753
0.387841 3.481226 0.042477
0.388347 3.519540 0.043411
0.388853 3.483583 0.042028
0.389360 3.477879 0.043051
0.389866 3.559218 0.043979
0.390373 3.408443 0.042034
0.390879 3.405586 0.043766
0.391385 3.413279 0.042432
0.391892 3.523304 0.043134
0.392398 3.415532 0.044236
0.392905 3.498308 0.043126
0.393411 3.458503 0.043258
0.393917 3.526267 0.046027
0.394424 3.439130 0.045401
0.394930 3.442245 0.044643
0.395437 3.483298 0.046573
0.395943 3.387882 0.044411
0.396449 3.388136 0.045683
0.396956 3.422313 0.046200
0.397462 3.501120 0.046272
0.397969 3.529925 0.046002
0.398475 3.448464 0.045648
0.398981 3.431500 0.047589
0.399488 3.410711 0.046699
0.399994 3.388247 0.046809
0.400500 3.354445 0.045694
0.401007 3.400710 0.049083
0.401513 3.451339 0.048176
0.402020 3.471444 0.048231
0.402526 3.467742 0.048499
0.403032 3.368525 0.047613
0.403539 3.282973 0.047205
0.404045 3.449732 0.049393
0.404551 3.385016 0.047399
0.405058 3.348033 0.048792
0.405564 3.266047 0.047743
0.406071 3.397474 0.049346
0.406577 3.418363 0.051661
0.407083 3.391038 0.047888
0.407590 3.332624 0.049803
0.408096 3.427506 0.049207
0.408602 3.357574 0.049694
0.409109 3.287933 0.048540
0.409615 3.367282 0.049166
0.410121 3.393811 0.050253
0.410628 3.333751 0.051127
0.411134 3.379107 0.049312
0.411641 3.427703 0.051377
0.412147 3.334199 0.051963
0.412653 3.493055 0.051121
0.413160 3.330831 0.051981
0.413666 3.342205 0.050256
0.414172 3.273753 0.052651
0.414679 3.452059 0.054384
0.415185 3.358966 0.051507
0.415691 3.413614 0.054115
0.416198 3.259718 0.051429
0.416704 3.316899 0.051219
0.417210 3.396609 0.053596
0.417717 3.335554 0.052694
0.418223 3.315018 0.053243
0.418729 3.304802 0.049819
0.419236 3.324896 0.052218
0.419742 3.340268 0.052193
0.420248 3.367201 0.053331
0.420755 3.313066 0.055247
0.421261 3.309262 0.055336
0.421767 3.333629 0.052046
0.422274 3.334213 0.055019
0.422780 3.406042 0.055407
0.423286 3.402673 0.055246
0.423793 3.325157 0.053210
0.424299 3.346149 0.055769
0.424805 3.450855 0.056723
0.425312 3.301937 0.052659
0.425818 3.428269 0.056761
0.426324 3.256747 0.057790
0.426831 3.298204 0.057313
0.427337 3.366837 0.056057
0.427843 3.366725 0.057711
0.428350 3.336657 0.058805
0.428856 3.378202 0.060960
0.429362 3.369439 0.057876
0.429869 3.429599 0.062230
0.430375 3.348971 0.059626
0.430881 3.357532 0.058819
0.431388 3.322794 0.059413
0.431894 3.391886 0.061658
0.432400 3.397659 0.061941
0.432907 3.433447 0.059746
0.433413 3.398878 0.061432
0.433919 3.349786 0.064568
0.434425 3.438781 0.064497
0.434932 3.429361 0.063829
0.435438 3.472864 0.065623
0.435944 3.298923 0.062900
0.436451 3.267754 0.063640
0.436957 3.366350 0.069064
0.437463 3.410054 0.069182
0.437970 3.277449 0.064893
0.438476 3.276545 0.067725
0.438982 3.300553 0.068682
0.439488 3.293590 0.065251
0.439995 3.208321 0.070802
