0.009882 108.694838 25.523588
0.010389 64.723662 14.416799
0.010896 72.634934 14.077642
0.011402 60.163928 11.263915
0.011909 33.894915 6.059204
0.012416 37.230983 6.204091
0.012923 27.054964 3.652738
0.013430 23.932595 3.287325
0.013936 21.089897 2.340796
0.014443 18.735190 1.679239
0.014950 16.742328 1.120047
0.015457 15.534386 0.857850
0.015963 14.105726 0.757300
0.016470 13.043079 0.508616
0.016977 12.431170 0.429048
0.017484 12.032397 0.373604
0.017990 11.432976 0.331859
0.018497 9.955575 0.225269
0.019004 9.937935 0.224333
0.019511 9.772071 0.225535
0.020018 9.000137 0.214668
0.020524 8.749128 0.187223
0.021031 8.437389 0.177531
0.021538 8.141407 0.173360
0.022045 8.087869 0.171926
0.022551 7.756164 0.166437
0.023058 7.535867 0.162944
0.023565 7.248601 0.160599
0.024072 7.176629 0.151704
0.024579 7.391983 0.150396
0.025085 6.917064 0.133586
0.025592 6.678641 0.125641
0.026099 6.509706 0.127857
0.026606 6.633946 0.123137
0.027112 6.519171 0.132634
0.027619 6.448130 0.121120
0.028126 6.075834 0.113024
0.028633 6.065307 0.114175
0.029139 6.073257 0.115332
0.029646 6.009151 0.120352
0.030153 6.054559 0.107335
0.030660 5.816624 0.112011
0.031167 5.841522 0.114737
0.031673 5.979526 0.115684
0.032180 5.689742 0.103245
0.032687 5.681041 0.105975
0.033194 5.632332 0.106561
0.033700 5.521725 0.105469
0.034207 5.475718 0.096916
0.034714 5.423541 0.101484
0.035221 5.498410 0.104581
0.035727 5.328833 0.097446
0.036234 5.346912 0.095984
0.036741 5.273001 0.095190
0.037248 5.248186 0.095016
0.037755 5.292727 0.093628
0.038261 5.192469 0.095596
0.038768 5.200958 0.084537
0.039275 5.229845 0.090695
0.039782 5.245119 0.085834
0.040288 5.225926 0.086482
0.040795 4.989365 0.089727
0.041302 5.042387 0.087231
0.041809 5.159126 0.087915
0.042315 5.138908 0.084172
0.042822 5.053611 0.086593
0.043329 5.218155 0.084450
0.043836 4.991506 0.084032
0.044343 5.159608 0.082867
0.044849 5.133265 0.082445
0.045356 5.041360 0.083445
0.045863 4.715852 0.077716
0.046370 4.953367 0.080846
0.046876 4.848613 0.080637
0.047383 4.710899 0.075772
0.047890 4.891508 0.081011
0.048397 4.822974 0.079696
0.048903 4.836740 0.077511
0.049410 4.828344 0.076665
0.049917 4.889358 0.078827
0.050424 4.778523 0.074534
0.050931 4.778936 0.073149
0.051437 4.740340 0.074779
0.051944 4.831290 0.073257
0.052451 4.739166 0.074222
0.052958 4.755993 0.073773
0.053464 4.771693 0.073558
0.053971 4.708718 0.072123
0.054478 4.818835 0.069623
0.054985 4.684288 0.069285
0.055491 4.743485 0.069550
0.055998 4.646532 0.069946
0.056505 4.779547 0.071425
0.057012 4.774689 0.068609
0.057519 4.710558 0.069764
0.058025 4.819775 0.073153
0.058532 4.725218 0.068698
0.059039 4.731764 0.068684
0.059546 4.688658 0.067655
0.060052 4.706479 0.068274
0.060559 4.676776 0.068480
0.061066 4.552552 0.065876
0.061573 4.786208 0.066770
0.062079 4.631503 0.063257
0.062586 4.657171 0.067690
0.063093 4.653266 0.066018
0.063600 4.623028 0.063344
0.064106 4.512016 0.062394
0.064613 4.599056 0.064872
0.065120 4.586412 0.062917
0.065627 4.612586 0.063015
0.066134 4.595125 0.062068
0.066640 4.553128 0.064058
0.067147 4.523030 0.064083
0.067654 4.504869 0.064692
0.068161 4.705269 0.063081
0.068667 4.606642 0.061834
0.069174 4.604855 0.061410
0.069681 4.510855 0.061003
0.070188 4.658176 0.062926
0.070694 4.517218 0.062548
0.071201 4.532244 0.058331
0.071708 4.554417 0.061178
0.072215 4.581516 0.060108
0.072721 4.481686 0.060309
0.073228 4.526829 0.060742
0.073735 4.540891 0.057303
0.074242 4.503762 0.060249
0.074748 4.464498 0.060909
0.075255 4.649344 0.058851
0.075762 4.544020 0.058793
0.076269 4.593221 0.059671
0.076776 4.453846 0.059436
0.077282 4.452322 0.058367
0.077789 4.523995 0.058700
0.078296 4.541473 0.057375
0.078803 4.593228 0.058225
0.079309 4.520978 0.059522
0.079816 4.445017 0.055411
0.080323 4.458211 0.056941
0.080830 4.521329 0.057842
0.081336 4.508700 0.060122
0.081843 4.525933 0.058138
0.082350 4.449059 0.059447
0.082857 4.513778 0.057657
0.083363 4.428166 0.055346
0.083870 4.572559 0.060808
0.084377 4.373537 0.057281
0.084884 4.462721 0.059502
0.085390 4.406436 0.060463
0.085897 4.433529 0.058015
0.086404 4.480213 0.058638
0.086911 4.435032 0.059247
0.087417 4.448274 0.055912
0.087924 4.406284 0.057177
0.088431 4.514005 0.058695
0.088938 4.440288 0.058727
0.089444 4.547992 0.059782
0.089951 4.341143 0.056023
0.090458 4.322714 0.057350
0.090965 4.414223 0.057833
0.091471 4.477935 0.056516
0.091978 4.406956 0.056504
0.092485 4.353724 0.056966
0.092992 4.389037 0.058635
0.093498 4.564045 0.058541
0.094005 4.490461 0.060146
0.094512 4.453030 0.056779
0.095019 4.409863 0.056872
0.095525 4.202572 0.055198
0.096032 4.359299 0.058138
0.096539 4.327285 0.055698
0.097046 4.355612 0.055429
0.097552 4.410440 0.059166
0.098059 4.389984 0.056316
0.098566 4.411026 0.056218
0.099073 4.358311 0.056448
0.099579 4.251445 0.054878
0.100086 4.334024 0.056754
0.100593 4.449349 0.059821
0.101100 4.330819 0.057373
0.101606 4.341233 0.057034
0.102113 4.280418 0.054248
0.102620 4.255365 0.058052
0.103127 4.356120 0.055775
0.103633 4.327492 0.056841
0.104140 4.298580 0.057099
0.104647 4.263976 0.058281
0.105154 4.375612 0.058653
0.105660 4.280691 0.056221
0.106167 4.254546 0.055259
0.106674 4.217895 0.055868
0.107181 4.413730 0.055689
0.107687 4.397898 0.055327
0.108194 4.280734 0.053146
0.108701 4.259949 0.053553
0.109208 4.284559 0.053486
0.109714 4.299736 0.053108
0.110221 4.278624 0.052144
0.110728 4.277737 0.050805
0.111235 4.356147 0.052510
0.111741 4.235318 0.051849
0.112248 4.232205 0.051151
0.112755 4.215469 0.051095
0.113262 4.315118 0.049966
0.113768 4.417630 0.053036
0.114275 4.252614 0.052276
0.114782 4.228494 0.050146
0.115289 4.308603 0.050278
0.115795 4.202424 0.049117
0.116302 4.203046 0.050030
0.116809 4.233054 0.051110
0.117316 4.208076 0.049703
0.117822 4.216347 0.048625
0.118329 4.217318 0.048801
0.118836 4.242322 0.049460
0.119342 4.157497 0.049427
0.119849 4.247160 0.049608
0.120356 4.301325 0.048449
0.120863 4.282067 0.047695
0.121369 4.281060 0.048317
0.121876 4.203976 0.048927
0.122383 4.248797 0.048149
0.122890 4.299142 0.049089
0.123396 4.272778 0.047703
0.123903 4.211478 0.049596
0.124410 4.210860 0.047130
0.124917 4.226192 0.046438
0.125423 4.239288 0.047101
0.125930 4.170213 0.047408
0.126437 4.215513 0.046447
0.126944 4.253693 0.046777
0.127450 4.197932 0.046706
0.127957 4.286072 0.045890
0.128464 4.152219 0.045608
0.128970 4.218185 0.045373
0.129477 4.230891 0.045251
0.129984 4.162888 0.045288
0.130491 4.161470 0.046538
0.130997 4.171102 0.045207
0.131504 4.088554 0.043565
0.132011 4.168831 0.044604
0.132518 4.237322 0.044759
0.133024 4.176102 0.044864
0.133531 4.159683 0.043467
0.134038 4.183725 0.044172
0.134545 4.191953 0.045734
0.135051 4.246043 0.044114
0.135558 4.147040 0.044421
0.136065 4.146775 0.043883
0.136571 4.130083 0.042715
0.137078 4.129980 0.043608
0.137585 4.198296 0.043557
0.138092 4.205770 0.042765
0.138598 4.136141 0.042099
0.139105 4.142431 0.042694
0.139612 4.116030 0.043581
0.140119 4.159560 0.042973
0.140625 4.172234 0.043536
0.141132 4.118704 0.042495
0.141639 4.170578 0.041835
0.142145 4.155740 0.042372
0.142652 4.196311 0.042942
0.143159 4.131615 0.042787
0.143666 4.077645 0.041732
0.144172 4.230072 0.041545
0.144679 4.183617 0.042937
0.145186 4.133908 0.042389
0.145692 4.123722 0.042673
0.146199 4.112180 0.042131
0.146706 4.116470 0.041659
0.147213 4.125027 0.041698
0.147719 4.119867 0.041470
0.148226 4.209483 0.041166
0.148733 4.108634 0.040033
0.149240 4.070713 0.040366
0.149746 4.015679 0.040021
0.150253 4.067061 0.041396
0.150760 4.101299 0.041122
0.151266 4.096267 0.040671
0.151773 4.103626 0.039868
0.152280 4.025166 0.039707
0.152787 4.069942 0.041751
0.153293 4.048718 0.040181
0.153800 4.053801 0.038988
0.154307 4.144959 0.040655
0.154813 4.129503 0.041509
0.155320 4.026277 0.040531
0.155827 4.072368 0.038177
0.156334 4.116299 0.039679
0.156840 4.109060 0.039074
0.157347 4.097687 0.039731
0.157854 4.113075 0.039790
0.158360 4.031788 0.039646
0.158867 4.105696 0.038536
0.159374 4.170586 0.040174
0.159881 4.051340 0.038693
0.160387 4.087446 0.039434
0.160894 4.133551 0.038846
0.161401 4.040670 0.039251
0.161907 4.084633 0.039954
0.162414 4.066949 0.038969
0.162921 4.048109 0.038815
0.163427 4.083358 0.038821
0.163934 4.037995 0.038470
0.164441 4.064769 0.037511
0.164948 4.052449 0.037765
0.165454 4.048413 0.038465
0.165961 3.952773 0.037361
0.166468 4.018354 0.038399
0.166974 4.046199 0.038346
0.167481 3.994367 0.037758
0.167988 4.040229 0.038230
0.168495 4.079289 0.037898
0.169001 4.026144 0.039679
0.169508 4.065620 0.039111
0.170015 3.960500 0.039530
0.170521 4.114904 0.039012
0.171028 4.022581 0.038618
0.171535 4.064703 0.039568
0.172041 4.140822 0.040776
0.172548 4.025937 0.039750
0.173055 4.064065 0.038718
0.173562 3.972857 0.037684
0.174068 4.061336 0.039648
0.174575 4.000062 0.038443
0.175082 4.016259 0.039160
0.175588 3.954227 0.038786
0.176095 3.973763 0.039191
0.176602 3.977210 0.038428
0.177108 3.922313 0.038100
0.177615 3.951635 0.039132
0.178122 4.030515 0.038704
0.178629 4.046792 0.039060
0.179135 4.054077 0.038685
0.179642 3.964062 0.038846
0.180149 4.097783 0.039440
0.180655 3.993126 0.037715
0.181162 4.043843 0.039492
0.181669 4.051702 0.040285
0.182175 4.064393 0.040207
0.182682 4.011784 0.040119
0.183189 3.938271 0.039893
0.183695 4.009803 0.041047
0.184202 4.074695 0.040685
0.184709 3.989679 0.041268
0.185216 4.082913 0.040633
0.185722 3.985530 0.039630
0.186229 3.979361 0.040086
0.186736 4.008001 0.041136
0.187242 4.007162 0.041670
0.187749 3.971205 0.040867
0.188256 3.983570 0.042443
0.188762 3.932586 0.040045
0.189269 4.010822 0.042510
0.189776 3.924585 0.041761
0.190282 3.989365 0.041169
0.190789 3.941478 0.041585
0.191296 4.039220 0.041566
0.191802 3.989691 0.041485
0.192309 4.018630 0.040611
0.192816 3.968641 0.041761
0.193323 3.964311 0.042279
0.193829 4.021732 0.043700
0.194336 3.962079 0.042357
0.194843 3.998194 0.042040
0.195349 4.012308 0.041865
0.195856 3.983338 0.042537
0.196363 4.004157 0.043297
0.196869 3.976248 0.041641
0.197376 3.977069 0.042502
0.197883 4.055301 0.042551
0.198389 3.944129 0.043182
0.198896 3.950766 0.042907
0.199403 3.998452 0.042054
0.199909 4.008512 0.041869
0.200416 3.968487 0.041696
0.200923 4.087088 0.042208
0.201429 4.025183 0.043638
0.201936 4.079573 0.042893
0.202443 3.994750 0.043977
0.202949 3.987074 0.042019
0.203456 3.959075 0.043662
0.203963 4.037595 0.043054
0.204469 3.942302 0.043289
0.204976 3.931134 0.043272
0.205483 3.952909 0.042649
0.205989 3.973480 0.043626
0.206496 4.047631 0.042599
0.207003 3.955155 0.042327
0.207509 3.894504 0.041433
0.208016 3.982509 0.042166
0.208523 3.977757 0.042445
0.209029 3.830027 0.042191
0.209536 3.983743 0.042842
0.210043 3.892580 0.042444
0.210549 3.936758 0.042851
0.211056 4.017380 0.044541
0.211563 3.903110 0.040781
0.212069 3.963483 0.042548
0.212576 3.937425 0.042939
0.213083 3.983033 0.042150
0.213589 3.908397 0.041483
0.214096 4.027001 0.042275
0.214603 3.854852 0.042792
0.215109 3.873195 0.040928
0.215616 3.921352 0.040997
0.216123 3.869425 0.042293
0.216629 3.965384 0.043278
0.217136 3.992823 0.042336
0.217643 3.961707 0.041616
0.218149 3.865410 0.040837
0.218656 3.922513 0.040847
0.219163 3.868691 0.041282
0.219669 3.929021 0.042453
0.220176 3.943467 0.041745
0.220683 3.939974 0.041412
0.221189 3.866296 0.041646
0.221696 3.938725 0.041350
0.222203 3.816584 0.041059
0.222709 3.898196 0.041871
0.223216 3.837725 0.041508
0.223722 3.905623 0.040425
0.224229 3.835288 0.040969
0.224736 3.803598 0.041979
0.225242 3.876615 0.042367
0.225749 3.826355 0.040232
0.226256 3.844029 0.041093
0.226762 3.889937 0.041292
0.227269 3.917066 0.041378
0.227776 3.836535 0.040834
0.228282 3.868820 0.040821
0.228789 3.860584 0.040790
0.229296 3.833196 0.040558
0.229802 3.859594 0.040025
0.230309 3.856115 0.041198
0.230816 3.783777 0.039826
0.231322 3.850544 0.041077
0.231829 3.854850 0.040739
0.232335 3.908573 0.040446
0.232842 3.915651 0.039002
0.233349 3.823659 0.038982
0.233855 3.830394 0.040409
0.234362 3.828413 0.040159
0.234869 3.848000 0.039403
0.235375 3.846920 0.039643
0.235882 3.880283 0.039219
0.236389 3.818569 0.039021
0.236895 3.895940 0.040032
0.237402 3.906903 0.039614
0.237908 3.858062 0.037761
0.238415 3.887489 0.039371
0.238922 3.791858 0.037879
0.239428 3.897565 0.039239
0.239935 3.823145 0.038854
0.240442 3.860345 0.038722
0.240948 3.882096 0.038843
0.241455 3.851500 0.038239
0.241962 3.884217 0.038312
0.242468 3.803427 0.038377
0.242975 3.852522 0.037866
0.243481 3.899212 0.037591
0.243988 3.818168 0.038284
0.244495 3.817373 0.036957
0.245001 3.799880 0.037223
0.245508 3.761707 0.037083
0.246015 3.815954 0.036954
0.246521 3.798059 0.038380
0.247028 3.867468 0.036379
0.247534 3.763205 0.037891
0.248041 3.821654 0.037382
0.248548 3.787189 0.037040
0.249054 3.792414 0.036294
0.249561 3.843298 0.036184
0.250068 3.837170 0.037224
0.250574 3.768155 0.037081
0.251081 3.833362 0.036896
0.251587 3.822822 0.035734
0.252094 3.784727 0.036504
0.252601 3.743467 0.035575
0.253107 3.806841 0.036425
0.253614 3.781526 0.036740
0.254120 3.787276 0.036537
0.254627 3.774313 0.036693
0.255134 3.805799 0.036515
0.255640 3.791435 0.036424
0.256147 3.824911 0.036399
0.256654 3.769194 0.036219
0.257160 3.801959 0.036192
0.257667 3.796760 0.035218
0.258173 3.730716 0.035633
0.258680 3.817107 0.035689
0.259187 3.794552 0.034692
0.259693 3.790881 0.034813
0.260200 3.729574 0.035054
0.260706 3.824824 0.035106
0.261213 3.755498 0.035652
0.261720 3.757539 0.034632
0.262226 3.755270 0.034870
0.262733 3.733075 0.034939
0.263239 3.770953 0.035428
0.263746 3.752881 0.035164
0.264253 3.766176 0.034582
0.264759 3.732107 0.034180
0.265266 3.785896 0.035285
0.265772 3.726377 0.034690
0.266279 3.733790 0.033515
0.266786 3.809111 0.035594
0.267292 3.816099 0.034638
0.267799 3.753815 0.034573
0.268305 3.803427 0.035077
0.268812 3.768840 0.034466
0.269319 3.693998 0.033743
0.269825 3.790330 0.034469
0.270332 3.785825 0.034951
0.270838 3.733940 0.034406
0.271345 3.789239 0.033910
0.271852 3.746102 0.034121
0.272358 3.693691 0.034345
0.272865 3.743033 0.034514
0.273371 3.758959 0.034693
0.273878 3.679872 0.033479
0.274385 3.728980 0.034090
0.274891 3.714184 0.033622
0.275398 3.771133 0.034249
0.275904 3.701746 0.033738
0.276411 3.744220 0.033938
0.276917 3.721272 0.033993
0.277424 3.675829 0.032768
0.277931 3.727080 0.033490
0.278437 3.683615 0.033220
0.278944 3.735906 0.032845
0.279450 3.724888 0.033282
0.279957 3.708055 0.033088
0.280464 3.706110 0.032987
0.280970 3.680056 0.033054
0.281477 3.746252 0.033817
0.281983 3.679335 0.033218
0.282490 3.703345 0.032943
0.282996 3.662271 0.032867
0.283503 3.710655 0.032777
0.284010 3.667335 0.032793
0.284516 3.688737 0.032064
0.285023 3.652620 0.032712
0.285529 3.731949 0.032682
0.286036 3.667030 0.032901
0.286542 3.696795 0.033400
0.287049 3.682139 0.032483
0.287556 3.745600 0.032489
0.288062 3.648832 0.033778
0.288569 3.667042 0.033066
0.289075 3.677909 0.033360
0.289582 3.730565 0.032902
0.290088 3.651080 0.033323
0.290595 3.752618 0.032685
0.291102 3.711860 0.032835
0.291608 3.644274 0.032598
0.292115 3.674938 0.032452
0.292621 3.658928 0.033462
0.293128 3.682330 0.033361
0.293634 3.626460 0.032234
0.294141 3.688654 0.032720
0.294647 3.654604 0.033893
0.295154 3.683841 0.032749
0.295661 3.632020 0.033322
0.296167 3.667988 0.033434
0.296674 3.705157 0.033147
0.297180 3.637477 0.033445
0.297687 3.667434 0.033027
0.298193 3.615075 0.032644
0.298700 3.635922 0.033082
0.299206 3.663170 0.033068
0.299713 3.590224 0.032246
0.300220 3.661546 0.033469
0.300726 3.609178 0.032609
0.301233 3.616530 0.033254
0.301739 3.701158 0.033123
0.302246 3.585075 0.032468
0.302752 3.617777 0.033156
0.303259 3.624088 0.032545
0.303765 3.635471 0.032645
0.304272 3.641219 0.032172
0.304779 3.652453 0.033200
0.305285 3.604963 0.031926
0.305792 3.618698 0.032255
0.306298 3.602644 0.032707
0.306805 3.596040 0.032982
0.307311 3.584785 0.032199
0.307818 3.607436 0.032117
0.308324 3.644944 0.032333
0.308831 3.603269 0.032700
0.309337 3.696137 0.032364
0.309844 3.593830 0.032871
0.310350 3.632044 0.033208
0.310857 3.587365 0.032251
0.311364 3.668811 0.034113
0.311870 3.673313 0.034347
0.312377 3.573814 0.034315
0.312883 3.598261 0.033792
0.313390 3.646725 0.034269
0.313896 3.602157 0.034565
0.314403 3.582512 0.034541
0.314909 3.606833 0.034869
0.315416 3.635055 0.035135
0.315922 3.607416 0.033503
0.316429 3.603432 0.033764
0.316935 3.601262 0.035093
0.317442 3.683505 0.035246
0.317948 3.649497 0.035192
0.318455 3.600693 0.036032
0.318961 3.605121 0.035564
0.319468 3.568687 0.035159
0.319975 3.594566 0.035310
0.320481 3.605566 0.035695
0.320988 3.596273 0.034995
0.321494 3.540417 0.038992
0.322001 3.622325 0.035787
0.322507 3.592503 0.035504
0.323014 3.601003 0.035271
0.323520 3.642429 0.035628
0.324027 3.628732 0.036206
0.324533 3.549377 0.034145
0.325040 3.630470 0.035002
0.325546 3.572633 0.034211
0.326053 3.581158 0.036346
0.326559 3.604439 0.035188
0.327066 3.642605 0.035536
0.327572 3.650018 0.036016
0.328079 3.557995 0.035196
0.328585 3.607194 0.035656
0.329092 3.579341 0.035053
0.329598 3.590974 0.036034
0.330105 3.480227 0.034988
0.330611 3.626964 0.036815
0.331118 3.615321 0.036779
0.331624 3.590553 0.036182
0.332131 3.604458 0.036507
0.332637 3.584545 0.035070
0.333144 3.589205 0.036444
0.333650 3.577900 0.035737
0.334157 3.502791 0.035200
0.334663 3.639583 0.036210
0.335170 3.566370 0.035998
0.335676 3.624701 0.037312
0.336183 3.580582 0.035973
0.336689 3.482949 0.036801
0.337196 3.497693 0.036413
0.337702 3.651262 0.036746
0.338209 3.543466 0.036960
0.338715 3.521278 0.035734
0.339222 3.567372 0.035832
0.339728 3.587294 0.035867
0.340235 3.579135 0.037445
0.340741 3.600915 0.037126
0.341248 3.578286 0.036654
0.341754 3.539118 0.035948
0.342261 3.583489 0.036509
0.342767 3.513974 0.036542
0.343274 3.533359 0.036321
0.343780 3.593239 0.037531
0.344287 3.567730 0.036362
0.344793 3.508037 0.035998
0.345300 3.581904 0.037635
0.345806 3.521706 0.036280
0.346313 3.594044 0.037138
0.346819 3.554361 0.036512
0.347325 3.516864 0.036527
0.347832 3.568012 0.037462
0.348338 3.535249 0.037617
0.348845 3.603127 0.037902
0.349351 3.515505 0.036656
0.349858 3.507498 0.035705
0.350364 3.489093 0.035535
0.350871 3.565977 0.037277
0.351377 3.489700 0.036943
0.351884 3.594132 0.037415
0.352390 3.516763 0.036519
0.352897 3.576073 0.036571
0.353403 3.540396 0.036846
0.353910 3.544450 0.037281
0.354416 3.504845 0.037196
0.354923 3.553096 0.036530
0.355429 3.490183 0.035238
0.355935 3.513288 0.035303
0.356442 3.520741 0.036058
0.356948 3.550254 0.035252
0.357455 3.588096 0.034690
0.357961 3.485802 0.034788
0.358468 3.570170 0.034357
0.358974 3.537351 0.034356
0.359481 3.499308 0.035071
0.359987 3.563553 0.035268
0.360494 3.532818 0.035130
0.361000 3.547004 0.034827
0.361506 3.540258 0.035370
0.362013 3.521167 0.034962
0.362519 3.540707 0.035220
0.363026 3.591003 0.035586
0.363532 3.478378 0.035069
0.364039 3.524954 0.036128
0.364545 3.476960 0.034878
0.365052 3.526392 0.035507
0.365558 3.465735 0.035846
0.366064 3.473495 0.034936
0.366571 3.500503 0.035693
0.367077 3.456856 0.035649
0.367584 3.555694 0.036500
0.368090 3.480491 0.036412
0.368597 3.480870 0.036088
0.369103 3.570145 0.037588
0.369610 3.448621 0.036792
0.370116 3.471010 0.036145
0.370622 3.417606 0.036676
0.371129 3.441530 0.036618
0.371635 3.380409 0.036945
0.372142 3.520534 0.038719
0.372648 3.500206 0.038782
0.373155 3.405972 0.037567
0.373661 3.500780 0.038494
0.374167 3.485034 0.037773
0.374674 3.485157 0.038228
0.375180 3.490251 0.036961
0.375687 3.484402 0.037200
0.376193 3.449081 0.037632
0.376700 3.522836 0.038303
0.377206 3.496234 0.038518
0.377712 3.501007 0.038327
0.378219 3.502708 0.039653
0.378725 3.447775 0.038605
0.379232 3.399724 0.038503
0.379738 3.587981 0.039968
0.380245 3.472491 0.039470
0.380751 3.431435 0.038694
0.381257 3.426837 0.039923
0.381764 3.457423 0.039724
0.382270 3.473091 0.040240
0.382777 3.447910 0.040750
0.383283 3.514516 0.040658
0.383789 3.539485 0.041310
0.384296 3.446219 0.040645
0.384802 3.436971 0.041976
0.385309 3.430681 0.041052
0.385815 3.461776 0.040981
0.386321 3.501009 0.040954
0.386828 3.457005 0.040984
0.387334 3.508435 0.042014
0.387841 3.518980 0.042082
0.388347 3.450614 0.042605
0.388853 3.503861 0.043164
0.389360 3.355073 0.043660
0.389866 3.403284 0.042605
0.390373 3.443496 0.043253
0.390879 3.498607 0.043364
0.391385 3.444120 0.042551
0.391892 3.423856 0.044064
0.392398 3.456710 0.044649
0.392905 3.457327 0.043724
0.393411 3.453486 0.045628
0.393917 3.450798 0.044568
0.394424 3.384950 0.050397
0.394930 3.461224 0.045138
0.395437 3.419418 0.046238
0.395943 3.471777 0.047639
0.396449 3.493304 0.046275
0.396956 3.396170 0.045490
0.397462 3.356466 0.046740
0.397969 3.381096 0.046913
0.398475 3.463885 0.045599
0.398981 3.408933 0.046338
0.399488 3.400222 0.046737
0.399994 3.444372 0.048152
0.400500 3.393986 0.046511
0.401007 3.418036 0.048092
0.401513 3.339300 0.047585
0.402020 3.428317 0.047471
0.402526 3.360325 0.047926
0.403032 3.449229 0.048178
0.403539 3.406525 0.047758
0.404045 3.389946 0.047162
0.404551 3.445747 0.049838
0.405058 3.449532 0.049442
0.405564 3.375082 0.047532
0.406071 3.394566 0.048366
0.406577 3.329867 0.049169
0.407083 3.394674 0.049535
0.407590 3.405569 0.050163
0.408096 3.404456 0.051319
0.408602 3.371034 0.049149
0.409109 3.383866 0.051817
0.409615 3.411111 0.051677
0.410121 3.291997 0.049144
0.410628 3.341970 0.051060
0.411134 3.380607 0.049429
0.411641 3.389198 0.051646
0.412147 3.397990 0.051481
0.412653 3.385118 0.050198
0.413160 3.306863 0.050519
0.413666 3.383262 0.052895
0.414172 3.285532 0.050775
0.414679 3.260969 0.050866
0.415185 3.287566 0.049895
0.415691 3.377342 0.053137
0.416198 3.375969 0.053947
0.416704 3.420527 0.051627
0.417210 3.288170 0.052990
0.417717 3.314220 0.052959
0.418223 3.269585 0.050190
0.418729 3.405073 0.051571
0.419236 3.385581 0.052898
0.419742 3.272805 0.053892
0.420248 3.312931 0.049749
0.420755 3.360762 0.054932
0.421261 3.400390 0.054866
0.421767 3.359904 0.052683
0.422274 3.327153 0.053271
0.422780 3.340054 0.055746
0.423286 3.327416 0.054804
0.423793 3.366665 0.054617
0.424299 3.445725 0.056108
0.424805 3.400718 0.057628
0.425312 3.219481 0.052653
0.425818 3.324153 0.055205
0.426324 3.285924 0.055672
0.426831 3.324001 0.058880
0.427337 3.426994 0.056822
0.427843 3.323824 0.057991
0.428350 3.313624 0.056730
0.428856 3.267455 0.057570
0.429362 3.354947 0.056313
0.429869 3.245870 0.059734
0.430375 3.316801 0.062831
0.430881 3.331788 0.057946
0.431388 3.278371 0.060300
0.431894 3.340529 0.062078
0.432400 3.357320 0.062493
0.432907 3.310124 0.063719
0.433413 3.444002 0.065392
0.433919 3.365978 0.061211
0.434425 3.250273 0.059613
0.434932 3.287039 0.059375
0.435438 3.450851 0.065748
0.435944 3.381267 0.066053
0.436451 3.364625 0.066501
0.436957 3.290519 0.067480
0.437463 3.304220 0.066141
0.437970 3.306080 0.065942
0.438476 3.366351 0.071073
0.438982 3.315029 0.068473
0.439488 3.211580 0.068295
0.439995 3.408095 0.066400
