0.009882 110.528178 24.780779
0.010389 64.638555 13.749990
0.010896 70.269539 13.787707
0.011402 58.545739 10.719119
0.011909 34.456322 6.207275
0.012416 36.400209 6.597772
0.012923 27.507021 3.890520
0.013430 23.486646 3.378648
0.013936 21.166821 2.174734
0.014443 19.652697 1.764651
0.014950 16.703265 1.066469
0.015457 15.020825 0.748248
0.015963 14.337638 0.805275
0.016470 13.767012 0.490719
0.016977 12.586344 0.412787
0.017484 11.616351 0.365806
0.017990 11.144415 0.301763
0.018497 10.594197 0.229159
0.019004 9.545585 0.228360
0.019511 9.877335 0.215432
0.020018 9.171568 0.192091
0.020524 8.344263 0.172804
0.021031 8.368562 0.207924
0.021538 8.353307 0.180193
0.022045 8.182607 0.169099
0.022551 7.656506 0.170016
0.023058 7.324824 0.155561
0.023565 7.049839 0.153257
0.024072 7.195205 0.162733
0.024579 7.035250 0.149200
0.025085 6.628968 0.134638
0.025592 6.809435 0.139917
0.026099 6.673198 0.125662
0.026606 6.563814 0.131184
0.027112 6.638161 0.127324
0.027619 6.406966 0.129757
0.028126 6.260237 0.124188
0.028633 6.437411 0.116974
0.029139 6.109788 0.113718
0.029646 5.877155 0.115779
0.030153 5.956729 0.110834
0.030660 5.751827 0.116403
0.031167 5.732822 0.114215
0.031673 5.761632 0.108360
0.032180 5.776439 0.104691
0.032687 5.578006 0.103701
0.033194 5.653859 0.102472
0.033700 5.422111 0.104691
0.034207 5.564401 0.101652
0.034714 5.373631 0.100987
0.035221 5.229879 0.093032
0.035727 5.402050 0.096046
0.036234 5.268868 0.101610
0.036741 5.356298 0.097383
0.037248 5.273313 0.090527
0.037755 5.400296 0.095624
0.038261 5.398263 0.094157
0.038768 5.131875 0.089420
0.039275 5.122294 0.090475
0.039782 5.089910 0.084684
0.040288 5.112319 0.086497
0.040795 5.006580 0.088116
0.041302 5.025252 0.085741
0.041809 5.012551 0.090249
0.042315 5.158488 0.082114
0.042822 5.031420 0.084654
0.043329 4.938135 0.083146
0.043836 4.960485 0.082379
0.044343 4.910986 0.085901
0.044849 4.870307 0.080336
0.045356 4.983446 0.081974
0.045863 5.036320 0.081077
0.046370 4.907664 0.077808
0.046876 4.883236 0.079139
0.047383 4.791638 0.076338
0.047890 4.819323 0.082351
0.048397 4.873497 0.078089
0.048903 4.759322 0.076215
0.049410 4.778088 0.076565
0.049917 4.835032 0.074551
0.050424 4.781017 0.075579
0.050931 4.717730 0.072993
0.051437 4.827668 0.073384
0.051944 4.777230 0.073950
0.052451 4.801225 0.072592
0.052958 4.597960 0.071150
0.053464 4.767116 0.070728
0.053971 4.922122 0.075824
0.054478 4.900227 0.070964
0.054985 4.831299 0.071402
0.055491 4.641548 0.076158
0.055998 4.595327 0.069855
0.056505 4.818003 0.071636
0.057012 4.624777 0.071632
0.057519 4.651027 0.065787
0.058025 4.626133 0.069576
0.058532 4.607317 0.065388
0.059039 4.609721 0.066710
0.059546 4.626666 0.067678
0.060052 4.757691 0.070700
0.060559 4.634259 0.068007
0.061066 4.543568 0.065183
0.061573 4.574583 0.065433
0.062079 4.569060 0.066929
0.062586 4.690739 0.067345
0.063093 4.612836 0.064017
0.063600 4.603343 0.063695
0.064106 4.633504 0.066904
0.064613 4.525074 0.063999
0.065120 4.661844 0.067698
0.065627 4.595310 0.065397
0.066134 4.562302 0.061878
0.066640 4.622634 0.063641
0.067147 4.574641 0.060684
0.067654 4.582711 0.064111
0.068161 4.624724 0.062956
0.068667 4.554584 0.060655
0.069174 4.615836 0.062051
0.069681 4.489093 0.061337
0.070188 4.535847 0.060564
0.070694 4.554107 0.061086
0.071201 4.711093 0.060999
0.071708 4.529328 0.059217
0.072215 4.450733 0.059615
0.072721 4.492557 0.060242
0.073228 4.526019 0.058680
0.073735 4.556070 0.059694
0.074242 4.434893 0.059221
0.074748 4.514752 0.059377
0.075255 4.500986 0.060058
0.075762 4.523277 0.056467
0.076269 4.526018 0.059487
0.076776 4.447555 0.059629
0.077282 4.560414 0.058677
0.077789 4.387113 0.056007
0.078296 4.411107 0.057434
0.078803 4.611806 0.057619
0.079309 4.563802 0.055692
0.079816 4.376765 0.058755
0.080323 4.530772 0.057427
0.080830 4.511234 0.062466
0.081336 4.445141 0.057636
0.081843 4.572614 0.059871
0.082350 4.513515 0.059101
0.082857 4.506700 0.059192
0.083363 4.412999 0.057375
0.083870 4.515173 0.058541
0.084377 4.503217 0.058654
0.084884 4.424990 0.058983
0.085390 4.507173 0.059811
0.085897 4.298017 0.056921
0.086404 4.495735 0.059770
0.086911 4.389235 0.055859
0.087417 4.440471 0.056706
0.087924 4.378347 0.057921
0.088431 4.438152 0.057584
0.088938 4.393780 0.059264
0.089444 4.494404 0.059685
0.089951 4.338046 0.057505
0.090458 4.431427 0.060529
0.090965 4.452044 0.060652
0.091471 4.409293 0.056567
0.091978 4.374661 0.056509
0.092485 4.352923 0.059010
0.092992 4.306124 0.056322
0.093498 4.407742 0.058194
0.094005 4.454056 0.059451
0.094512 4.434689 0.056693
0.095019 4.380577 0.057143
0.095525 4.294219 0.056364
0.096032 4.303597 0.060355
0.096539 4.367634 0.056547
0.097046 4.424602 0.057958
0.097552 4.421082 0.058014
0.098059 4.275677 0.055499
0.098566 4.260667 0.055007
0.099073 4.362876 0.058342
0.099579 4.318438 0.058091
0.100086 4.382370 0.053434
0.100593 4.224710 0.054603
0.101100 4.480132 0.056138
0.101606 4.356772 0.054704
0.102113 4.401927 0.055466
0.102620 4.314977 0.058701
0.103127 4.356120 0.055589
0.103633 4.257107 0.056768
0.104140 4.347795 0.058949
0.104647 4.406108 0.059973
0.105154 4.298656 0.057062
0.105660 4.389982 0.056395
0.106167 4.291207 0.056525
0.106674 4.255774 0.055147
0.107181 4.310879 0.054711
0.107687 4.311361 0.055002
0.108194 4.353098 0.055731
0.108701 4.291958 0.052940
0.109208 4.250250 0.052331
0.109714 4.302407 0.053857
0.110221 4.204345 0.052995
0.110728 4.332773 0.052358
0.111235 4.261206 0.051329
0.111741 4.306827 0.052726
0.112248 4.231575 0.050861
0.112755 4.322531 0.051163
0.113262 4.253374 0.050712
0.113768 4.203236 0.051406
0.114275 4.375753 0.050578
0.114782 4.249743 0.050008
0.115289 4.296009 0.051464
0.115795 4.265406 0.051479
0.116302 4.182590 0.050680
0.116809 4.338626 0.050878
0.117316 4.188240 0.049171
0.117822 4.260001 0.048274
0.118329 4.265321 0.049215
0.118836 4.250562 0.050311
0.119342 4.199590 0.047884
0.119849 4.268556 0.048876
0.120356 4.181350 0.047310
0.120863 4.239537 0.048338
0.121369 4.206199 0.047708
0.121876 4.210642 0.047568
0.122383 4.219960 0.046890
0.122890 4.172338 0.048333
0.123396 4.103565 0.046370
0.123903 4.152827 0.047522
0.124410 4.266984 0.046848
0.124917 4.213578 0.046912
0.125423 4.233024 0.049552
0.125930 4.289347 0.048118
0.126437 4.223383 0.047445
0.126944 4.147001 0.045219
0.127450 4.138733 0.046872
0.127957 4.117920 0.046402
0.128464 4.246658 0.047150
0.128970 4.179409 0.045788
0.129477 4.217315 0.046029
0.129984 4.242019 0.043775
0.130491 4.182783 0.046227
0.130997 4.262797 0.045440
0.131504 4.242240 0.045302
0.132011 4.205585 0.044381
0.132518 4.130245 0.045342
0.133024 4.226745 0.044521
0.133531 4.139467 0.043446
0.134038 4.117141 0.043156
0.134545 4.262585 0.044428
0.135051 4.146397 0.042713
0.135558 4.217701 0.044336
0.136065 4.151477 0.043221
0.136571 4.238634 0.043661
0.137078 4.219943 0.044918
0.137585 4.104374 0.043757
0.138092 4.213571 0.043647
0.138598 4.203406 0.042554
0.139105 4.132341 0.042333
0.139612 4.115578 0.042693
0.140119 4.162735 0.042498
0.140625 4.111262 0.041133
0.141132 4.154860 0.042737
0.141639 4.218107 0.041731
0.142145 4.167274 0.043177
0.142652 4.115457 0.042309
0.143159 4.104506 0.042284
0.143666 4.059362 0.041618
0.144172 4.099702 0.042224
0.144679 4.120709 0.041384
0.145186 4.133049 0.041103
0.145692 4.120712 0.041497
0.146199 4.069152 0.041764
0.146706 4.151505 0.040287
0.147213 4.151309 0.041019
0.147719 4.088806 0.040915
0.148226 4.142900 0.040790
0.148733 4.132293 0.040505
0.149240 4.066536 0.041131
0.149746 4.151091 0.040601
0.150253 4.090210 0.041654
0.150760 4.119527 0.041039
0.151266 4.164669 0.041272
0.151773 4.141819 0.040324
0.152280 4.110609 0.041258
0.152787 4.062527 0.040648
0.153293 4.061395 0.039619
0.153800 4.105130 0.040248
0.154307 4.054956 0.040938
0.154813 4.051503 0.040734
0.155320 4.068895 0.039450
0.155827 4.028214 0.039917
0.156334 4.078399 0.039620
0.156840 4.089640 0.039043
0.157347 4.120256 0.039603
0.157854 4.089421 0.039527
0.158360 4.065573 0.040234
0.158867 3.975445 0.038249
0.159374 4.059621 0.039473
0.159881 4.106497 0.039496
0.160387 4.071017 0.039245
0.160894 4.033942 0.038151
0.161401 4.038000 0.040307
0.161907 4.060349 0.039796
0.162414 4.039142 0.038876
0.162921 4.010570 0.038793
0.163427 4.000378 0.038476
0.163934 4.010942 0.038184
0.164441 4.014355 0.037794
0.164948 4.033759 0.038126
0.165454 4.097437 0.038079
0.165961 4.101039 0.039607
0.166468 4.067151 0.037527
0.166974 4.099550 0.038074
0.167481 4.026943 0.037538
0.167988 4.079667 0.038328
0.168495 4.000294 0.037560
0.169001 3.995300 0.038488
0.169508 3.914999 0.037825
0.170015 4.029741 0.039568
0.170521 4.081942 0.038152
0.171028 3.980371 0.039267
0.171535 3.997679 0.039468
0.172041 4.066543 0.039366
0.172548 4.046084 0.038703
0.173055 4.041451 0.038544
0.173562 4.043794 0.039100
0.174068 4.002351 0.038933
0.174575 4.038629 0.039640
0.175082 4.049594 0.038169
0.175588 3.975620 0.038797
0.176095 4.018796 0.039287
0.176602 4.002122 0.038898
0.177108 4.014958 0.039336
0.177615 3.939995 0.038197
0.178122 4.023531 0.038497
0.178629 4.066545 0.038533
0.179135 4.006547 0.039269
0.179642 3.986294 0.038583
0.180149 3.973106 0.038311
0.180655 4.019719 0.037937
0.181162 4.060618 0.039387
0.181669 3.975020 0.039794
0.182175 4.008811 0.040099
0.182682 3.931400 0.040503
0.183189 3.950232 0.039053
0.183695 4.027617 0.039421
0.184202 4.052817 0.040164
0.184709 3.983334 0.039755
0.185216 4.049847 0.040980
0.185722 3.988484 0.040137
0.186229 4.024908 0.041709
0.186736 4.016166 0.041420
0.187242 4.001602 0.041182
0.187749 4.038455 0.042015
0.188256 4.005511 0.040500
0.188762 4.000764 0.041121
0.189269 4.051108 0.040953
0.189776 3.982137 0.040839
0.190282 3.985848 0.041788
0.190789 3.981482 0.041429
0.191296 4.049503 0.042548
0.191802 4.030200 0.040796
0.192309 3.928034 0.041805
0.192816 3.909127 0.042165
0.193323 3.992730 0.040841
0.193829 4.024456 0.041992
0.194336 3.966994 0.040614
0.194843 4.070764 0.043561
0.195349 3.956771 0.041917
0.195856 3.952088 0.041828
0.196363 3.957693 0.041505
0.196869 3.983579 0.041955
0.197376 4.032331 0.040282
0.197883 3.952323 0.041406
0.198389 3.936781 0.041038
0.198896 4.045976 0.042983
0.199403 3.952969 0.042446
0.199909 3.996572 0.042429
0.200416 3.979079 0.041840
0.200923 3.954099 0.043123
0.201429 3.978234 0.041861
0.201936 3.953945 0.042159
0.202443 3.954271 0.043335
0.202949 3.942886 0.042009
0.203456 4.009690 0.042333
0.203963 4.022497 0.042847
0.204469 3.967443 0.042808
0.204976 3.990718 0.043839
0.205483 3.961381 0.043968
0.205989 3.938468 0.042668
0.206496 4.045302 0.042362
0.207003 4.040367 0.043000
0.207509 3.951077 0.042326
0.208016 3.964460 0.042818
0.208523 3.957639 0.042685
0.209029 3.998313 0.043085
0.209536 3.939453 0.042325
0.210043 3.943042 0.043544
0.210549 3.951821 0.042347
0.211056 4.014533 0.043412
0.211563 3.941764 0.042492
0.212069 3.926913 0.043438
0.212576 3.897449 0.042447
0.213083 3.818114 0.042196
0.213589 3.882164 0.042666
0.214096 3.948448 0.043635
0.214603 3.935274 0.042983
0.215109 3.874581 0.042954
0.215616 3.988048 0.042347
0.216123 3.866621 0.043405
0.216629 3.916947 0.043108
0.217136 3.901713 0.042313
0.217643 3.888367 0.041218
0.218149 3.969354 0.041100
0.218656 3.858932 0.041448
0.219163 4.022888 0.042901
0.219669 3.852380 0.041910
0.220176 3.916005 0.042518
0.220683 3.958925 0.041963
0.221189 3.902984 0.043005
0.221696 3.897137 0.040871
0.222203 3.946838 0.042320
0.222709 3.925689 0.042081
0.223216 3.918825 0.041249
0.223722 3.868368 0.040553
0.224229 3.925326 0.041614
0.224736 3.867036 0.041968
0.225242 3.817151 0.041428
0.225749 3.883788 0.042208
0.226256 3.954195 0.040296
0.226762 3.841374 0.040988
0.227269 3.876011 0.040717
0.227776 3.835671 0.041540
0.228282 3.836248 0.040497
0.228789 3.794326 0.041507
0.229296 3.817519 0.039507
0.229802 3.809683 0.041401
0.230309 3.892318 0.040556
0.230816 3.881870 0.040598
0.231322 3.893425 0.040032
0.231829 3.895137 0.039901
0.232335 3.841668 0.040819
0.232842 3.824588 0.039268
0.233349 3.795731 0.037874
0.233855 3.788777 0.039503
0.234362 3.858167 0.040556
0.234869 3.846780 0.039470
0.235375 3.842008 0.039059
0.235882 3.956902 0.040007
0.236389 3.838873 0.038859
0.236895 3.833050 0.038095
0.237402 3.833219 0.038164
0.237908 3.828152 0.039208
0.238415 3.835931 0.039666
0.238922 3.854150 0.039576
0.239428 3.827818 0.038345
0.239935 3.828622 0.038453
0.240442 3.862692 0.039142
0.240948 3.868035 0.038023
0.241455 3.848776 0.038352
0.241962 3.914765 0.038035
0.242468 3.835971 0.038478
0.242975 3.786287 0.038432
0.243481 3.787296 0.037555
0.243988 3.847011 0.038279
0.244495 3.820419 0.037248
0.245001 3.821431 0.037246
0.245508 3.840514 0.037230
0.246015 3.826869 0.037547
0.246521 3.809293 0.038147
0.247028 3.877454 0.037542
0.247534 3.812174 0.037788
0.248041 3.831311 0.037650
0.248548 3.834171 0.037052
0.249054 3.781386 0.036666
0.249561 3.787709 0.037103
0.250068 3.782661 0.036023
0.250574 3.800875 0.037563
0.251081 3.772728 0.036079
0.251587 3.767109 0.036283
0.252094 3.821775 0.037230
0.252601 3.731290 0.036271
0.253107 3.806557 0.036221
0.253614 3.740112 0.037274
0.254120 3.748501 0.036269
0.254627 3.770778 0.036651
0.255134 3.735655 0.035583
0.255640 3.779381 0.036692
0.256147 3.808797 0.035502
0.256654 3.786764 0.035553
0.257160 3.856533 0.036813
0.257667 3.781899 0.036092
0.258173 3.819575 0.035654
0.258680 3.773109 0.035667
0.259187 3.798958 0.034567
0.259693 3.764281 0.035439
0.260200 3.735756 0.035205
0.260706 3.752676 0.034322
0.261213 3.823578 0.035244
0.261720 3.747006 0.035894
0.262226 3.796449 0.035137
0.262733 3.804054 0.035481
0.263239 3.805216 0.035180
0.263746 3.798048 0.035317
0.264253 3.828416 0.035499
0.264759 3.844959 0.035041
0.265266 3.683085 0.034667
0.265772 3.740477 0.034558
0.266279 3.787737 0.034834
0.266786 3.691260 0.033224
0.267292 3.728285 0.035470
0.267799 3.757345 0.034530
0.268305 3.771239 0.034937
0.268812 3.761447 0.033618
0.269319 3.771971 0.034478
0.269825 3.736192 0.034774
0.270332 3.731037 0.034345
0.270838 3.705488 0.034653
0.271345 3.723323 0.034207
0.271852 3.792865 0.034179
0.272358 3.755305 0.034022
0.272865 3.713610 0.034748
0.273371 3.759898 0.034439
0.273878 3.726918 0.034569
0.274385 3.662707 0.033747
0.274891 3.731417 0.033662
0.275398 3.726054 0.033488
0.275904 3.691772 0.033538
0.276411 3.750856 0.033163
0.276917 3.675376 0.032412
0.277424 3.696878 0.033586
0.277931 3.756691 0.033980
0.278437 3.734662 0.032839
0.278944 3.696316 0.032786
0.279450 3.753250 0.033449
0.279957 3.706844 0.033118
0.280464 3.721825 0.033652
0.280970 3.719675 0.034065
0.281477 3.687693 0.033165
0.281983 3.728900 0.033956
0.282490 3.722380 0.033447
0.282996 3.722873 0.032624
0.283503 3.668046 0.032769
0.284010 3.723115 0.032710
0.284516 3.707347 0.033227
0.285023 3.705735 0.032594
0.285529 3.670666 0.032822
0.286036 3.752268 0.033028
0.286542 3.706196 0.033146
0.287049 3.712449 0.033416
0.287556 3.751865 0.033078
0.288062 3.678121 0.032873
0.288569 3.651714 0.032489
0.289075 3.692245 0.032585
0.289582 3.697382 0.033101
0.290088 3.692645 0.033077
0.290595 3.707357 0.032657
0.291102 3.705302 0.032850
0.291608 3.709265 0.032701
0.292115 3.654130 0.032776
0.292621 3.608297 0.032013
0.293128 3.655738 0.032611
0.293634 3.657370 0.032798
0.294141 3.663990 0.033467
0.294647 3.679172 0.032477
0.295154 3.624711 0.033307
0.295661 3.633821 0.032731
0.296167 3.658978 0.033001
0.296674 3.632933 0.032947
0.297180 3.664613 0.032741
0.297687 3.692025 0.032581
0.298193 3.646495 0.031990
0.298700 3.650586 0.032389
0.299206 3.670366 0.032227
0.299713 3.645766 0.032690
0.300220 3.604751 0.032212
0.300726 3.624170 0.031934
0.301233 3.643829 0.032905
0.301739 3.685492 0.032478
0.302246 3.688596 0.032467
0.302752 3.615408 0.032684
0.303259 3.648479 0.032583
0.303765 3.621981 0.032989
0.304272 3.633247 0.032609
0.304779 3.617917 0.032534
0.305285 3.640468 0.032084
0.305792 3.600675 0.032232
0.306298 3.581365 0.032629
0.306805 3.652780 0.032593
0.307311 3.637103 0.032084
0.307818 3.533001 0.031497
0.308324 3.619638 0.032242
0.308831 3.571003 0.031998
0.309337 3.582077 0.031922
0.309844 3.599304 0.032407
0.310350 3.609973 0.032605
0.310857 3.623370 0.032747
0.311364 3.547092 0.032988
0.311870 3.636267 0.033136
0.312377 3.599949 0.033174
0.312883 3.600682 0.033408
0.313390 3.609534 0.033975
0.313896 3.608394 0.033499
0.314403 3.686717 0.034737
0.314909 3.634840 0.034296
0.315416 3.570074 0.034552
0.315922 3.588044 0.035088
0.316429 3.553594 0.034640
0.316935 3.626862 0.035484
0.317442 3.641805 0.034234
0.317948 3.664787 0.035259
0.318455 3.632953 0.035620
0.318961 3.589350 0.035329
0.319468 3.638633 0.035096
0.319975 3.574901 0.035505
0.320481 3.583284 0.035402
0.320988 3.668320 0.035911
0.321494 3.595846 0.037383
0.322001 3.545695 0.035085
0.322507 3.626115 0.035655
0.323014 3.597154 0.033991
0.323520 3.605215 0.035030
0.324027 3.574119 0.036236
0.324533 3.578569 0.035464
0.325040 3.542772 0.034365
0.325546 3.627461 0.035454
0.326053 3.585423 0.035389
0.326559 3.549667 0.035337
0.327066 3.648633 0.035418
0.327572 3.551534 0.034897
0.328079 3.563721 0.034402
0.328585 3.555276 0.034797
0.329092 3.566429 0.035002
0.329598 3.555718 0.035597
0.330105 3.563884 0.035898
0.330611 3.572108 0.035164
0.331118 3.620815 0.036569
0.331624 3.568292 0.035801
0.332131 3.545339 0.035631
0.332637 3.584179 0.035835
0.333144 3.555678 0.035639
0.333650 3.588503 0.036135
0.334157 3.548210 0.035370
0.334663 3.639583 0.036221
0.335170 3.538634 0.036126
0.335676 3.584008 0.035649
0.336183 3.589810 0.036117
0.336689 3.626975 0.036434
0.337196 3.514781 0.035769
0.337702 3.631269 0.035831
0.338209 3.532283 0.035809
0.338715 3.568059 0.036710
0.339222 3.481955 0.035138
0.339728 3.559882 0.036352
0.340235 3.556139 0.036170
0.340741 3.567720 0.036065
0.341248 3.550559 0.036225
0.341754 3.588906 0.036478
0.342261 3.581960 0.036821
0.342767 3.644107 0.037131
0.343274 3.521974 0.036917
0.343780 3.512283 0.037648
0.344287 3.495835 0.035997
0.344793 3.528625 0.036729
0.345300 3.553642 0.036983
0.345806 3.563777 0.037003
0.346313 3.552341 0.036607
0.346819 3.496884 0.036502
0.347325 3.557037 0.036961
0.347832 3.573026 0.036996
0.348338 3.583386 0.036923
0.348845 3.548986 0.036505
0.349351 3.596521 0.036994
0.349858 3.558198 0.036425
0.350364 3.620440 0.037500
0.350871 3.568327 0.037239
0.351377 3.484228 0.037106
0.351884 3.619807 0.036886
0.352390 3.499377 0.036209
0.352897 3.491363 0.036387
0.353403 3.525352 0.037134
0.353910 3.569272 0.037060
0.354416 3.603962 0.037273
0.354923 3.508326 0.036292
0.355429 3.510037 0.035675
0.355935 3.459974 0.036248
0.356442 3.565498 0.035502
0.356948 3.517230 0.034529
0.357455 3.483003 0.033979
0.357961 3.528188 0.035175
0.358468 3.453636 0.034812
0.358974 3.517251 0.034668
0.359481 3.455423 0.035160
0.359987 3.575358 0.034946
0.360494 3.480807 0.034675
0.361000 3.446423 0.034999
0.361506 3.539529 0.036134
0.362013 3.473469 0.035066
0.362519 3.550342 0.035785
0.363026 3.467327 0.035761
0.363532 3.511442 0.035027
0.364039 3.544207 0.035269
0.364545 3.565211 0.036185
0.365052 3.483237 0.036054
0.365558 3.578257 0.036667
0.366064 3.456388 0.036623
0.366571 3.547054 0.035733
0.367077 3.515011 0.036856
0.367584 3.530053 0.036573
0.368090 3.551972 0.036406
0.368597 3.473981 0.036231
0.369103 3.490808 0.037497
0.369610 3.440131 0.036781
0.370116 3.542765 0.037030
0.370622 3.484656 0.036996
0.371129 3.444693 0.036083
0.371635 3.472239 0.037322
0.372142 3.400594 0.037368
0.372648 3.421454 0.037586
0.373155 3.516167 0.038742
0.373661 3.455134 0.036669
0.374167 3.474223 0.037924
0.374674 3.540450 0.037289
0.375180 3.513189 0.037261
0.375687 3.544330 0.039241
0.376193 3.461582 0.038756
0.376700 3.473334 0.037794
0.377206 3.463825 0.039758
0.377712 3.498365 0.039290
0.378219 3.478007 0.037870
0.378725 3.518477 0.039548
0.379232 3.504268 0.038771
0.379738 3.423758 0.038692
0.380245 3.437271 0.038640
0.380751 3.524931 0.040408
0.381257 3.494890 0.040709
0.381764 3.474120 0.040500
0.382270 3.495938 0.040535
0.382777 3.480931 0.040023
0.383283 3.484523 0.041449
0.383789 3.455223 0.040120
0.384296 3.460119 0.040626
0.384802 3.467159 0.041442
0.385309 3.447944 0.039833
0.385815 3.435015 0.041156
0.386321 3.419612 0.041674
0.386828 3.442442 0.041247
0.387334 3.380865 0.041029
0.387841 3.419764 0.041793
0.388347 3.429613 0.042304
0.388853 3.380591 0.043493
0.389360 3.522636 0.042806
0.389866 3.438723 0.042116
0.390373 3.435706 0.043001
0.390879 3.489957 0.043683
0.391385 3.430101 0.044281
0.391892 3.416361 0.043446
0.392398 3.410956 0.042217
0.392905 3.393260 0.043826
0.393411 3.280050 0.043837
0.393917 3.473973 0.045720
0.394424 3.442474 0.050641
0.394930 3.393911 0.044417
0.395437 3.439688 0.045473
0.395943 3.463757 0.045046
0.396449 3.403842 0.045443
0.396956 3.374802 0.047440
0.397462 3.420472 0.045786
0.397969 3.349931 0.045516
0.398475 3.468027 0.046883
0.398981 3.502519 0.048631
0.399488 3.311071 0.044278
0.399994 3.341475 0.046829
0.400500 3.397067 0.047477
0.401007 3.415956 0.047999
0.401513 3.444507 0.048900
0.402020 3.349592 0.047578
0.402526 3.339832 0.049545
0.403032 3.432386 0.048504
0.403539 3.460282 0.046553
0.404045 3.379270 0.049212
0.404551 3.344529 0.047621
0.405058 3.386630 0.048994
0.405564 3.455018 0.049924
0.406071 3.485466 0.050571
0.406577 3.356116 0.050336
0.407083 3.371403 0.049658
0.407590 3.437252 0.051195
0.408096 3.422897 0.051430
0.408602 3.466003 0.051245
0.409109 3.476051 0.049888
0.409615 3.365770 0.049290
0.410121 3.393811 0.051017
0.410628 3.330435 0.049605
0.411134 3.353604 0.048596
0.411641 3.407272 0.051919
0.412147 3.345868 0.050543
0.412653 3.271821 0.049438
0.413160 3.326192 0.052048
0.413666 3.324045 0.051586
0.414172 3.338144 0.052940
0.414679 3.334764 0.049742
0.415185 3.369279 0.051618
0.415691 3.347518 0.052350
0.416198 3.242103 0.048496
0.416704 3.346393 0.051430
0.417210 3.288171 0.053811
0.417717 3.251037 0.051706
0.418223 3.316640 0.053199
0.418729 3.336292 0.051960
0.419236 3.341135 0.049542
0.419742 3.285454 0.052862
0.420248 3.221926 0.053570
0.420755 3.254403 0.052798
0.421261 3.302860 0.052698
0.421767 3.320067 0.051725
0.422274 3.357159 0.055254
0.422780 3.440392 0.055977
0.423286 3.337271 0.053636
0.423793 3.280942 0.054424
0.424299 3.348968 0.054172
0.424805 3.366061 0.055832
0.425312 3.314907 0.054454
0.425818 3.255057 0.053890
0.426324 3.294979 0.055837
0.426831 3.454412 0.057755
0.427337 3.433785 0.059282
0.427843 3.343232 0.057423
0.428350 3.407850 0.059662
0.428856 3.429589 0.056068
0.429362 3.387037 0.060297
0.429869 3.277585 0.055856
0.430375 3.371157 0.059735
0.430881 3.293172 0.059152
0.431388 3.317241 0.057834
0.431894 3.259992 0.060714
0.432400 3.378066 0.062892
0.432907 3.356226 0.061202
0.433413 3.319607 0.065151
0.433919 3.292742 0.060795
0.434425 3.171027 0.058350
0.434932 3.386046 0.063538
0.435438 3.294170 0.065045
0.435944 3.293777 0.064205
0.436451 3.208341 0.061476
0.436957 3.351454 0.065499
0.437463 3.191513 0.065894
0.437970 3.451955 0.070508
0.438476 3.352319 0.067561
0.438982 3.226725 0.069582
0.439488 3.214510 0.068378
0.439995 3.371322 0.069880
