0.00988 0.36501 85.90753
0.01039 0.25069 46.99788
0.01090 0.22651 43.47938
0.01140 0.20428 35.84046
0.01191 0.11801 20.43950
0.01242 0.12746 21.79205
0.01292 0.09433 12.62700
0.01343 0.07993 11.52214
0.01394 0.06778 7.47111
0.01444 0.06341 6.21737
0.01495 0.05592 3.39454
0.01546 0.04922 3.12707
0.01596 0.04957 2.13641
0.01647 0.04514 1.65370
0.01698 0.04303 1.47375
0.01748 0.03757 1.22305
0.01799 0.03632 1.02527
0.01850 0.03571 0.81903
0.01900 0.03379 0.75499
0.01951 0.03302 0.70269
0.02002 0.03156 0.64032
0.02052 0.02931 0.65302
0.02103 0.02874 0.62554
0.02154 0.02769 0.56134
0.02204 0.02752 0.58433
0.02255 0.02568 0.56169
0.02306 0.02580 0.58132
0.02356 0.02516 0.50676
0.02407 0.02424 0.49479
0.02458 0.02406 0.50122
0.02508 0.02298 0.46263
0.02559 0.02286 0.48837
0.02610 0.02238 0.42196
0.02661 0.02275 0.46934
0.02711 0.02198 0.45496
0.02762 0.02150 0.42167
0.02813 0.02142 0.41536
0.02863 0.02125 0.40115
0.02914 0.02075 0.40681
0.02965 0.02069 0.39793
0.03015 0.02028 0.37096
0.03066 0.01966 0.35189
0.03117 0.01966 0.38941
0.03167 0.02001 0.37562
0.03218 0.01899 0.35394
0.03269 0.01928 0.36772
0.03319 0.01912 0.36122
0.03370 0.01901 0.35243
0.03421 0.01864 0.35753
0.03471 0.01872 0.35065
0.03522 0.01840 0.34788
0.03573 0.01849 0.33116
0.03623 0.01782 0.33256
0.03674 0.01826 0.32985
0.03725 0.01792 0.30249
0.03775 0.01832 0.31556
0.03826 0.01792 0.31858
0.03877 0.01779 0.31129
0.03927 0.01770 0.30621
0.03978 0.01752 0.30989
0.04029 0.01716 0.29822
0.04079 0.01717 0.29402
0.04130 0.01723 0.29973
0.04181 0.01698 0.28336
0.04231 0.01748 0.30834
0.04282 0.01707 0.29138
0.04333 0.01675 0.28389
0.04384 0.01709 0.29674
0.04434 0.01759 0.28580
0.04485 0.01720 0.28487
0.04536 0.01667 0.28366
0.04586 0.01703 0.28489
0.04637 0.01645 0.28701
0.04688 0.01664 0.27778
0.04738 0.01628 0.26183
0.04789 0.01684 0.27720
0.04840 0.01660 0.24642
0.04890 0.01647 0.25265
0.04941 0.01656 0.24959
0.04992 0.01660 0.26061
0.05042 0.01636 0.25842
0.05093 0.01627 0.25864
0.05144 0.01631 0.25106
0.05194 0.01617 0.26209
0.05245 0.01636 0.24126
0.05296 0.01622 0.24743
0.05346 0.01659 0.25281
0.05397 0.01586 0.23601
0.05448 0.01629 0.23628
0.05498 0.01601 0.24224
0.05549 0.01624 0.24654
0.05600 0.01615 0.24170
0.05650 0.01620 0.23051
0.05701 0.01562 0.23971
0.05752 0.01609 0.23256
0.05803 0.01596 0.23521
0.05853 0.01575 0.22677
0.05904 0.01606 0.23535
0.05955 0.01579 0.23004
0.06005 0.01615 0.23803
0.06056 0.01585 0.23339
0.06107 0.01568 0.21952
0.06157 0.01625 0.22466
0.06208 0.01540 0.21922
0.06259 0.01537 0.22525
0.06309 0.01578 0.22675
0.06360 0.01579 0.22262
0.06411 0.01563 0.22832
0.06461 0.01607 0.21864
0.06512 0.01585 0.21490
0.06563 0.01535 0.21510
0.06613 0.01541 0.22530
0.06664 0.01582 0.21622
0.06715 0.01536 0.21996
0.06765 0.01553 0.21501
0.06816 0.01545 0.21593
0.06867 0.01553 0.21353
0.06917 0.01553 0.20846
0.06968 0.01575 0.21899
0.07019 0.01577 0.21977
0.07069 0.01554 0.20672
0.07120 0.01541 0.20323
0.07171 0.01544 0.20588
0.07222 0.01546 0.20691
0.07272 0.01533 0.21497
0.07323 0.01483 0.19979
0.07373 0.01525 0.20558
0.07424 0.01500 0.20489
0.07475 0.01533 0.20182
0.07526 0.01497 0.19895
0.07576 0.01539 0.19746
0.07627 0.01528 0.20163
0.07678 0.01513 0.19960
0.07728 0.01549 0.19263
0.07779 0.01525 0.19623
0.07830 0.01537 0.19896
0.07880 0.01514 0.20137
0.07931 0.01535 0.19969
0.07982 0.01552 0.20727
0.08032 0.01506 0.20106
0.08083 0.01511 0.19661
0.08134 0.01506 0.19772
0.08184 0.01526 0.20744
0.08235 0.01528 0.19315
0.08286 0.01483 0.20004
0.08336 0.01521 0.20159
0.08387 0.01509 0.20212
0.08438 0.01503 0.20074
0.08488 0.01558 0.20164
0.08539 0.01523 0.19546
0.08590 0.01512 0.20042
0.08640 0.01543 0.20126
0.08691 0.01553 0.20452
0.08742 0.01459 0.18715
0.08792 0.01512 0.19885
0.08843 0.01491 0.19462
0.08894 0.01506 0.20153
0.08944 0.01502 0.20408
0.08995 0.01507 0.19076
0.09046 0.01462 0.19627
0.09097 0.01488 0.19727
0.09147 0.01510 0.19923
0.09198 0.01502 0.18751
0.09248 0.01459 0.20120
0.09299 0.01487 0.19790
0.09350 0.01489 0.19499
0.09401 0.01496 0.20123
0.09451 0.01512 0.19986
0.09502 0.01494 0.19075
0.09552 0.01511 0.19684
0.09603 0.01485 0.19176
0.09654 0.01485 0.18852
0.09705 0.01463 0.19321
0.09755 0.01475 0.19310
0.09806 0.01474 0.18868
0.09857 0.01496 0.19014
0.09907 0.01487 0.19991
0.09958 0.01484 0.19709
0.10009 0.01474 0.19759
0.10059 0.01480 0.18961
0.10110 0.01479 0.19279
0.10161 0.01462 0.19566
0.10211 0.01490 0.19539
0.10262 0.01440 0.18799
0.10313 0.01484 0.19310
0.10363 0.01482 0.20011
0.10414 0.01480 0.20005
0.10465 0.01488 0.20607
0.10515 0.01495 0.19273
0.10566 0.01513 0.19444
0.10617 0.01479 0.19638
0.10667 0.01505 0.19553
0.10718 0.01453 0.18371
0.10769 0.01470 0.18724
0.10819 0.01477 0.18457
0.10870 0.01456 0.18183
0.10921 0.01477 0.18478
0.10971 0.01450 0.18339
0.11022 0.01433 0.17662
0.11073 0.01453 0.17868
0.11124 0.01480 0.17777
0.11174 0.01440 0.17631
0.11225 0.01439 0.17608
0.11275 0.01459 0.17596
0.11326 0.01448 0.17416
0.11377 0.01452 0.17713
0.11428 0.01463 0.17331
0.11478 0.01478 0.16934
0.11529 0.01457 0.17266
0.11579 0.01468 0.16891
0.11630 0.01443 0.16389
0.11681 0.01429 0.16546
0.11732 0.01447 0.17260
0.11782 0.01434 0.17236
0.11833 0.01419 0.16930
0.11884 0.01457 0.16343
0.11934 0.01444 0.16693
0.11985 0.01437 0.15928
0.12036 0.01429 0.16871
0.12086 0.01433 0.16111
0.12137 0.01430 0.16427
0.12188 0.01452 0.16129
0.12238 0.01459 0.16476
0.12289 0.01439 0.16024
0.12340 0.01436 0.16368
0.12390 0.01426 0.16189
0.12441 0.01447 0.16194
0.12492 0.01420 0.16054
0.12542 0.01402 0.15676
0.12593 0.01457 0.16263
0.12644 0.01413 0.16085
0.12694 0.01424 0.16155
0.12745 0.01440 0.16191
0.12796 0.01426 0.15883
0.12846 0.01439 0.15822
0.12897 0.01417 0.15656
0.12948 0.01443 0.15839
0.12998 0.01446 0.15352
0.13049 0.01423 0.15595
0.13100 0.01436 0.15802
0.13150 0.01430 0.15155
0.13201 0.01442 0.15117
0.13252 0.01441 0.15298
0.13302 0.01433 0.15129
0.13353 0.01436 0.15358
0.13404 0.01430 0.15315
0.13454 0.01425 0.15055
0.13505 0.01397 0.14731
0.13556 0.01431 0.14986
0.13606 0.01432 0.14828
0.13657 0.01435 0.14854
0.13708 0.01423 0.14947
0.13759 0.01426 0.14639
0.13809 0.01431 0.14791
0.13860 0.01409 0.14940
0.13911 0.01427 0.14897
0.13961 0.01446 0.14803
0.14012 0.01418 0.14378
0.14062 0.01399 0.15013
0.14113 0.01425 0.14496
0.14164 0.01416 0.14474
0.14214 0.01397 0.14473
0.14265 0.01418 0.14632
0.14316 0.01393 0.14584
0.14367 0.01430 0.14397
0.14417 0.01419 0.14442
0.14468 0.01417 0.13919
0.14519 0.01425 0.14681
0.14569 0.01413 0.14266
0.14620 0.01405 0.14206
0.14671 0.01400 0.13830
0.14721 0.01419 0.14347
0.14772 0.01391 0.14215
0.14823 0.01394 0.14101
0.14873 0.01402 0.13917
0.14924 0.01377 0.14161
0.14975 0.01391 0.13737
0.15025 0.01401 0.14027
0.15076 0.01391 0.14013
0.15127 0.01384 0.13884
0.15177 0.01403 0.14200
0.15228 0.01393 0.13657
0.15279 0.01374 0.13687
0.15329 0.01412 0.13705
0.15380 0.01415 0.13475
0.15431 0.01396 0.13896
0.15481 0.01420 0.14028
0.15532 0.01386 0.13420
0.15583 0.01352 0.13496
0.15633 0.01371 0.13441
0.15684 0.01415 0.13423
0.15735 0.01378 0.13161
0.15785 0.01370 0.13328
0.15836 0.01392 0.13437
0.15887 0.01397 0.13662
0.15937 0.01382 0.13281
0.15988 0.01377 0.13579
0.16039 0.01368 0.13490
0.16089 0.01391 0.13330
0.16140 0.01388 0.13403
0.16191 0.01419 0.13048
0.16241 0.01379 0.12961
0.16292 0.01370 0.13299
0.16343 0.01377 0.13373
0.16393 0.01403 0.13217
0.16444 0.01392 0.13312
0.16495 0.01379 0.13171
0.16545 0.01377 0.12958
0.16596 0.01370 0.12595
0.16647 0.01384 0.13084
0.16697 0.01382 0.13293
0.16748 0.01373 0.12716
0.16799 0.01373 0.13077
0.16850 0.01389 0.13053
0.16900 0.01374 0.13171
0.16951 0.01378 0.13247
0.17001 0.01381 0.13549
0.17052 0.01388 0.13606
0.17103 0.01392 0.13692
0.17153 0.01370 0.13267
0.17204 0.01357 0.13443
0.17255 0.01377 0.13526
0.17305 0.01350 0.13160
0.17356 0.01365 0.13394
0.17407 0.01370 0.13419
0.17458 0.01377 0.13650
0.17508 0.01352 0.13389
0.17559 0.01391 0.13528
0.17610 0.01380 0.13325
0.17660 0.01383 0.13365
0.17711 0.01386 0.13465
0.17761 0.01338 0.13296
0.17812 0.01354 0.13109
0.17863 0.01350 0.13261
0.17913 0.01380 0.13749
0.17964 0.01351 0.13372
0.18015 0.01377 0.13675
0.18066 0.01348 0.13117
0.18116 0.01363 0.13561
0.18167 0.01391 0.13479
0.18218 0.01360 0.13916
0.18268 0.01382 0.13766
0.18319 0.01379 0.14327
0.18369 0.01369 0.14163
0.18420 0.01359 0.13362
0.18471 0.01375 0.13935
0.18522 0.01392 0.14230
0.18572 0.01370 0.14051
0.18623 0.01361 0.13805
0.18674 0.01339 0.13743
0.18724 0.01356 0.13819
0.18775 0.01378 0.13916
0.18826 0.01378 0.14159
0.18876 0.01372 0.13942
0.18927 0.01366 0.13886
0.18978 0.01360 0.13954
0.19028 0.01370 0.13852
0.19079 0.01359 0.14184
0.19130 0.01366 0.14406
0.19180 0.01355 0.14267
0.19231 0.01354 0.14171
0.19282 0.01337 0.14456
0.19332 0.01372 0.14329
0.19383 0.01355 0.14078
0.19434 0.01360 0.13899
0.19484 0.01376 0.14361
0.19535 0.01361 0.14468
0.19586 0.01370 0.14585
0.19636 0.01350 0.14613
0.19687 0.01347 0.14540
0.19738 0.01329 0.14051
0.19788 0.01339 0.14401
0.19839 0.01368 0.14746
0.19890 0.01334 0.13891
0.19940 0.01335 0.14141
0.19991 0.01337 0.14453
0.20042 0.01324 0.14676
0.20092 0.01366 0.15002
0.20143 0.01345 0.14059
0.20194 0.01347 0.14514
0.20244 0.01349 0.14421
0.20295 0.01313 0.14842
0.20346 0.01361 0.14382
0.20396 0.01363 0.14779
0.20447 0.01365 0.15014
0.20498 0.01352 0.14827
0.20548 0.01327 0.14852
0.20599 0.01373 0.15171
0.20650 0.01337 0.14828
0.20700 0.01359 0.14833
0.20751 0.01363 0.14518
0.20802 0.01328 0.13992
0.20852 0.01350 0.14744
0.20903 0.01346 0.14712
0.20954 0.01359 0.14634
0.21004 0.01340 0.14422
0.21055 0.01350 0.14747
0.21106 0.01366 0.14717
0.21156 0.01337 0.14434
0.21207 0.01344 0.14202
0.21258 0.01340 0.14474
0.21308 0.01361 0.14459
0.21359 0.01311 0.14211
0.21410 0.01335 0.14706
0.21460 0.01321 0.14447
0.21511 0.01351 0.14444
0.21562 0.01338 0.14519
0.21612 0.01341 0.14151
0.21663 0.01332 0.14542
0.21714 0.01327 0.14540
0.21764 0.01321 0.14402
0.21815 0.01348 0.14725
0.21866 0.01332 0.14117
0.21916 0.01320 0.14344
0.21967 0.01336 0.14260
0.22018 0.01344 0.14384
0.22068 0.01319 0.14768
0.22119 0.01333 0.14257
0.22170 0.01331 0.14471
0.22220 0.01325 0.14002
0.22271 0.01300 0.14486
0.22322 0.01344 0.14242
0.22372 0.01315 0.14255
0.22423 0.01321 0.14164
0.22474 0.01310 0.14380
0.22524 0.01343 0.14520
0.22575 0.01318 0.14118
0.22626 0.01308 0.13984
0.22676 0.01318 0.14269
0.22727 0.01343 0.14054
0.22778 0.01292 0.13896
0.22828 0.01320 0.13918
0.22879 0.01323 0.14017
0.22930 0.01319 0.13605
0.22980 0.01310 0.13953
0.23031 0.01313 0.13850
0.23082 0.01329 0.14154
0.23132 0.01325 0.13240
0.23183 0.01313 0.13794
0.23234 0.01330 0.13755
0.23284 0.01332 0.13679
0.23335 0.01323 0.13303
0.23386 0.01301 0.13327
0.23436 0.01321 0.13674
0.23487 0.01314 0.13125
0.23538 0.01306 0.13523
0.23588 0.01310 0.13517
0.23639 0.01301 0.13230
0.23689 0.01314 0.13420
0.23740 0.01305 0.13195
0.23791 0.01317 0.13288
0.23841 0.01320 0.12965
0.23892 0.01320 0.13242
0.23943 0.01338 0.13528
0.23994 0.01300 0.12726
0.24044 0.01291 0.12726
0.24095 0.01301 0.13082
0.24146 0.01302 0.13105
0.24196 0.01312 0.13005
0.24247 0.01321 0.13421
0.24297 0.01302 0.12913
0.24348 0.01310 0.13130
0.24399 0.01308 0.13191
0.24449 0.01279 0.12829
0.24500 0.01263 0.12997
0.24551 0.01290 0.12839
0.24602 0.01293 0.12859
0.24652 0.01273 0.12881
0.24703 0.01297 0.12917
0.24753 0.01289 0.12991
0.24804 0.01303 0.12471
0.24855 0.01294 0.12855
0.24905 0.01291 0.12523
0.24956 0.01321 0.12953
0.25007 0.01310 0.12763
0.25057 0.01295 0.12721
0.25108 0.01299 0.12559
0.25159 0.01286 0.12210
0.25209 0.01283 0.12629
0.25260 0.01291 0.12580
0.25311 0.01287 0.12410
0.25361 0.01284 0.12768
0.25412 0.01296 0.12512
0.25463 0.01321 0.12488
0.25513 0.01291 0.12230
0.25564 0.01310 0.11907
0.25615 0.01286 0.12224
0.25665 0.01291 0.12223
0.25716 0.01300 0.12209
0.25767 0.01274 0.12123
0.25817 0.01306 0.12332
0.25868 0.01277 0.11898
0.25919 0.01272 0.11582
0.25969 0.01279 0.12077
0.26020 0.01298 0.12070
0.26071 0.01271 0.11835
0.26121 0.01292 0.11931
0.26172 0.01305 0.12304
0.26223 0.01275 0.12221
0.26273 0.01286 0.11857
0.26324 0.01298 0.12265
0.26375 0.01277 0.12230
0.26425 0.01279 0.11740
0.26476 0.01303 0.12219
0.26527 0.01292 0.12143
0.26577 0.01281 0.11676
0.26628 0.01271 0.11815
0.26679 0.01274 0.11752
0.26729 0.01267 0.11525
0.26780 0.01266 0.11495
0.26831 0.01286 0.11726
0.26881 0.01267 0.12061
0.26932 0.01268 0.11699
0.26982 0.01290 0.11677
0.27033 0.01260 0.11469
0.27084 0.01281 0.12028
0.27135 0.01261 0.11646
0.27185 0.01260 0.11582
0.27236 0.01287 0.11530
0.27287 0.01276 0.11659
0.27337 0.01258 0.11506
0.27388 0.01275 0.11704
0.27438 0.01263 0.11532
0.27489 0.01255 0.11270
0.27540 0.01261 0.11558
0.27590 0.01280 0.11690
0.27641 0.01261 0.11495
0.27692 0.01268 0.11568
0.27742 0.01278 0.11409
0.27793 0.01266 0.11414
0.27844 0.01268 0.11261
0.27894 0.01272 0.11388
0.27945 0.01246 0.11441
0.27996 0.01241 0.11161
0.28046 0.01262 0.11329
0.28097 0.01258 0.11403
0.28148 0.01266 0.11462
0.28198 0.01275 0.11079
0.28249 0.01246 0.11398
0.28300 0.01286 0.11369
0.28350 0.01254 0.11447
0.28401 0.01266 0.11117
0.28452 0.01248 0.11163
0.28502 0.01226 0.11006
0.28553 0.01255 0.11461
0.28604 0.01270 0.11019
0.28654 0.01243 0.11231
0.28705 0.01249 0.11150
0.28756 0.01270 0.11461
0.28806 0.01248 0.11049
0.28857 0.01264 0.11244
0.28908 0.01245 0.11267
0.28958 0.01253 0.11211
0.29009 0.01247 0.11224
0.29059 0.01223 0.11031
0.29110 0.01231 0.11177
0.29161 0.01249 0.11198
0.29212 0.01254 0.11532
0.29262 0.01254 0.11076
0.29313 0.01255 0.11096
0.29363 0.01235 0.11083
0.29414 0.01239 0.11078
0.29465 0.01237 0.11346
0.29515 0.01224 0.10940
0.29566 0.01249 0.11512
0.29617 0.01248 0.11457
0.29667 0.01229 0.10868
0.29718 0.01256 0.11493
0.29769 0.01241 0.11039
0.29819 0.01242 0.10845
0.29870 0.01238 0.11147
0.29921 0.01215 0.11268
0.29971 0.01226 0.11177
0.30022 0.01237 0.11034
0.30073 0.01236 0.11123
0.30123 0.01241 0.11246
0.30174 0.01225 0.11019
0.30225 0.01230 0.10865
0.30275 0.01227 0.11104
0.30326 0.01227 0.11111
0.30377 0.01242 0.11293
0.30427 0.01231 0.11100
0.30478 0.01229 0.11113
0.30528 0.01244 0.11216
0.30579 0.01230 0.11183
0.30630 0.01237 0.10938
0.30680 0.01233 0.11109
0.30731 0.01221 0.11059
0.30782 0.01219 0.10779
0.30832 0.01232 0.11118
0.30883 0.01234 0.11098
0.30934 0.01233 0.11214
0.30984 0.01256 0.11545
0.31035 0.01228 0.11487
0.31086 0.01223 0.11214
0.31136 0.01234 0.11327
0.31187 0.01225 0.11588
0.31238 0.01223 0.11656
0.31288 0.01213 0.11519
0.31339 0.01249 0.11887
0.31390 0.01232 0.11839
0.31440 0.01222 0.11707
0.31491 0.01211 0.11596
0.31542 0.01224 0.12093
0.31592 0.01236 0.12143
0.31643 0.01236 0.11879
0.31694 0.01225 0.12150
0.31744 0.01228 0.11772
0.31795 0.01231 0.12069
0.31845 0.01208 0.11849
0.31896 0.01242 0.12032
0.31947 0.01226 0.12074
0.31998 0.01243 0.12180
0.32048 0.01219 0.12042
0.32099 0.01228 0.11916
0.32149 0.01225 0.12891
0.32200 0.01197 0.12184
0.32251 0.01241 0.12216
0.32301 0.01236 0.12158
0.32352 0.01219 0.11808
0.32403 0.01215 0.11825
0.32453 0.01227 0.12186
0.32504 0.01225 0.12127
0.32555 0.01196 0.12001
0.32605 0.01222 0.12392
0.32656 0.01250 0.12294
0.32707 0.01218 0.12039
0.32757 0.01206 0.12089
0.32808 0.01222 0.12186
0.32859 0.01226 0.11763
0.32909 0.01191 0.11983
0.32960 0.01204 0.11701
0.33010 0.01227 0.12363
0.33061 0.01230 0.12168
0.33112 0.01226 0.12262
0.33162 0.01221 0.12156
0.33213 0.01201 0.11939
0.33264 0.01212 0.12080
0.33314 0.01222 0.12478
0.33365 0.01239 0.12182
0.33416 0.01214 0.12416
0.33466 0.01204 0.12275
0.33517 0.01202 0.12247
0.33568 0.01220 0.12283
0.33618 0.01216 0.12301
0.33669 0.01225 0.12438
0.33720 0.01213 0.12134
0.33770 0.01201 0.12353
0.33821 0.01206 0.12316
0.33871 0.01207 0.12253
0.33922 0.01203 0.12248
0.33973 0.01215 0.12659
0.34024 0.01202 0.12410
0.34074 0.01206 0.12621
0.34125 0.01205 0.12353
0.34175 0.01199 0.12527
0.34226 0.01204 0.12435
0.34277 0.01237 0.12376
0.34327 0.01218 0.12471
0.34378 0.01237 0.12726
0.34429 0.01207 0.12286
0.34479 0.01205 0.12543
0.34530 0.01202 0.12717
0.34581 0.01195 0.12272
0.34631 0.01204 0.12251
0.34682 0.01221 0.12761
0.34732 0.01227 0.12802
0.34783 0.01173 0.12415
0.34834 0.01204 0.12777
0.34885 0.01215 0.12779
0.34935 0.01213 0.12296
0.34986 0.01191 0.12327
0.35036 0.01176 0.12443
0.35087 0.01217 0.12540
0.35138 0.01196 0.12557
0.35188 0.01204 0.12452
0.35239 0.01194 0.12699
0.35290 0.01201 0.12504
0.35340 0.01213 0.12573
0.35391 0.01187 0.12534
0.35442 0.01201 0.12831
0.35492 0.01189 0.12286
0.35543 0.01199 0.12395
0.35594 0.01184 0.12004
0.35644 0.01179 0.12031
0.35695 0.01204 0.11822
0.35746 0.01203 0.12005
0.35796 0.01187 0.11704
0.35847 0.01196 0.11753
0.35897 0.01219 0.12222
0.35948 0.01203 0.12050
0.35999 0.01202 0.12348
0.36049 0.01179 0.12158
0.36100 0.01198 0.12172
0.36151 0.01192 0.11950
0.36201 0.01163 0.11789
0.36252 0.01176 0.12011
0.36303 0.01191 0.12029
0.36353 0.01188 0.12043
0.36404 0.01188 0.11907
0.36455 0.01189 0.11936
0.36505 0.01204 0.12516
0.36556 0.01178 0.12697
0.36606 0.01187 0.12120
0.36657 0.01183 0.12372
0.36708 0.01194 0.12235
0.36758 0.01190 0.12516
0.36809 0.01180 0.12334
0.36860 0.01198 0.12312
0.36910 0.01195 0.12990
0.36961 0.01183 0.12833
0.37012 0.01159 0.12695
0.37062 0.01164 0.12868
0.37113 0.01173 0.12783
0.37163 0.01161 0.12767
0.37214 0.01183 0.12786
0.37265 0.01186 0.12912
0.37316 0.01191 0.13011
0.37366 0.01185 0.12799
0.37417 0.01184 0.12981
0.37467 0.01196 0.13038
0.37518 0.01169 0.12801
0.37569 0.01162 0.13025
0.37619 0.01200 0.12805
0.37670 0.01189 0.13085
0.37721 0.01165 0.12899
0.37771 0.01169 0.13275
0.37822 0.01207 0.13334
0.37872 0.01190 0.13216
0.37923 0.01166 0.13242
0.37974 0.01200 0.13112
0.38024 0.01172 0.13448
0.38075 0.01177 0.13831
0.38126 0.01191 0.13266
0.38176 0.01194 0.13895
0.38227 0.01174 0.13691
0.38278 0.01163 0.13453
0.38328 0.01177 0.13524
0.38379 0.01168 0.13702
0.38430 0.01199 0.14444
0.38480 0.01177 0.13692
0.38531 0.01182 0.14029
0.38582 0.01169 0.14140
0.38632 0.01176 0.14314
0.38683 0.01191 0.14892
0.38733 0.01207 0.14710
0.38784 0.01153 0.13892
0.38835 0.01165 0.14028
0.38885 0.01166 0.14677
0.38936 0.01191 0.14908
0.38987 0.01163 0.14917
0.39037 0.01174 0.15138
0.39088 0.01183 0.14946
0.39138 0.01172 0.15037
0.39189 0.01170 0.14764
0.39240 0.01146 0.14828
0.39291 0.01168 0.14805
0.39341 0.01148 0.14999
0.39392 0.01175 0.15903
0.39442 0.01178 0.18588
0.39493 0.01173 0.15395
0.39544 0.01145 0.15340
0.39594 0.01174 0.15635
0.39645 0.01156 0.15655
0.39696 0.01144 0.15710
0.39746 0.01156 0.16141
0.39797 0.01182 0.15604
0.39848 0.01171 0.16383
0.39898 0.01177 0.16361
0.39949 0.01179 0.16589
0.39999 0.01147 0.16095
0.40050 0.01144 0.16163
0.40101 0.01138 0.16376
0.40151 0.01170 0.16446
0.40202 0.01139 0.16172
0.40253 0.01161 0.16820
0.40303 0.01169 0.16120
0.40354 0.01166 0.17014
0.40404 0.01167 0.16991
0.40455 0.01187 0.16918
0.40506 0.01178 0.16423
0.40556 0.01144 0.16390
0.40607 0.01176 0.16777
0.40658 0.01162 0.17026
0.40708 0.01155 0.16639
0.40759 0.01154 0.17050
0.40810 0.01160 0.17293
0.40860 0.01141 0.16593
0.40911 0.01155 0.16859
0.40962 0.01164 0.17406
0.41012 0.01152 0.17106
0.41063 0.01159 0.16999
0.41113 0.01164 0.16953
0.41164 0.01133 0.16684
0.41215 0.01140 0.17495
0.41265 0.01156 0.17524
0.41316 0.01163 0.17861
0.41367 0.01119 0.17795
0.41417 0.01139 0.17996
0.41468 0.01118 0.17598
0.41519 0.01114 0.17350
0.41569 0.01133 0.17836
0.41620 0.01123 0.17803
0.41670 0.01132 0.17919
0.41721 0.01126 0.17796
0.41772 0.01129 0.17839
0.41822 0.01118 0.17496
0.41873 0.01150 0.18100
0.41924 0.01137 0.18101
0.41974 0.01121 0.17746
0.42025 0.01145 0.18153
0.42075 0.01119 0.18037
0.42126 0.01154 0.18187
0.42177 0.01151 0.18295
0.42227 0.01128 0.17508
0.42278 0.01138 0.18314
0.42329 0.01139 0.18845
0.42379 0.01165 0.18958
0.42430 0.01143 0.19053
0.42480 0.01109 0.18207
0.42531 0.01114 0.19007
0.42582 0.01155 0.19468
0.42632 0.01128 0.19820
0.42683 0.01119 0.18772
0.42734 0.01129 0.19436
0.42784 0.01122 0.20290
0.42835 0.01151 0.21209
0.42886 0.01140 0.20290
0.42936 0.01117 0.19428
0.42987 0.01154 0.20051
0.43038 0.01087 0.20796
0.43088 0.01098 0.19232
0.43139 0.01128 0.19941
0.43189 0.01096 0.20273
0.43240 0.01110 0.20814
0.43291 0.01075 0.20937
0.43341 0.01138 0.21297
0.43392 0.01103 0.21319
0.43443 0.01141 0.21004
0.43493 0.01112 0.20636
0.43544 0.01136 0.22058
0.43594 0.01124 0.22034
0.43645 0.01161 0.23376
0.43696 0.01155 0.23884
0.43746 0.01159 0.21435
0.43797 0.01127 0.22185
0.43848 0.01129 0.23209
0.43898 0.01174 0.22687
0.43949 0.01150 0.23297
0.44000 0.01133 0.23987
