0.00988 0.11287 85.08614
0.01039 0.08105 50.38265
0.01090 0.07441 47.12651
0.01140 0.06194 36.30830
0.01191 0.03549 21.45605
0.01242 0.04236 21.07738
0.01292 0.02940 13.37181
0.01343 0.02585 12.01234
0.01394 0.02195 7.55334
0.01444 0.02015 5.73694
0.01495 0.01724 3.56220
0.01546 0.01636 2.55422
0.01596 0.01493 2.51985
0.01647 0.01436 1.53487
0.01698 0.01314 1.36006
0.01748 0.01234 1.13942
0.01799 0.01179 1.03580
0.01850 0.01082 0.81539
0.01900 0.01062 0.80124
0.01951 0.01044 0.74598
0.02002 0.00933 0.69869
0.02052 0.00895 0.62000
0.02103 0.00888 0.62401
0.02154 0.00873 0.59227
0.02204 0.00845 0.57481
0.02255 0.00805 0.54730
0.02306 0.00786 0.53015
0.02356 0.00779 0.52582
0.02407 0.00741 0.46450
0.02458 0.00726 0.48450
0.02508 0.00724 0.47233
0.02559 0.00670 0.45174
0.02610 0.00721 0.45153
0.02661 0.00674 0.44788
0.02711 0.00685 0.41693
0.02762 0.00658 0.42532
0.02813 0.00691 0.42281
0.02863 0.00642 0.42996
0.02914 0.00646 0.41032
0.02965 0.00650 0.40064
0.03015 0.00629 0.37511
0.03066 0.00644 0.38576
0.03117 0.00630 0.38517
0.03167 0.00607 0.38793
0.03218 0.00593 0.37058
0.03269 0.00589 0.36659
0.03319 0.00581 0.36357
0.03370 0.00592 0.34032
0.03421 0.00585 0.33544
0.03471 0.00565 0.34708
0.03522 0.00567 0.34061
0.03573 0.00583 0.33081
0.03623 0.00570 0.34083
0.03674 0.00537 0.32726
0.03725 0.00542 0.30251
0.03775 0.00557 0.32149
0.03826 0.00556 0.30407
0.03877 0.00538 0.30556
0.03927 0.00547 0.31082
0.03978 0.00537 0.30715
0.04029 0.00543 0.29455
0.04079 0.00541 0.29316
0.04130 0.00539 0.31260
0.04181 0.00518 0.28479
0.04231 0.00534 0.29447
0.04282 0.00515 0.28745
0.04333 0.00542 0.29319
0.04384 0.00520 0.28887
0.04434 0.00531 0.27684
0.04485 0.00532 0.28415
0.04536 0.00526 0.27444
0.04586 0.00523 0.29144
0.04637 0.00520 0.27169
0.04688 0.00519 0.26981
0.04738 0.00507 0.26220
0.04789 0.00527 0.26603
0.04840 0.00509 0.26527
0.04890 0.00498 0.26990
0.04941 0.00514 0.27152
0.04992 0.00499 0.25746
0.05042 0.00521 0.26489
0.05093 0.00508 0.25622
0.05144 0.00501 0.25492
0.05194 0.00516 0.25466
0.05245 0.00499 0.25626
0.05296 0.00508 0.24793
0.05346 0.00497 0.23623
0.05397 0.00499 0.23544
0.05448 0.00507 0.24079
0.05498 0.00495 0.23911
0.05549 0.00506 0.25227
0.05600 0.00506 0.25027
0.05650 0.00500 0.23449
0.05701 0.00501 0.24406
0.05752 0.00495 0.24056
0.05803 0.00489 0.23479
0.05853 0.00497 0.23525
0.05904 0.00497 0.23300
0.05955 0.00500 0.24639
0.06005 0.00494 0.22458
0.06056 0.00489 0.23662
0.06107 0.00484 0.22447
0.06157 0.00501 0.23058
0.06208 0.00490 0.21669
0.06259 0.00474 0.22890
0.06309 0.00492 0.22957
0.06360 0.00482 0.22610
0.06411 0.00485 0.21191
0.06461 0.00486 0.21761
0.06512 0.00479 0.22350
0.06563 0.00477 0.21823
0.06613 0.00489 0.22137
0.06664 0.00489 0.21291
0.06715 0.00486 0.22266
0.06765 0.00488 0.21428
0.06816 0.00474 0.20872
0.06867 0.00486 0.21137
0.06917 0.00474 0.21046
0.06968 0.00489 0.21505
0.07019 0.00489 0.21396
0.07069 0.00484 0.21571
0.07120 0.00479 0.21004
0.07171 0.00486 0.20790
0.07222 0.00481 0.21355
0.07272 0.00480 0.20860
0.07323 0.00465 0.20113
0.07373 0.00470 0.20247
0.07424 0.00478 0.20232
0.07475 0.00471 0.20287
0.07526 0.00480 0.20129
0.07576 0.00481 0.19863
0.07627 0.00476 0.20003
0.07678 0.00468 0.20016
0.07728 0.00470 0.20357
0.07779 0.00480 0.19685
0.07830 0.00475 0.20313
0.07880 0.00470 0.19801
0.07931 0.00465 0.19810
0.07982 0.00474 0.19878
0.08032 0.00464 0.19001
0.08083 0.00465 0.19522
0.08134 0.00471 0.19667
0.08184 0.00466 0.19451
0.08235 0.00477 0.20047
0.08286 0.00473 0.19655
0.08336 0.00463 0.20668
0.08387 0.00463 0.19742
0.08438 0.00456 0.19814
0.08488 0.00457 0.19914
0.08539 0.00465 0.19845
0.08590 0.00481 0.19823
0.08640 0.00470 0.20441
0.08691 0.00472 0.20798
0.08742 0.00476 0.19358
0.08792 0.00464 0.20089
0.08843 0.00475 0.20606
0.08894 0.00466 0.19550
0.08944 0.00468 0.19348
0.08995 0.00464 0.19734
0.09046 0.00463 0.19345
0.09097 0.00467 0.20682
0.09147 0.00461 0.19056
0.09198 0.00460 0.19874
0.09248 0.00450 0.19541
0.09299 0.00455 0.19281
0.09350 0.00466 0.19787
0.09401 0.00471 0.20053
0.09451 0.00463 0.19307
0.09502 0.00457 0.20003
0.09552 0.00463 0.18993
0.09603 0.00469 0.19697
0.09654 0.00462 0.20322
0.09705 0.00454 0.19761
0.09755 0.00456 0.19050
0.09806 0.00446 0.19124
0.09857 0.00467 0.20124
0.09907 0.00450 0.18989
0.09958 0.00457 0.19292
0.10009 0.00462 0.19071
0.10059 0.00453 0.18970
0.10110 0.00457 0.19194
0.10161 0.00455 0.19172
0.10211 0.00452 0.19429
0.10262 0.00445 0.18927
0.10313 0.00459 0.19327
0.10363 0.00454 0.20131
0.10414 0.00445 0.19846
0.10465 0.00456 0.20076
0.10515 0.00454 0.19798
0.10566 0.00463 0.20370
0.10617 0.00455 0.19387
0.10667 0.00461 0.19457
0.10718 0.00454 0.18274
0.10769 0.00447 0.18316
0.10819 0.00452 0.18892
0.10870 0.00437 0.17720
0.10921 0.00454 0.18230
0.10971 0.00458 0.18148
0.11022 0.00447 0.17039
0.11073 0.00447 0.17494
0.11124 0.00449 0.18242
0.11174 0.00445 0.17644
0.11225 0.00454 0.17454
0.11275 0.00449 0.17489
0.11326 0.00448 0.17528
0.11377 0.00449 0.16903
0.11428 0.00444 0.17372
0.11478 0.00442 0.17483
0.11529 0.00441 0.17189
0.11579 0.00452 0.17042
0.11630 0.00451 0.17709
0.11681 0.00448 0.17119
0.11732 0.00449 0.16714
0.11782 0.00437 0.16342
0.11833 0.00445 0.16238
0.11884 0.00446 0.17199
0.11934 0.00444 0.16470
0.11985 0.00446 0.16977
0.12036 0.00449 0.17149
0.12086 0.00445 0.16094
0.12137 0.00451 0.16684
0.12188 0.00444 0.16075
0.12238 0.00451 0.16442
0.12289 0.00449 0.16283
0.12340 0.00436 0.15949
0.12390 0.00432 0.16093
0.12441 0.00441 0.15356
0.12492 0.00434 0.15618
0.12542 0.00438 0.15848
0.12593 0.00441 0.16055
0.12644 0.00440 0.15836
0.12694 0.00444 0.15932
0.12745 0.00442 0.16136
0.12796 0.00440 0.15858
0.12846 0.00441 0.15439
0.12897 0.00448 0.15940
0.12948 0.00443 0.15305
0.12998 0.00445 0.15850
0.13049 0.00454 0.15374
0.13100 0.00437 0.15258
0.13150 0.00438 0.15382
0.13201 0.00436 0.15047
0.13252 0.00436 0.15065
0.13302 0.00439 0.15033
0.13353 0.00442 0.15481
0.13404 0.00434 0.14952
0.13454 0.00431 0.14514
0.13505 0.00440 0.14653
0.13556 0.00441 0.14794
0.13606 0.00440 0.14805
0.13657 0.00444 0.15262
0.13708 0.00443 0.15106
0.13759 0.00443 0.14975
0.13809 0.00436 0.14968
0.13860 0.00452 0.15099
0.13911 0.00440 0.14535
0.13961 0.00434 0.14295
0.14012 0.00435 0.14357
0.14062 0.00437 0.14460
0.14113 0.00435 0.14460
0.14164 0.00432 0.14504
0.14214 0.00439 0.14458
0.14265 0.00435 0.14605
0.14316 0.00433 0.14169
0.14367 0.00438 0.14173
0.14417 0.00433 0.14544
0.14468 0.00438 0.14489
0.14519 0.00427 0.14232
0.14569 0.00424 0.13912
0.14620 0.00434 0.14352
0.14671 0.00435 0.13987
0.14721 0.00430 0.13682
0.14772 0.00431 0.14350
0.14823 0.00441 0.14081
0.14873 0.00435 0.14109
0.14924 0.00431 0.14029
0.14975 0.00428 0.13875
0.15025 0.00432 0.13804
0.15076 0.00427 0.13757
0.15127 0.00435 0.13666
0.15177 0.00432 0.13872
0.15228 0.00424 0.13606
0.15279 0.00424 0.13654
0.15329 0.00434 0.14056
0.15380 0.00430 0.13856
0.15431 0.00423 0.13360
0.15481 0.00430 0.13785
0.15532 0.00430 0.13771
0.15583 0.00428 0.13517
0.15633 0.00440 0.13953
0.15684 0.00421 0.13478
0.15735 0.00429 0.13294
0.15785 0.00431 0.13470
0.15836 0.00427 0.13251
0.15887 0.00419 0.13252
0.15937 0.00423 0.13055
0.15988 0.00426 0.13379
0.16039 0.00426 0.13391
0.16089 0.00431 0.13561
0.16140 0.00418 0.13135
0.16191 0.00429 0.13416
0.16241 0.00425 0.13204
0.16292 0.00423 0.13327
0.16343 0.00428 0.13094
0.16393 0.00426 0.13466
0.16444 0.00430 0.13090
0.16495 0.00424 0.13170
0.16545 0.00424 0.13114
0.16596 0.00426 0.12974
0.16647 0.00431 0.13050
0.16697 0.00429 0.13231
0.16748 0.00434 0.12938
0.16799 0.00426 0.12774
0.16850 0.00421 0.13059
0.16900 0.00427 0.13249
0.16951 0.00427 0.13145
0.17001 0.00422 0.13061
0.17052 0.00424 0.13381
0.17103 0.00429 0.12992
0.17153 0.00420 0.13141
0.17204 0.00426 0.13572
0.17255 0.00429 0.13543
0.17305 0.00423 0.13436
0.17356 0.00424 0.13535
0.17407 0.00428 0.13781
0.17458 0.00421 0.13653
0.17508 0.00420 0.13158
0.17559 0.00420 0.13607
0.17610 0.00422 0.13427
0.17660 0.00419 0.13889
0.17711 0.00428 0.13572
0.17761 0.00418 0.13033
0.17812 0.00422 0.13252
0.17863 0.00425 0.13227
0.17913 0.00417 0.13453
0.17964 0.00420 0.13466
0.18015 0.00422 0.13189
0.18066 0.00421 0.13236
0.18116 0.00425 0.13532
0.18167 0.00417 0.13064
0.18218 0.00422 0.13324
0.18268 0.00433 0.14027
0.18319 0.00422 0.13394
0.18369 0.00415 0.13516
0.18420 0.00425 0.13886
0.18471 0.00427 0.13793
0.18522 0.00417 0.13595
0.18572 0.00428 0.13811
0.18623 0.00422 0.13899
0.18674 0.00416 0.13950
0.18724 0.00418 0.13775
0.18775 0.00422 0.13939
0.18826 0.00426 0.14179
0.18876 0.00426 0.13842
0.18927 0.00421 0.14204
0.18978 0.00421 0.13824
0.19028 0.00413 0.14497
0.19079 0.00418 0.14240
0.19130 0.00419 0.14336
0.19180 0.00410 0.13594
0.19231 0.00424 0.14317
0.19282 0.00426 0.14310
0.19332 0.00418 0.14501
0.19383 0.00430 0.14523
0.19434 0.00416 0.14005
0.19484 0.00415 0.14472
0.19535 0.00420 0.14171
0.19586 0.00418 0.14504
0.19636 0.00407 0.14474
0.19687 0.00414 0.14398
0.19738 0.00421 0.14666
0.19788 0.00421 0.14132
0.19839 0.00417 0.14644
0.19890 0.00423 0.14633
0.19940 0.00420 0.14022
0.19991 0.00423 0.14280
0.20042 0.00422 0.14693
0.20092 0.00419 0.14537
0.20143 0.00419 0.14490
0.20194 0.00424 0.14702
0.20244 0.00416 0.14493
0.20295 0.00414 0.14714
0.20346 0.00419 0.14610
0.20396 0.00420 0.14457
0.20447 0.00418 0.14568
0.20498 0.00420 0.14425
0.20548 0.00415 0.14600
0.20599 0.00411 0.14144
0.20650 0.00421 0.14625
0.20700 0.00422 0.15016
0.20751 0.00421 0.14480
0.20802 0.00418 0.14733
0.20852 0.00416 0.14288
0.20903 0.00412 0.14276
0.20954 0.00422 0.14499
0.21004 0.00409 0.14371
0.21055 0.00418 0.14589
0.21106 0.00422 0.14861
0.21156 0.00408 0.14203
0.21207 0.00416 0.14471
0.21258 0.00416 0.15003
0.21308 0.00408 0.14787
0.21359 0.00424 0.14465
0.21410 0.00410 0.14757
0.21460 0.00410 0.14330
0.21511 0.00416 0.14538
0.21562 0.00412 0.14507
0.21612 0.00422 0.14667
0.21663 0.00411 0.14267
0.21714 0.00408 0.13855
0.21764 0.00409 0.14724
0.21815 0.00412 0.14504
0.21866 0.00410 0.14194
0.21916 0.00410 0.14290
0.21967 0.00407 0.14342
0.22018 0.00416 0.14047
0.22068 0.00408 0.13938
0.22119 0.00402 0.14390
0.22170 0.00414 0.14650
0.22220 0.00412 0.14285
0.22271 0.00400 0.13740
0.22322 0.00417 0.13845
0.22372 0.00403 0.14439
0.22423 0.00402 0.13930
0.22474 0.00415 0.14256
0.22524 0.00412 0.14101
0.22575 0.00416 0.14442
0.22626 0.00405 0.13806
0.22676 0.00403 0.13933
0.22727 0.00412 0.14103
0.22778 0.00402 0.13694
0.22828 0.00407 0.14019
0.22879 0.00399 0.13859
0.22930 0.00413 0.13932
0.22980 0.00398 0.13981
0.23031 0.00407 0.13479
0.23082 0.00418 0.13665
0.23132 0.00407 0.13962
0.23183 0.00410 0.13906
0.23234 0.00406 0.13992
0.23284 0.00408 0.13346
0.23335 0.00408 0.13617
0.23386 0.00412 0.13540
0.23436 0.00408 0.13517
0.23487 0.00411 0.13407
0.23538 0.00408 0.13300
0.23588 0.00408 0.13640
0.23639 0.00404 0.13236
0.23689 0.00398 0.13103
0.23740 0.00410 0.13467
0.23791 0.00411 0.13728
0.23841 0.00403 0.13603
0.23892 0.00404 0.13110
0.23943 0.00401 0.13253
0.23994 0.00404 0.13035
0.24044 0.00406 0.13347
0.24095 0.00402 0.13303
0.24146 0.00406 0.13239
0.24196 0.00401 0.13138
0.24247 0.00405 0.12989
0.24297 0.00403 0.13467
0.24348 0.00397 0.12979
0.24399 0.00401 0.12815
0.24449 0.00398 0.12999
0.24500 0.00406 0.12781
0.24551 0.00402 0.13021
0.24602 0.00404 0.12663
0.24652 0.00401 0.12872
0.24703 0.00401 0.12866
0.24753 0.00399 0.12389
0.24804 0.00400 0.12906
0.24855 0.00403 0.12807
0.24905 0.00398 0.12851
0.24956 0.00398 0.12646
0.25007 0.00400 0.12447
0.25057 0.00397 0.12694
0.25108 0.00398 0.12524
0.25159 0.00400 0.12740
0.25209 0.00404 0.12668
0.25260 0.00399 0.12445
0.25311 0.00403 0.12587
0.25361 0.00400 0.12900
0.25412 0.00401 0.12579
0.25463 0.00398 0.12179
0.25513 0.00397 0.12693
0.25564 0.00393 0.12139
0.25615 0.00401 0.12514
0.25665 0.00392 0.12383
0.25716 0.00399 0.12475
0.25767 0.00395 0.12255
0.25817 0.00406 0.12189
0.25868 0.00400 0.12254
0.25919 0.00397 0.11963
0.25969 0.00395 0.12012
0.26020 0.00396 0.12203
0.26071 0.00396 0.11842
0.26121 0.00395 0.12067
0.26172 0.00398 0.12021
0.26223 0.00393 0.11937
0.26273 0.00391 0.11783
0.26324 0.00396 0.12089
0.26375 0.00389 0.11788
0.26425 0.00398 0.11997
0.26476 0.00397 0.12001
0.26527 0.00396 0.12099
0.26577 0.00393 0.11888
0.26628 0.00398 0.12088
0.26679 0.00400 0.12069
0.26729 0.00396 0.12058
0.26780 0.00390 0.11487
0.26831 0.00397 0.11690
0.26881 0.00393 0.11865
0.26932 0.00400 0.11864
0.26982 0.00392 0.11615
0.27033 0.00391 0.11685
0.27084 0.00392 0.11712
0.27135 0.00395 0.11624
0.27185 0.00392 0.11946
0.27236 0.00393 0.11403
0.27287 0.00393 0.11610
0.27337 0.00393 0.11808
0.27388 0.00392 0.11861
0.27438 0.00395 0.11745
0.27489 0.00396 0.11407
0.27540 0.00388 0.11533
0.27590 0.00391 0.11330
0.27641 0.00391 0.11581
0.27692 0.00392 0.11570
0.27742 0.00393 0.11513
0.27793 0.00396 0.11530
0.27844 0.00389 0.11193
0.27894 0.00394 0.11300
0.27945 0.00385 0.11342
0.27996 0.00395 0.11533
0.28046 0.00391 0.11071
0.28097 0.00391 0.11281
0.28148 0.00390 0.11300
0.28198 0.00392 0.11573
0.28249 0.00393 0.11458
0.28300 0.00386 0.11291
0.28350 0.00394 0.11337
0.28401 0.00392 0.11292
0.28452 0.00390 0.11015
0.28502 0.00393 0.11276
0.28553 0.00389 0.11272
0.28604 0.00388 0.11242
0.28654 0.00386 0.11223
0.28705 0.00382 0.10999
0.28756 0.00380 0.11237
0.28806 0.00384 0.11175
0.28857 0.00386 0.11398
0.28908 0.00391 0.11323
0.28958 0.00391 0.11301
0.29009 0.00389 0.11458
0.29059 0.00386 0.11304
0.29110 0.00380 0.11047
0.29161 0.00380 0.11157
0.29212 0.00390 0.11102
0.29262 0.00383 0.10971
0.29313 0.00379 0.10996
0.29363 0.00379 0.11280
0.29414 0.00391 0.10990
0.29465 0.00390 0.11401
0.29515 0.00387 0.11254
0.29566 0.00387 0.11324
0.29617 0.00386 0.11293
0.29667 0.00375 0.11041
0.29718 0.00382 0.11283
0.29769 0.00384 0.11201
0.29819 0.00383 0.11260
0.29870 0.00378 0.11323
0.29921 0.00383 0.11121
0.29971 0.00383 0.11221
0.30022 0.00385 0.11337
0.30073 0.00382 0.11222
0.30123 0.00385 0.11298
0.30174 0.00381 0.11129
0.30225 0.00380 0.11174
0.30275 0.00382 0.11114
0.30326 0.00380 0.11257
0.30377 0.00379 0.11002
0.30427 0.00387 0.11296
0.30478 0.00382 0.11173
0.30528 0.00383 0.10705
0.30579 0.00383 0.11030
0.30630 0.00373 0.10892
0.30680 0.00383 0.11013
0.30731 0.00377 0.11064
0.30782 0.00383 0.11094
0.30832 0.00382 0.11059
0.30883 0.00380 0.10819
0.30934 0.00378 0.10756
0.30984 0.00387 0.11395
0.31035 0.00381 0.11427
0.31086 0.00377 0.11331
0.31136 0.00382 0.11346
0.31187 0.00381 0.11663
0.31238 0.00380 0.11416
0.31288 0.00380 0.11773
0.31339 0.00378 0.11894
0.31390 0.00381 0.11661
0.31440 0.00381 0.12035
0.31491 0.00378 0.11744
0.31542 0.00372 0.11889
0.31592 0.00376 0.12007
0.31643 0.00378 0.11729
0.31694 0.00379 0.11883
0.31744 0.00378 0.12048
0.31795 0.00379 0.11847
0.31845 0.00376 0.11924
0.31896 0.00379 0.12193
0.31947 0.00382 0.12456
0.31998 0.00379 0.12145
0.32048 0.00376 0.12196
0.32099 0.00379 0.11917
0.32149 0.00379 0.12894
0.32200 0.00375 0.12097
0.32251 0.00383 0.12415
0.32301 0.00374 0.11767
0.32352 0.00377 0.11910
0.32403 0.00374 0.12412
0.32453 0.00381 0.12016
0.32504 0.00373 0.11875
0.32555 0.00372 0.12164
0.32605 0.00376 0.12214
0.32656 0.00374 0.11899
0.32707 0.00375 0.12189
0.32757 0.00375 0.11818
0.32808 0.00378 0.12142
0.32859 0.00373 0.11927
0.32909 0.00371 0.11939
0.32960 0.00380 0.12555
0.33010 0.00382 0.12363
0.33061 0.00375 0.12241
0.33112 0.00379 0.12366
0.33162 0.00380 0.12322
0.33213 0.00377 0.11959
0.33264 0.00374 0.12169
0.33314 0.00379 0.12398
0.33365 0.00378 0.12393
0.33416 0.00378 0.12088
0.33466 0.00377 0.12115
0.33517 0.00370 0.12286
0.33568 0.00382 0.12532
0.33618 0.00379 0.12016
0.33669 0.00376 0.12402
0.33720 0.00374 0.12505
0.33770 0.00379 0.12143
0.33821 0.00383 0.12920
0.33871 0.00374 0.12350
0.33922 0.00374 0.12050
0.33973 0.00373 0.12293
0.34024 0.00377 0.12641
0.34074 0.00376 0.12064
0.34125 0.00374 0.12347
0.34175 0.00368 0.12433
0.34226 0.00374 0.12722
0.34277 0.00381 0.12454
0.34327 0.00376 0.12376
0.34378 0.00374 0.12623
0.34429 0.00375 0.12491
0.34479 0.00377 0.12532
0.34530 0.00375 0.12535
0.34581 0.00370 0.12727
0.34631 0.00369 0.12534
0.34682 0.00373 0.12488
0.34732 0.00373 0.12640
0.34783 0.00378 0.12695
0.34834 0.00369 0.12499
0.34885 0.00375 0.12674
0.34935 0.00370 0.12472
0.34986 0.00373 0.12646
0.35036 0.00377 0.12575
0.35087 0.00377 0.12765
0.35138 0.00365 0.12422
0.35188 0.00372 0.12362
0.35239 0.00379 0.12745
0.35290 0.00374 0.12734
0.35340 0.00367 0.12575
0.35391 0.00375 0.12672
0.35442 0.00373 0.12807
0.35492 0.00370 0.12076
0.35543 0.00371 0.12218
0.35594 0.00373 0.12087
0.35644 0.00375 0.12292
0.35695 0.00370 0.11563
0.35746 0.00371 0.12037
0.35796 0.00369 0.11915
0.35847 0.00372 0.11921
0.35897 0.00365 0.11670
0.35948 0.00364 0.11646
0.35999 0.00368 0.12043
0.36049 0.00371 0.11981
0.36100 0.00371 0.12311
0.36151 0.00372 0.12002
0.36201 0.00364 0.12008
0.36252 0.00367 0.12370
0.36303 0.00369 0.11896
0.36353 0.00369 0.11924
0.36404 0.00374 0.11949
0.36455 0.00372 0.12005
0.36505 0.00368 0.12141
0.36556 0.00364 0.12114
0.36606 0.00361 0.12043
0.36657 0.00364 0.12411
0.36708 0.00369 0.12394
0.36758 0.00370 0.12179
0.36809 0.00366 0.12447
0.36860 0.00366 0.12381
0.36910 0.00371 0.12484
0.36961 0.00358 0.12627
0.37012 0.00359 0.12599
0.37062 0.00364 0.12595
0.37113 0.00363 0.12796
0.37163 0.00362 0.12604
0.37214 0.00367 0.12989
0.37265 0.00366 0.13192
0.37316 0.00369 0.12601
0.37366 0.00366 0.12288
0.37417 0.00363 0.12863
0.37467 0.00367 0.13145
0.37518 0.00371 0.13043
0.37569 0.00368 0.13173
0.37619 0.00367 0.13492
0.37670 0.00364 0.13067
0.37721 0.00364 0.12947
0.37771 0.00370 0.13127
0.37822 0.00376 0.13664
0.37872 0.00368 0.13572
0.37923 0.00366 0.13357
0.37974 0.00368 0.13044
0.38024 0.00363 0.13594
0.38075 0.00360 0.13610
0.38126 0.00369 0.13565
0.38176 0.00364 0.14084
0.38227 0.00361 0.13474
0.38278 0.00364 0.13955
0.38328 0.00376 0.14171
0.38379 0.00361 0.13682
0.38430 0.00358 0.13823
0.38480 0.00372 0.14204
0.38531 0.00367 0.14237
0.38582 0.00369 0.14067
0.38632 0.00364 0.14537
0.38683 0.00364 0.14242
0.38733 0.00362 0.14591
0.38784 0.00365 0.14497
0.38835 0.00369 0.14816
0.38885 0.00365 0.14344
0.38936 0.00365 0.14693
0.38987 0.00373 0.15009
0.39037 0.00357 0.14346
0.39088 0.00357 0.14937
0.39138 0.00358 0.14481
0.39189 0.00369 0.14721
0.39240 0.00358 0.15097
0.39291 0.00367 0.14718
0.39341 0.00363 0.14763
0.39392 0.00370 0.15708
0.39442 0.00361 0.15495
0.39493 0.00361 0.15236
0.39544 0.00365 0.15895
0.39594 0.00355 0.15157
0.39645 0.00355 0.15591
0.39696 0.00359 0.15767
0.39746 0.00367 0.15792
0.39797 0.00370 0.15700
0.39848 0.00361 0.15579
0.39898 0.00360 0.16241
0.39949 0.00358 0.15938
0.39999 0.00355 0.15975
0.40050 0.00352 0.15595
0.40101 0.00356 0.16751
0.40151 0.00362 0.16442
0.40202 0.00364 0.16461
0.40253 0.00364 0.16552
0.40303 0.00353 0.16250
0.40354 0.00344 0.16110
0.40404 0.00362 0.16857
0.40455 0.00355 0.16177
0.40506 0.00351 0.16652
0.40556 0.00342 0.16294
0.40607 0.00356 0.16841
0.40658 0.00358 0.17631
0.40708 0.00355 0.16343
0.40759 0.00349 0.16997
0.40810 0.00359 0.16794
0.40860 0.00352 0.16960
0.40911 0.00345 0.16566
0.40962 0.00353 0.16780
0.41012 0.00356 0.17151
0.41063 0.00349 0.17449
0.41113 0.00354 0.16829
0.41164 0.00359 0.17534
0.41215 0.00350 0.17734
0.41265 0.00366 0.17447
0.41316 0.00349 0.17740
0.41367 0.00350 0.17152
0.41417 0.00343 0.17969
0.41468 0.00362 0.18560
0.41519 0.00352 0.17579
0.41569 0.00358 0.18469
0.41620 0.00342 0.17552
0.41670 0.00348 0.17480
0.41721 0.00356 0.18292
0.41772 0.00350 0.17984
0.41822 0.00348 0.18171
0.41873 0.00346 0.17003
0.41924 0.00349 0.17821
0.41974 0.00350 0.17813
0.42025 0.00353 0.18201
0.42075 0.00347 0.18855
0.42126 0.00347 0.18885
0.42177 0.00349 0.17763
0.42227 0.00350 0.18777
0.42278 0.00357 0.18910
0.42329 0.00357 0.18855
0.42379 0.00349 0.18160
0.42430 0.00351 0.19033
0.42480 0.00362 0.19359
0.42531 0.00346 0.17972
0.42582 0.00359 0.19372
0.42632 0.00341 0.19723
0.42683 0.00346 0.19560
0.42734 0.00353 0.19131
0.42784 0.00353 0.19696
0.42835 0.00350 0.20069
0.42886 0.00354 0.20805
0.42936 0.00353 0.19752
0.42987 0.00360 0.21238
0.43038 0.00351 0.20350
0.43088 0.00352 0.20074
0.43139 0.00348 0.20277
0.43189 0.00356 0.21043
0.43240 0.00356 0.21140
0.43291 0.00360 0.20390
0.43341 0.00356 0.20966
0.43392 0.00351 0.22036
0.43443 0.00360 0.22012
0.43493 0.00359 0.21784
0.43544 0.00364 0.22396
0.43594 0.00346 0.21467
0.43645 0.00343 0.21719
0.43696 0.00353 0.23571
0.43746 0.00357 0.23611
0.43797 0.00344 0.22147
0.43848 0.00343 0.23114
0.43898 0.00346 0.23440
0.43949 0.00345 0.22269
0.44000 0.00336 0.24164
