0.00988 -0.23327 84.15410
0.01039 -0.15575 48.49901
0.01090 -0.15186 44.81068
0.01140 -0.12883 37.64156
0.01191 -0.07359 20.44584
0.01242 -0.08616 20.73825
0.01292 -0.06123 12.07019
0.01343 -0.05311 12.23765
0.01394 -0.04529 7.54378
0.01444 -0.03937 5.33920
0.01495 -0.03774 3.42941
0.01546 -0.03500 2.62001
0.01596 -0.03063 2.53627
0.01647 -0.02827 1.71814
0.01698 -0.02816 1.43888
0.01748 -0.02601 1.37565
0.01799 -0.02389 0.82452
0.01850 -0.02340 0.85395
0.01900 -0.02069 0.76902
0.01951 -0.02015 0.70326
0.02002 -0.01936 0.60540
0.02052 -0.01922 0.68420
0.02103 -0.01746 0.58267
0.02154 -0.01729 0.61088
0.02204 -0.01719 0.55987
0.02255 -0.01664 0.56179
0.02306 -0.01640 0.51406
0.02356 -0.01610 0.51657
0.02407 -0.01509 0.48980
0.02458 -0.01507 0.46770
0.02508 -0.01461 0.44629
0.02559 -0.01483 0.48718
0.02610 -0.01459 0.45366
0.02661 -0.01366 0.42742
0.02711 -0.01340 0.42636
0.02762 -0.01331 0.43147
0.02813 -0.01331 0.37100
0.02863 -0.01308 0.40028
0.02914 -0.01316 0.39223
0.02965 -0.01273 0.38732
0.03015 -0.01250 0.39300
0.03066 -0.01229 0.39575
0.03117 -0.01250 0.37496
0.03167 -0.01221 0.35494
0.03218 -0.01227 0.37110
0.03269 -0.01196 0.37771
0.03319 -0.01163 0.33867
0.03370 -0.01213 0.34176
0.03421 -0.01213 0.33505
0.03471 -0.01182 0.33531
0.03522 -0.01161 0.35011
0.03573 -0.01196 0.32781
0.03623 -0.01191 0.34716
0.03674 -0.01152 0.32885
0.03725 -0.01141 0.32928
0.03775 -0.01122 0.30814
0.03826 -0.01151 0.30705
0.03877 -0.01111 0.31281
0.03927 -0.01121 0.30255
0.03978 -0.01110 0.30092
0.04029 -0.01132 0.30625
0.04079 -0.01104 0.29232
0.04130 -0.01122 0.30183
0.04181 -0.01069 0.28495
0.04231 -0.01080 0.27732
0.04282 -0.01078 0.29110
0.04333 -0.01099 0.28988
0.04384 -0.01109 0.29607
0.04434 -0.01066 0.26773
0.04485 -0.01067 0.27344
0.04536 -0.01077 0.27734
0.04586 -0.01096 0.28516
0.04637 -0.01080 0.28745
0.04688 -0.01048 0.26980
0.04738 -0.01002 0.26426
0.04789 -0.01073 0.26266
0.04840 -0.01053 0.28056
0.04890 -0.01055 0.27082
0.04941 -0.01041 0.26337
0.04992 -0.01047 0.25737
0.05042 -0.01034 0.26750
0.05093 -0.01025 0.25818
0.05144 -0.01022 0.24968
0.05194 -0.01056 0.24618
0.05245 -0.01016 0.25078
0.05296 -0.01055 0.23878
0.05346 -0.01027 0.24592
0.05397 -0.01027 0.23949
0.05448 -0.01023 0.24556
0.05498 -0.01022 0.24021
0.05549 -0.01022 0.24913
0.05600 -0.00999 0.22864
0.05650 -0.01022 0.23814
0.05701 -0.01035 0.24374
0.05752 -0.00994 0.24030
0.05803 -0.01015 0.24494
0.05853 -0.01027 0.22644
0.05904 -0.00999 0.24189
0.05955 -0.01023 0.23835
0.06005 -0.01002 0.24029
0.06056 -0.01019 0.23602
0.06107 -0.01012 0.23273
0.06157 -0.00978 0.21528
0.06208 -0.01017 0.22550
0.06259 -0.00988 0.21508
0.06309 -0.01021 0.22800
0.06360 -0.00991 0.21750
0.06411 -0.00990 0.22467
0.06461 -0.01008 0.22196
0.06512 -0.00992 0.21315
0.06563 -0.00997 0.21887
0.06613 -0.00984 0.21576
0.06664 -0.00987 0.22202
0.06715 -0.01008 0.20717
0.06765 -0.00996 0.22088
0.06816 -0.00987 0.21799
0.06867 -0.00997 0.21572
0.06917 -0.00967 0.21350
0.06968 -0.00985 0.21458
0.07019 -0.00974 0.20512
0.07069 -0.01014 0.21450
0.07120 -0.00969 0.20666
0.07171 -0.00987 0.20663
0.07222 -0.00988 0.20709
0.07272 -0.00979 0.20387
0.07323 -0.01007 0.21156
0.07373 -0.00977 0.20834
0.07424 -0.00983 0.19947
0.07475 -0.00988 0.20121
0.07526 -0.00957 0.20161
0.07576 -0.00989 0.20402
0.07627 -0.00964 0.20057
0.07678 -0.00968 0.20301
0.07728 -0.00965 0.20419
0.07779 -0.00984 0.20586
0.07830 -0.00992 0.20173
0.07880 -0.00957 0.18840
0.07931 -0.00955 0.19427
0.07982 -0.00965 0.19666
0.08032 -0.00971 0.19976
0.08083 -0.00989 0.20209
0.08134 -0.00968 0.19911
0.08184 -0.00962 0.19994
0.08235 -0.00969 0.19924
0.08286 -0.00982 0.19756
0.08336 -0.00960 0.20020
0.08387 -0.00983 0.19837
0.08438 -0.00956 0.20001
0.08488 -0.00984 0.20671
0.08539 -0.00976 0.20157
0.08590 -0.00971 0.19522
0.08640 -0.00956 0.19560
0.08691 -0.00978 0.20193
0.08742 -0.00966 0.19665
0.08792 -0.00973 0.19848
0.08843 -0.00986 0.20710
0.08894 -0.00965 0.20228
0.08944 -0.00979 0.19817
0.08995 -0.00966 0.19732
0.09046 -0.00951 0.20206
0.09097 -0.00942 0.19190
0.09147 -0.00945 0.19780
0.09198 -0.00972 0.19471
0.09248 -0.00942 0.19870
0.09299 -0.00948 0.19252
0.09350 -0.00931 0.19056
0.09401 -0.00951 0.19908
0.09451 -0.00950 0.20197
0.09502 -0.00961 0.19833
0.09552 -0.00960 0.20583
0.09603 -0.00940 0.19411
0.09654 -0.00959 0.19900
0.09705 -0.00929 0.19038
0.09755 -0.00927 0.19602
0.09806 -0.00955 0.19908
0.09857 -0.00940 0.19264
0.09907 -0.00963 0.19739
0.09958 -0.00919 0.19431
0.10009 -0.00938 0.19039
0.10059 -0.00932 0.19301
0.10110 -0.00959 0.19754
0.10161 -0.00953 0.19677
0.10211 -0.00929 0.19123
0.10262 -0.00964 0.20152
0.10313 -0.00954 0.19295
0.10363 -0.00959 0.20866
0.10414 -0.00933 0.19689
0.10465 -0.00941 0.19674
0.10515 -0.00939 0.19991
0.10566 -0.00953 0.19559
0.10617 -0.00929 0.19681
0.10667 -0.00940 0.18738
0.10718 -0.00950 0.18890
0.10769 -0.00910 0.18968
0.10819 -0.00937 0.18927
0.10870 -0.00929 0.17565
0.10921 -0.00930 0.18434
0.10971 -0.00939 0.18668
0.11022 -0.00927 0.17558
0.11073 -0.00930 0.17318
0.11124 -0.00905 0.17231
0.11174 -0.00922 0.17919
0.11225 -0.00911 0.17574
0.11275 -0.00912 0.17945
0.11326 -0.00910 0.17676
0.11377 -0.00920 0.17058
0.11428 -0.00932 0.17392
0.11478 -0.00927 0.16774
0.11529 -0.00923 0.17205
0.11579 -0.00914 0.16647
0.11630 -0.00917 0.16972
0.11681 -0.00925 0.17132
0.11732 -0.00917 0.16098
0.11782 -0.00931 0.17292
0.11833 -0.00902 0.16554
0.11884 -0.00900 0.16229
0.11934 -0.00907 0.16512
0.11985 -0.00909 0.16546
0.12036 -0.00904 0.16544
0.12086 -0.00918 0.16120
0.12137 -0.00925 0.16901
0.12188 -0.00911 0.16733
0.12238 -0.00929 0.16168
0.12289 -0.00914 0.16384
0.12340 -0.00902 0.16673
0.12390 -0.00929 0.16177
0.12441 -0.00927 0.16251
0.12492 -0.00917 0.15996
0.12542 -0.00906 0.16043
0.12593 -0.00909 0.15818
0.12644 -0.00919 0.15645
0.12694 -0.00935 0.16130
0.12745 -0.00919 0.15399
0.12796 -0.00915 0.15815
0.12846 -0.00916 0.16073
0.12897 -0.00908 0.15951
0.12948 -0.00906 0.15561
0.12998 -0.00913 0.15205
0.13049 -0.00900 0.15268
0.13100 -0.00881 0.15016
0.13150 -0.00916 0.15197
0.13201 -0.00909 0.15011
0.13252 -0.00907 0.15103
0.13302 -0.00904 0.15289
0.13353 -0.00915 0.15256
0.13404 -0.00898 0.15516
0.13454 -0.00910 0.14903
0.13505 -0.00889 0.15200
0.13556 -0.00913 0.15063
0.13606 -0.00916 0.15062
0.13657 -0.00889 0.14499
0.13708 -0.00907 0.14510
0.13759 -0.00897 0.14287
0.13809 -0.00897 0.14838
0.13860 -0.00920 0.14763
0.13911 -0.00896 0.14728
0.13961 -0.00894 0.14442
0.14012 -0.00890 0.14199
0.14062 -0.00911 0.14772
0.14113 -0.00905 0.14498
0.14164 -0.00906 0.14768
0.14214 -0.00897 0.14355
0.14265 -0.00908 0.14391
0.14316 -0.00897 0.14778
0.14367 -0.00881 0.14392
0.14417 -0.00891 0.13907
0.14468 -0.00896 0.14365
0.14519 -0.00901 0.14483
0.14569 -0.00908 0.14497
0.14620 -0.00898 0.14624
0.14671 -0.00890 0.13965
0.14721 -0.00915 0.14192
0.14772 -0.00905 0.14399
0.14823 -0.00906 0.14204
0.14873 -0.00894 0.14147
0.14924 -0.00897 0.13929
0.14975 -0.00898 0.14163
0.15025 -0.00882 0.13643
0.15076 -0.00882 0.13738
0.15127 -0.00886 0.13669
0.15177 -0.00886 0.13554
0.15228 -0.00884 0.13806
0.15279 -0.00890 0.13891
0.15329 -0.00891 0.13622
0.15380 -0.00880 0.13516
0.15431 -0.00885 0.13947
0.15481 -0.00887 0.13691
0.15532 -0.00877 0.13745
0.15583 -0.00874 0.13521
0.15633 -0.00881 0.13365
0.15684 -0.00877 0.13401
0.15735 -0.00891 0.13567
0.15785 -0.00874 0.13597
0.15836 -0.00875 0.13279
0.15887 -0.00880 0.13244
0.15937 -0.00890 0.13763
0.15988 -0.00879 0.13126
0.16039 -0.00887 0.13566
0.16089 -0.00877 0.13137
0.16140 -0.00870 0.12899
0.16191 -0.00882 0.13505
0.16241 -0.00882 0.13422
0.16292 -0.00881 0.13191
0.16343 -0.00872 0.12726
0.16393 -0.00860 0.12991
0.16444 -0.00876 0.13197
0.16495 -0.00876 0.13414
0.16545 -0.00866 0.13000
0.16596 -0.00870 0.12988
0.16647 -0.00873 0.13088
0.16697 -0.00878 0.12865
0.16748 -0.00864 0.12691
0.16799 -0.00876 0.12717
0.16850 -0.00880 0.13509
0.16900 -0.00890 0.13189
0.16951 -0.00868 0.12937
0.17001 -0.00866 0.13194
0.17052 -0.00888 0.13325
0.17103 -0.00882 0.13356
0.17153 -0.00869 0.13242
0.17204 -0.00874 0.13461
0.17255 -0.00873 0.13228
0.17305 -0.00888 0.13195
0.17356 -0.00856 0.13175
0.17407 -0.00875 0.13418
0.17458 -0.00878 0.13558
0.17508 -0.00877 0.13263
0.17559 -0.00867 0.13243
0.17610 -0.00863 0.13205
0.17660 -0.00879 0.13605
0.17711 -0.00859 0.13211
0.17761 -0.00851 0.13124
0.17812 -0.00864 0.13137
0.17863 -0.00869 0.13521
0.17913 -0.00870 0.13157
0.17964 -0.00862 0.13419
0.18015 -0.00870 0.13245
0.18066 -0.00849 0.12958
0.18116 -0.00849 0.13155
0.18167 -0.00857 0.13628
0.18218 -0.00855 0.13490
0.18268 -0.00881 0.13685
0.18319 -0.00858 0.13312
0.18369 -0.00860 0.13451
0.18420 -0.00850 0.13523
0.18471 -0.00860 0.13948
0.18522 -0.00859 0.14158
0.18572 -0.00862 0.14053
0.18623 -0.00882 0.13865
0.18674 -0.00861 0.14062
0.18724 -0.00865 0.14096
0.18775 -0.00868 0.14122
0.18826 -0.00873 0.14166
0.18876 -0.00875 0.14165
0.18927 -0.00859 0.13871
0.18978 -0.00871 0.14542
0.19028 -0.00882 0.14320
0.19079 -0.00874 0.14473
0.19130 -0.00872 0.14453
0.19180 -0.00864 0.14067
0.19231 -0.00872 0.14281
0.19282 -0.00866 0.14161
0.19332 -0.00867 0.14286
0.19383 -0.00869 0.14423
0.19434 -0.00871 0.14901
0.19484 -0.00870 0.14092
0.19535 -0.00856 0.14507
0.19586 -0.00863 0.14427
0.19636 -0.00877 0.14380
0.19687 -0.00862 0.14202
0.19738 -0.00855 0.14386
0.19788 -0.00859 0.14350
0.19839 -0.00871 0.14952
0.19890 -0.00863 0.14466
0.19940 -0.00863 0.14756
0.19991 -0.00853 0.14107
0.20042 -0.00849 0.14456
0.20092 -0.00867 0.14820
0.20143 -0.00853 0.14342
0.20194 -0.00846 0.14206
0.20244 -0.00877 0.14468
0.20295 -0.00848 0.14616
0.20346 -0.00867 0.14545
0.20396 -0.00859 0.14851
0.20447 -0.00866 0.14644
0.20498 -0.00866 0.14410
0.20548 -0.00862 0.14669
0.20599 -0.00859 0.14838
0.20650 -0.00868 0.14588
0.20700 -0.00863 0.14346
0.20751 -0.00861 0.14269
0.20802 -0.00869 0.14560
0.20852 -0.00875 0.14213
0.20903 -0.00858 0.14296
0.20954 -0.00850 0.14358
0.21004 -0.00862 0.14510
0.21055 -0.00856 0.14979
0.21106 -0.00860 0.14765
0.21156 -0.00859 0.14351
0.21207 -0.00846 0.14403
0.21258 -0.00842 0.13883
0.21308 -0.00841 0.14352
0.21359 -0.00855 0.14698
0.21410 -0.00852 0.13976
0.21460 -0.00873 0.14589
0.21511 -0.00845 0.13785
0.21562 -0.00846 0.14220
0.21612 -0.00852 0.14806
0.21663 -0.00861 0.14416
0.21714 -0.00850 0.14651
0.21764 -0.00848 0.14639
0.21815 -0.00843 0.14892
0.21866 -0.00844 0.14129
0.21916 -0.00842 0.14107
0.21967 -0.00840 0.14352
0.22018 -0.00857 0.14243
0.22068 -0.00849 0.14066
0.22119 -0.00830 0.14025
0.22170 -0.00842 0.14269
0.22220 -0.00831 0.14190
0.22271 -0.00846 0.14301
0.22322 -0.00840 0.14432
0.22372 -0.00834 0.13976
0.22423 -0.00836 0.14196
0.22474 -0.00847 0.14087
0.22524 -0.00853 0.14642
0.22575 -0.00836 0.14388
0.22626 -0.00833 0.14052
0.22676 -0.00838 0.13609
0.22727 -0.00837 0.13911
0.22778 -0.00828 0.13886
0.22828 -0.00835 0.13711
0.22879 -0.00835 0.13958
0.22930 -0.00845 0.13877
0.22980 -0.00852 0.13886
0.23031 -0.00828 0.13991
0.23082 -0.00822 0.13738
0.23132 -0.00822 0.13586
0.23183 -0.00827 0.13477
0.23234 -0.00836 0.13518
0.23284 -0.00849 0.13597
0.23335 -0.00826 0.13312
0.23386 -0.00823 0.13182
0.23436 -0.00827 0.13363
0.23487 -0.00841 0.13040
0.23538 -0.00829 0.13498
0.23588 -0.00828 0.12978
0.23639 -0.00836 0.13245
0.23689 -0.00813 0.12977
0.23740 -0.00818 0.13478
0.23791 -0.00844 0.13141
0.23841 -0.00811 0.12809
0.23892 -0.00829 0.13262
0.23943 -0.00840 0.13277
0.23994 -0.00816 0.13140
0.24044 -0.00833 0.13087
0.24095 -0.00838 0.13291
0.24146 -0.00838 0.12987
0.24196 -0.00830 0.12863
0.24247 -0.00837 0.13087
0.24297 -0.00831 0.13211
0.24348 -0.00808 0.12336
0.24399 -0.00828 0.13342
0.24449 -0.00834 0.12934
0.24500 -0.00832 0.12873
0.24551 -0.00832 0.12722
0.24602 -0.00820 0.12656
0.24652 -0.00831 0.12938
0.24703 -0.00819 0.12696
0.24753 -0.00820 0.12416
0.24804 -0.00831 0.12670
0.24855 -0.00827 0.12674
0.24905 -0.00813 0.12628
0.24956 -0.00824 0.12641
0.25007 -0.00827 0.12799
0.25057 -0.00814 0.12694
0.25108 -0.00810 0.12313
0.25159 -0.00822 0.12568
0.25209 -0.00811 0.12468
0.25260 -0.00831 0.12628
0.25311 -0.00818 0.12276
0.25361 -0.00804 0.12539
0.25412 -0.00809 0.12125
0.25463 -0.00829 0.12451
0.25513 -0.00824 0.12268
0.25564 -0.00817 0.12191
0.25615 -0.00815 0.12416
0.25665 -0.00832 0.12494
0.25716 -0.00817 0.12154
0.25767 -0.00813 0.11770
0.25817 -0.00822 0.12315
0.25868 -0.00808 0.12263
0.25919 -0.00813 0.11850
0.25969 -0.00814 0.11992
0.26020 -0.00818 0.12567
0.26071 -0.00834 0.12166
0.26121 -0.00828 0.12214
0.26172 -0.00830 0.12062
0.26223 -0.00813 0.11993
0.26273 -0.00819 0.12098
0.26324 -0.00820 0.12062
0.26375 -0.00834 0.12048
0.26425 -0.00830 0.11767
0.26476 -0.00813 0.12041
0.26527 -0.00820 0.11787
0.26577 -0.00827 0.11934
0.26628 -0.00814 0.12004
0.26679 -0.00810 0.11775
0.26729 -0.00806 0.11595
0.26780 -0.00805 0.11636
0.26831 -0.00820 0.11698
0.26881 -0.00802 0.12147
0.26932 -0.00812 0.12005
0.26982 -0.00826 0.11823
0.27033 -0.00816 0.11715
0.27084 -0.00816 0.11805
0.27135 -0.00828 0.11543
0.27185 -0.00814 0.12092
0.27236 -0.00814 0.11716
0.27287 -0.00807 0.11869
0.27337 -0.00805 0.11432
0.27388 -0.00816 0.11503
0.27438 -0.00797 0.11475
0.27489 -0.00806 0.11583
0.27540 -0.00817 0.11505
0.27590 -0.00812 0.11514
0.27641 -0.00797 0.11242
0.27692 -0.00806 0.11232
0.27742 -0.00805 0.11466
0.27793 -0.00803 0.11409
0.27844 -0.00806 0.11273
0.27894 -0.00797 0.11039
0.27945 -0.00796 0.11356
0.27996 -0.00795 0.11311
0.28046 -0.00802 0.11403
0.28097 -0.00811 0.11550
0.28148 -0.00803 0.11557
0.28198 -0.00785 0.11032
0.28249 -0.00792 0.11150
0.28300 -0.00815 0.11507
0.28350 -0.00789 0.11124
0.28401 -0.00807 0.11223
0.28452 -0.00791 0.11241
0.28502 -0.00798 0.11089
0.28553 -0.00804 0.11308
0.28604 -0.00788 0.10936
0.28654 -0.00795 0.11292
0.28705 -0.00814 0.11220
0.28756 -0.00789 0.10900
0.28806 -0.00798 0.11165
0.28857 -0.00796 0.11269
0.28908 -0.00809 0.11179
0.28958 -0.00791 0.11130
0.29009 -0.00791 0.11180
0.29059 -0.00801 0.11201
0.29110 -0.00803 0.11269
0.29161 -0.00794 0.11262
0.29212 -0.00800 0.11405
0.29262 -0.00794 0.11284
0.29313 -0.00787 0.11227
0.29363 -0.00812 0.11389
0.29414 -0.00794 0.11317
0.29465 -0.00800 0.11232
0.29515 -0.00799 0.11367
0.29566 -0.00792 0.11321
0.29617 -0.00785 0.11169
0.29667 -0.00791 0.11307
0.29718 -0.00785 0.11028
0.29769 -0.00787 0.11186
0.29819 -0.00796 0.11097
0.29870 -0.00785 0.11272
0.29921 -0.00789 0.11410
0.29971 -0.00785 0.11064
0.30022 -0.00791 0.11245
0.30073 -0.00789 0.11046
0.30123 -0.00783 0.11387
0.30174 -0.00791 0.11207
0.30225 -0.00790 0.11174
0.30275 -0.00786 0.11234
0.30326 -0.00787 0.11006
0.30377 -0.00781 0.11292
0.30427 -0.00783 0.11229
0.30478 -0.00779 0.11179
0.30528 -0.00780 0.10841
0.30579 -0.00784 0.10883
0.30630 -0.00801 0.11168
0.30680 -0.00790 0.11257
0.30731 -0.00798 0.11112
0.30782 -0.00779 0.10988
0.30832 -0.00791 0.10991
0.30883 -0.00775 0.10761
0.30934 -0.00773 0.10845
0.30984 -0.00784 0.11130
0.31035 -0.00776 0.11244
0.31086 -0.00788 0.11259
0.31136 -0.00798 0.11504
0.31187 -0.00783 0.11810
0.31238 -0.00777 0.11531
0.31288 -0.00783 0.11567
0.31339 -0.00793 0.11549
0.31390 -0.00784 0.11735
0.31440 -0.00791 0.11805
0.31491 -0.00766 0.11884
0.31542 -0.00781 0.12285
0.31592 -0.00784 0.11808
0.31643 -0.00779 0.11678
0.31694 -0.00797 0.11770
0.31744 -0.00769 0.11922
0.31795 -0.00777 0.11896
0.31845 -0.00780 0.12085
0.31896 -0.00777 0.12213
0.31947 -0.00791 0.12304
0.31998 -0.00781 0.12192
0.32048 -0.00782 0.12432
0.32099 -0.00792 0.12283
0.32149 -0.00787 0.13031
0.32200 -0.00766 0.11932
0.32251 -0.00777 0.12168
0.32301 -0.00776 0.11804
0.32352 -0.00771 0.11705
0.32403 -0.00783 0.12477
0.32453 -0.00773 0.11894
0.32504 -0.00777 0.11587
0.32555 -0.00778 0.11938
0.32605 -0.00778 0.11929
0.32656 -0.00778 0.12076
0.32707 -0.00776 0.12158
0.32757 -0.00766 0.11981
0.32808 -0.00778 0.12327
0.32859 -0.00773 0.11901
0.32909 -0.00767 0.12203
0.32960 -0.00780 0.12583
0.33010 -0.00775 0.12150
0.33061 -0.00792 0.12299
0.33112 -0.00774 0.12505
0.33162 -0.00776 0.12155
0.33213 -0.00754 0.11876
0.33264 -0.00777 0.12170
0.33314 -0.00770 0.12515
0.33365 -0.00763 0.12528
0.33416 -0.00765 0.12134
0.33466 -0.00776 0.12026
0.33517 -0.00777 0.12382
0.33568 -0.00772 0.12423
0.33618 -0.00794 0.12621
0.33669 -0.00777 0.12459
0.33720 -0.00787 0.12569
0.33770 -0.00781 0.11947
0.33821 -0.00774 0.12664
0.33871 -0.00773 0.12286
0.33922 -0.00765 0.12276
0.33973 -0.00784 0.12521
0.34024 -0.00778 0.12534
0.34074 -0.00778 0.12638
0.34125 -0.00770 0.12404
0.34175 -0.00786 0.12980
0.34226 -0.00767 0.12306
0.34277 -0.00772 0.12274
0.34327 -0.00778 0.12505
0.34378 -0.00776 0.12240
0.34429 -0.00779 0.12211
0.34479 -0.00766 0.12601
0.34530 -0.00766 0.12493
0.34581 -0.00776 0.12587
0.34631 -0.00769 0.12689
0.34682 -0.00763 0.12456
0.34732 -0.00777 0.12481
0.34783 -0.00775 0.12423
0.34834 -0.00768 0.12466
0.34885 -0.00764 0.12725
0.34935 -0.00755 0.12445
0.34986 -0.00774 0.12488
0.35036 -0.00773 0.12890
0.35087 -0.00766 0.13021
0.35138 -0.00773 0.12848
0.35188 -0.00757 0.12453
0.35239 -0.00775 0.12910
0.35290 -0.00765 0.12461
0.35340 -0.00776 0.12904
0.35391 -0.00766 0.12376
0.35442 -0.00763 0.12610
0.35492 -0.00763 0.12193
0.35543 -0.00756 0.12229
0.35594 -0.00762 0.12167
0.35644 -0.00761 0.11986
0.35695 -0.00766 0.11904
0.35746 -0.00760 0.11992
0.35796 -0.00763 0.11751
0.35847 -0.00765 0.11682
0.35897 -0.00758 0.11992
0.35948 -0.00772 0.12143
0.35999 -0.00763 0.12062
0.36049 -0.00757 0.11968
0.36100 -0.00763 0.11818
0.36151 -0.00758 0.11856
0.36201 -0.00761 0.12075
0.36252 -0.00754 0.11997
0.36303 -0.00751 0.11945
0.36353 -0.00768 0.12380
0.36404 -0.00758 0.12087
0.36455 -0.00775 0.12290
0.36505 -0.00763 0.12091
0.36556 -0.00757 0.12285
0.36606 -0.00765 0.12087
0.36657 -0.00753 0.12404
0.36708 -0.00757 0.12039
0.36758 -0.00766 0.12348
0.36809 -0.00753 0.12168
0.36860 -0.00768 0.12067
0.36910 -0.00749 0.12868
0.36961 -0.00768 0.12585
0.37012 -0.00752 0.12552
0.37062 -0.00749 0.12715
0.37113 -0.00755 0.12893
0.37163 -0.00748 0.12978
0.37214 -0.00757 0.13029
0.37265 -0.00742 0.13092
0.37316 -0.00758 0.12855
0.37366 -0.00766 0.12977
0.37417 -0.00757 0.12546
0.37467 -0.00756 0.12945
0.37518 -0.00748 0.12703
0.37569 -0.00751 0.12973
0.37619 -0.00763 0.13580
0.37670 -0.00758 0.12791
0.37721 -0.00747 0.12812
0.37771 -0.00758 0.13404
0.37822 -0.00750 0.13179
0.37872 -0.00758 0.13040
0.37923 -0.00741 0.13015
0.37974 -0.00751 0.13188
0.38024 -0.00742 0.13485
0.38075 -0.00739 0.13175
0.38126 -0.00742 0.13659
0.38176 -0.00749 0.13830
0.38227 -0.00762 0.13783
0.38278 -0.00753 0.14011
0.38328 -0.00740 0.14143
0.38379 -0.00755 0.14220
0.38430 -0.00755 0.14143
0.38480 -0.00756 0.14351
0.38531 -0.00746 0.14075
0.38582 -0.00752 0.14035
0.38632 -0.00750 0.14483
0.38683 -0.00735 0.14231
0.38733 -0.00740 0.14176
0.38784 -0.00765 0.14683
0.38835 -0.00754 0.14652
0.38885 -0.00745 0.14531
0.38936 -0.00770 0.14442
0.38987 -0.00747 0.14371
0.39037 -0.00738 0.14590
0.39088 -0.00735 0.14535
0.39138 -0.00733 0.14909
0.39189 -0.00742 0.15227
0.39240 -0.00734 0.14933
0.39291 -0.00743 0.15370
0.39341 -0.00754 0.15315
0.39392 -0.00748 0.14675
0.39442 -0.00733 0.17329
0.39493 -0.00756 0.15740
0.39544 -0.00749 0.15960
0.39594 -0.00751 0.15521
0.39645 -0.00750 0.15728
0.39696 -0.00743 0.14977
0.39746 -0.00743 0.15975
0.39797 -0.00748 0.15533
0.39848 -0.00753 0.15557
0.39898 -0.00761 0.16250
0.39949 -0.00745 0.16042
0.39999 -0.00742 0.16097
0.40050 -0.00743 0.16000
0.40101 -0.00736 0.16606
0.40151 -0.00741 0.16708
0.40202 -0.00732 0.16427
0.40253 -0.00745 0.17349
0.40303 -0.00753 0.16670
0.40354 -0.00736 0.16303
0.40404 -0.00732 0.16481
0.40455 -0.00734 0.16593
0.40506 -0.00737 0.16548
0.40556 -0.00733 0.16775
0.40607 -0.00744 0.16386
0.40658 -0.00734 0.17084
0.40708 -0.00721 0.16257
0.40759 -0.00714 0.16803
0.40810 -0.00692 0.16934
0.40860 -0.00744 0.16858
0.40911 -0.00733 0.16745
0.40962 -0.00712 0.16742
0.41012 -0.00731 0.17074
0.41063 -0.00726 0.16483
0.41113 -0.00742 0.16994
0.41164 -0.00727 0.17511
0.41215 -0.00708 0.17153
0.41265 -0.00712 0.16437
0.41316 -0.00736 0.17867
0.41367 -0.00749 0.17804
0.41417 -0.00727 0.17482
0.41468 -0.00695 0.17058
0.41519 -0.00716 0.17324
0.41569 -0.00724 0.17896
0.41620 -0.00725 0.17746
0.41670 -0.00715 0.18559
0.41721 -0.00747 0.18937
0.41772 -0.00727 0.18276
0.41822 -0.00692 0.16848
0.41873 -0.00704 0.17637
0.41924 -0.00712 0.17932
0.41974 -0.00721 0.17527
0.42025 -0.00756 0.18353
0.42075 -0.00725 0.18632
0.42126 -0.00734 0.18253
0.42177 -0.00731 0.17170
0.42227 -0.00732 0.18875
0.42278 -0.00717 0.18796
0.42329 -0.00716 0.19004
0.42379 -0.00725 0.19037
0.42430 -0.00738 0.18874
0.42480 -0.00715 0.18572
0.42531 -0.00714 0.18758
0.42582 -0.00734 0.18595
0.42632 -0.00735 0.19879
0.42683 -0.00725 0.18927
0.42734 -0.00727 0.19217
0.42784 -0.00722 0.19248
0.42835 -0.00716 0.19850
0.42886 -0.00741 0.20170
0.42936 -0.00720 0.19116
0.42987 -0.00722 0.19739
0.43038 -0.00703 0.19751
0.43088 -0.00712 0.19890
0.43139 -0.00696 0.19510
0.43189 -0.00703 0.21160
0.43240 -0.00715 0.20716
0.43291 -0.00714 0.20058
0.43341 -0.00731 0.21165
0.43392 -0.00718 0.20762
0.43443 -0.00706 0.20810
0.43493 -0.00734 0.21498
0.43544 -0.00694 0.21029
0.43594 -0.00742 0.21920
0.43645 -0.00725 0.21684
0.43696 -0.00713 0.23213
0.43746 -0.00737 0.23021
0.43797 -0.00742 0.22980
0.43848 -0.00715 0.23872
0.43898 -0.00731 0.22959
0.43949 -0.00724 0.23015
0.44000 -0.00716 0.24819
