0.00988 -0.22203 84.80435
0.01039 -0.15322 47.35422
0.01090 -0.14917 48.72050
0.01140 -0.12347 35.89605
0.01191 -0.07231 20.49628
0.01242 -0.08110 20.55842
0.01292 -0.05962 13.99804
0.01343 -0.05016 10.84020
0.01394 -0.04272 7.88506
0.01444 -0.03897 6.25508
0.01495 -0.03470 3.64181
0.01546 -0.03187 3.04990
0.01596 -0.02923 2.39938
0.01647 -0.02717 1.68071
0.01698 -0.02545 1.46717
0.01748 -0.02371 1.30073
0.01799 -0.02155 1.00792
0.01850 -0.02109 0.79189
0.01900 -0.02133 0.79308
0.01951 -0.02026 0.76087
0.02002 -0.01894 0.63381
0.02052 -0.01802 0.60525
0.02103 -0.01738 0.64005
0.02154 -0.01750 0.59477
0.02204 -0.01691 0.55909
0.02255 -0.01530 0.55585
0.02306 -0.01513 0.54649
0.02356 -0.01542 0.55297
0.02407 -0.01503 0.52418
0.02458 -0.01476 0.50520
0.02508 -0.01448 0.48578
0.02559 -0.01400 0.45364
0.02610 -0.01393 0.46479
0.02661 -0.01348 0.44908
0.02711 -0.01349 0.44772
0.02762 -0.01307 0.43604
0.02813 -0.01330 0.40687
0.02863 -0.01291 0.40094
0.02914 -0.01254 0.39021
0.02965 -0.01266 0.40462
0.03015 -0.01233 0.38122
0.03066 -0.01207 0.37118
0.03117 -0.01166 0.36585
0.03167 -0.01187 0.35763
0.03218 -0.01195 0.33402
0.03269 -0.01185 0.37267
0.03319 -0.01142 0.36879
0.03370 -0.01170 0.35585
0.03421 -0.01141 0.32953
0.03471 -0.01153 0.33773
0.03522 -0.01141 0.33274
0.03573 -0.01084 0.32665
0.03623 -0.01112 0.32897
0.03674 -0.01057 0.31296
0.03725 -0.01094 0.33317
0.03775 -0.01077 0.30443
0.03826 -0.01091 0.31873
0.03877 -0.01083 0.31527
0.03927 -0.01086 0.30410
0.03978 -0.01073 0.30339
0.04029 -0.01078 0.30756
0.04079 -0.01077 0.30638
0.04130 -0.01050 0.29845
0.04181 -0.01033 0.29191
0.04231 -0.01032 0.28406
0.04282 -0.01038 0.29617
0.04333 -0.01030 0.28188
0.04384 -0.01056 0.28835
0.04434 -0.01041 0.28277
0.04485 -0.01039 0.28249
0.04536 -0.01042 0.28985
0.04586 -0.01014 0.27926
0.04637 -0.01022 0.28531
0.04688 -0.01008 0.26698
0.04738 -0.01018 0.26685
0.04789 -0.01001 0.26806
0.04840 -0.00977 0.26611
0.04890 -0.00985 0.25629
0.04941 -0.01007 0.26114
0.04992 -0.00985 0.27006
0.05042 -0.01009 0.25645
0.05093 -0.01013 0.26188
0.05144 -0.01008 0.25232
0.05194 -0.01013 0.24833
0.05245 -0.00985 0.25363
0.05296 -0.01005 0.24563
0.05346 -0.01013 0.25132
0.05397 -0.00973 0.24741
0.05448 -0.00997 0.24242
0.05498 -0.00998 0.24617
0.05549 -0.00950 0.24994
0.05600 -0.00973 0.24334
0.05650 -0.00969 0.23539
0.05701 -0.00973 0.23788
0.05752 -0.00995 0.24303
0.05803 -0.00949 0.23947
0.05853 -0.00952 0.22767
0.05904 -0.00961 0.23317
0.05955 -0.00964 0.23782
0.06005 -0.00977 0.22825
0.06056 -0.00978 0.24107
0.06107 -0.00956 0.22575
0.06157 -0.00960 0.22362
0.06208 -0.00960 0.23027
0.06259 -0.00937 0.22491
0.06309 -0.00948 0.22545
0.06360 -0.00946 0.23238
0.06411 -0.00968 0.21974
0.06461 -0.00954 0.21688
0.06512 -0.00940 0.21859
0.06563 -0.00947 0.21361
0.06613 -0.00937 0.22208
0.06664 -0.00947 0.21599
0.06715 -0.00937 0.20681
0.06765 -0.00951 0.21702
0.06816 -0.00958 0.21805
0.06867 -0.00950 0.21556
0.06917 -0.00930 0.21455
0.06968 -0.00899 0.21413
0.07019 -0.00949 0.21588
0.07069 -0.00938 0.21232
0.07120 -0.00933 0.20387
0.07171 -0.00924 0.21290
0.07222 -0.00937 0.20986
0.07272 -0.00920 0.20886
0.07323 -0.00922 0.20480
0.07373 -0.00947 0.20057
0.07424 -0.00933 0.20293
0.07475 -0.00938 0.19932
0.07526 -0.00936 0.20229
0.07576 -0.00938 0.20495
0.07627 -0.00941 0.20565
0.07678 -0.00903 0.20456
0.07728 -0.00947 0.19812
0.07779 -0.00933 0.19576
0.07830 -0.00932 0.19893
0.07880 -0.00935 0.18944
0.07931 -0.00958 0.20021
0.07982 -0.00932 0.19761
0.08032 -0.00928 0.19890
0.08083 -0.00927 0.19254
0.08134 -0.00921 0.19817
0.08184 -0.00929 0.19983
0.08235 -0.00930 0.19843
0.08286 -0.00941 0.20147
0.08336 -0.00942 0.20039
0.08387 -0.00938 0.20154
0.08438 -0.00922 0.20525
0.08488 -0.00912 0.21086
0.08539 -0.00929 0.19825
0.08590 -0.00913 0.19400
0.08640 -0.00941 0.20560
0.08691 -0.00918 0.19779
0.08742 -0.00913 0.20169
0.08792 -0.00941 0.19945
0.08843 -0.00912 0.20162
0.08894 -0.00912 0.19987
0.08944 -0.00919 0.19670
0.08995 -0.00928 0.20234
0.09046 -0.00901 0.19993
0.09097 -0.00907 0.20786
0.09147 -0.00934 0.19806
0.09198 -0.00890 0.19817
0.09248 -0.00921 0.20464
0.09299 -0.00914 0.19466
0.09350 -0.00905 0.19976
0.09401 -0.00886 0.19201
0.09451 -0.00913 0.19024
0.09502 -0.00904 0.20248
0.09552 -0.00896 0.19899
0.09603 -0.00912 0.19182
0.09654 -0.00897 0.19645
0.09705 -0.00910 0.19810
0.09755 -0.00901 0.19876
0.09806 -0.00899 0.19321
0.09857 -0.00900 0.19467
0.09907 -0.00885 0.19560
0.09958 -0.00889 0.18885
0.10009 -0.00897 0.18886
0.10059 -0.00915 0.20136
0.10110 -0.00904 0.19243
0.10161 -0.00913 0.18903
0.10211 -0.00890 0.19138
0.10262 -0.00904 0.19085
0.10313 -0.00905 0.19358
0.10363 -0.00880 0.20110
0.10414 -0.00889 0.19385
0.10465 -0.00907 0.19660
0.10515 -0.00913 0.20000
0.10566 -0.00888 0.19704
0.10617 -0.00876 0.20246
0.10667 -0.00879 0.18886
0.10718 -0.00894 0.18915
0.10769 -0.00880 0.18327
0.10819 -0.00901 0.18826
0.10870 -0.00875 0.17601
0.10921 -0.00891 0.18552
0.10971 -0.00847 0.17440
0.11022 -0.00888 0.17401
0.11073 -0.00875 0.17662
0.11124 -0.00878 0.17841
0.11174 -0.00892 0.17922
0.11225 -0.00857 0.17297
0.11275 -0.00897 0.17981
0.11326 -0.00861 0.17342
0.11377 -0.00891 0.17542
0.11428 -0.00861 0.17136
0.11478 -0.00868 0.16886
0.11529 -0.00881 0.17541
0.11579 -0.00884 0.17085
0.11630 -0.00886 0.16874
0.11681 -0.00869 0.17038
0.11732 -0.00875 0.17128
0.11782 -0.00875 0.16617
0.11833 -0.00882 0.16788
0.11884 -0.00862 0.17226
0.11934 -0.00877 0.17207
0.11985 -0.00876 0.16312
0.12036 -0.00897 0.16939
0.12086 -0.00866 0.15939
0.12137 -0.00854 0.16506
0.12188 -0.00893 0.16754
0.12238 -0.00862 0.16547
0.12289 -0.00882 0.16320
0.12340 -0.00880 0.16507
0.12390 -0.00873 0.16147
0.12441 -0.00872 0.15902
0.12492 -0.00864 0.16314
0.12542 -0.00859 0.15568
0.12593 -0.00875 0.15973
0.12644 -0.00864 0.15798
0.12694 -0.00863 0.15323
0.12745 -0.00863 0.16178
0.12796 -0.00888 0.15776
0.12846 -0.00868 0.15790
0.12897 -0.00871 0.15647
0.12948 -0.00855 0.15338
0.12998 -0.00859 0.15475
0.13049 -0.00871 0.15896
0.13100 -0.00867 0.15365
0.13150 -0.00864 0.15215
0.13201 -0.00858 0.14821
0.13252 -0.00863 0.14531
0.13302 -0.00864 0.15387
0.13353 -0.00876 0.14937
0.13404 -0.00860 0.14910
0.13454 -0.00874 0.14754
0.13505 -0.00868 0.14567
0.13556 -0.00851 0.15225
0.13606 -0.00875 0.15225
0.13657 -0.00876 0.14895
0.13708 -0.00851 0.14910
0.13759 -0.00883 0.15069
0.13809 -0.00853 0.14638
0.13860 -0.00866 0.14853
0.13911 -0.00872 0.14861
0.13961 -0.00885 0.14787
0.14012 -0.00858 0.13937
0.14062 -0.00871 0.14572
0.14113 -0.00853 0.14566
0.14164 -0.00852 0.14133
0.14214 -0.00842 0.14052
0.14265 -0.00850 0.14607
0.14316 -0.00866 0.14481
0.14367 -0.00854 0.14281
0.14417 -0.00860 0.14316
0.14468 -0.00843 0.14270
0.14519 -0.00883 0.14409
0.14569 -0.00855 0.14112
0.14620 -0.00869 0.14738
0.14671 -0.00856 0.14118
0.14721 -0.00848 0.14161
0.14772 -0.00855 0.13852
0.14823 -0.00839 0.13671
0.14873 -0.00866 0.14113
0.14924 -0.00858 0.13884
0.14975 -0.00852 0.14523
0.15025 -0.00860 0.13753
0.15076 -0.00853 0.13805
0.15127 -0.00844 0.13869
0.15177 -0.00851 0.13690
0.15228 -0.00855 0.13638
0.15279 -0.00845 0.14220
0.15329 -0.00849 0.14009
0.15380 -0.00842 0.13574
0.15431 -0.00864 0.13593
0.15481 -0.00847 0.13934
0.15532 -0.00853 0.13628
0.15583 -0.00837 0.13350
0.15633 -0.00836 0.13376
0.15684 -0.00843 0.13367
0.15735 -0.00844 0.13511
0.15785 -0.00854 0.13836
0.15836 -0.00860 0.13995
0.15887 -0.00841 0.13358
0.15937 -0.00841 0.13401
0.15988 -0.00852 0.13721
0.16039 -0.00836 0.13011
0.16089 -0.00846 0.13624
0.16140 -0.00849 0.13330
0.16191 -0.00843 0.13115
0.16241 -0.00838 0.13053
0.16292 -0.00831 0.13314
0.16343 -0.00822 0.13116
0.16393 -0.00853 0.12898
0.16444 -0.00831 0.13166
0.16495 -0.00833 0.13056
0.16545 -0.00828 0.13338
0.16596 -0.00832 0.13203
0.16647 -0.00833 0.12898
0.16697 -0.00840 0.13047
0.16748 -0.00841 0.13271
0.16799 -0.00845 0.12927
0.16850 -0.00827 0.13141
0.16900 -0.00840 0.13228
0.16951 -0.00840 0.13257
0.17001 -0.00834 0.13162
0.17052 -0.00834 0.13604
0.17103 -0.00836 0.13448
0.17153 -0.00833 0.13303
0.17204 -0.00835 0.13635
0.17255 -0.00831 0.13223
0.17305 -0.00832 0.13546
0.17356 -0.00842 0.13668
0.17407 -0.00826 0.13389
0.17458 -0.00825 0.13049
0.17508 -0.00832 0.13344
0.17559 -0.00844 0.13610
0.17610 -0.00825 0.13063
0.17660 -0.00835 0.13456
0.17711 -0.00849 0.13563
0.17761 -0.00821 0.13161
0.17812 -0.00835 0.13649
0.17863 -0.00829 0.13653
0.17913 -0.00833 0.13238
0.17964 -0.00826 0.13313
0.18015 -0.00831 0.13294
0.18066 -0.00827 0.13048
0.18116 -0.00835 0.13469
0.18167 -0.00825 0.13508
0.18218 -0.00834 0.13745
0.18268 -0.00833 0.13794
0.18319 -0.00831 0.13580
0.18369 -0.00849 0.13738
0.18420 -0.00838 0.14031
0.18471 -0.00849 0.13938
0.18522 -0.00827 0.13832
0.18572 -0.00835 0.13929
0.18623 -0.00831 0.14298
0.18674 -0.00830 0.14015
0.18724 -0.00826 0.13963
0.18775 -0.00828 0.13639
0.18826 -0.00822 0.14068
0.18876 -0.00829 0.14290
0.18927 -0.00837 0.14222
0.18978 -0.00818 0.14029
0.19028 -0.00825 0.14387
0.19079 -0.00828 0.14000
0.19130 -0.00818 0.14167
0.19180 -0.00833 0.14171
0.19231 -0.00821 0.14392
0.19282 -0.00834 0.14129
0.19332 -0.00829 0.14558
0.19383 -0.00848 0.14551
0.19434 -0.00819 0.14148
0.19484 -0.00831 0.14368
0.19535 -0.00840 0.14337
0.19586 -0.00823 0.14565
0.19636 -0.00829 0.14533
0.19687 -0.00829 0.13955
0.19738 -0.00833 0.14371
0.19788 -0.00815 0.14664
0.19839 -0.00823 0.14059
0.19890 -0.00813 0.14216
0.19940 -0.00816 0.14221
0.19991 -0.00833 0.14708
0.20042 -0.00830 0.14868
0.20092 -0.00831 0.14686
0.20143 -0.00805 0.14348
0.20194 -0.00821 0.14575
0.20244 -0.00823 0.14535
0.20295 -0.00827 0.14140
0.20346 -0.00807 0.14638
0.20396 -0.00823 0.14443
0.20447 -0.00810 0.14586
0.20498 -0.00816 0.14704
0.20548 -0.00821 0.14426
0.20599 -0.00822 0.14418
0.20650 -0.00816 0.14541
0.20700 -0.00821 0.14620
0.20751 -0.00825 0.14578
0.20802 -0.00833 0.14740
0.20852 -0.00821 0.14419
0.20903 -0.00824 0.14536
0.20954 -0.00804 0.14691
0.21004 -0.00827 0.14405
0.21055 -0.00827 0.14142
0.21106 -0.00824 0.14717
0.21156 -0.00810 0.14417
0.21207 -0.00816 0.14727
0.21258 -0.00819 0.14689
0.21308 -0.00809 0.14562
0.21359 -0.00796 0.14143
0.21410 -0.00824 0.14271
0.21460 -0.00810 0.14560
0.21511 -0.00811 0.14361
0.21562 -0.00810 0.14447
0.21612 -0.00810 0.14508
0.21663 -0.00801 0.14764
0.21714 -0.00814 0.14090
0.21764 -0.00803 0.14065
0.21815 -0.00802 0.13934
0.21866 -0.00802 0.14130
0.21916 -0.00812 0.14268
0.21967 -0.00822 0.14115
0.22018 -0.00809 0.14108
0.22068 -0.00800 0.14094
0.22119 -0.00798 0.14018
0.22170 -0.00800 0.14123
0.22220 -0.00813 0.14572
0.22271 -0.00804 0.14219
0.22322 -0.00823 0.14799
0.22372 -0.00801 0.14322
0.22423 -0.00813 0.14281
0.22474 -0.00786 0.14040
0.22524 -0.00801 0.14000
0.22575 -0.00801 0.14053
0.22626 -0.00806 0.13993
0.22676 -0.00798 0.13842
0.22727 -0.00812 0.14113
0.22778 -0.00807 0.14266
0.22828 -0.00794 0.13677
0.22879 -0.00796 0.14248
0.22930 -0.00791 0.13730
0.22980 -0.00806 0.13663
0.23031 -0.00795 0.14038
0.23082 -0.00791 0.13242
0.23132 -0.00796 0.13514
0.23183 -0.00800 0.13784
0.23234 -0.00793 0.13626
0.23284 -0.00804 0.13566
0.23335 -0.00800 0.13164
0.23386 -0.00796 0.13527
0.23436 -0.00796 0.13027
0.23487 -0.00800 0.13301
0.23538 -0.00791 0.13293
0.23588 -0.00797 0.13462
0.23639 -0.00801 0.13201
0.23689 -0.00780 0.13163
0.23740 -0.00800 0.12942
0.23791 -0.00788 0.13270
0.23841 -0.00787 0.13049
0.23892 -0.00794 0.13110
0.23943 -0.00787 0.12993
0.23994 -0.00788 0.12943
0.24044 -0.00791 0.13055
0.24095 -0.00780 0.12939
0.24146 -0.00790 0.12838
0.24196 -0.00798 0.12816
0.24247 -0.00799 0.13416
0.24297 -0.00783 0.13285
0.24348 -0.00794 0.13134
0.24399 -0.00796 0.12860
0.24449 -0.00798 0.12976
0.24500 -0.00786 0.12920
0.24551 -0.00781 0.12640
0.24602 -0.00782 0.12471
0.24652 -0.00774 0.12515
0.24703 -0.00791 0.12667
0.24753 -0.00782 0.12550
0.24804 -0.00806 0.12925
0.24855 -0.00790 0.12642
0.24905 -0.00794 0.12950
0.24956 -0.00785 0.12648
0.25007 -0.00783 0.12978
0.25057 -0.00790 0.12608
0.25108 -0.00792 0.12891
0.25159 -0.00802 0.12798
0.25209 -0.00790 0.12858
0.25260 -0.00800 0.12616
0.25311 -0.00792 0.12587
0.25361 -0.00779 0.12377
0.25412 -0.00796 0.12735
0.25463 -0.00785 0.12295
0.25513 -0.00792 0.12436
0.25564 -0.00772 0.12499
0.25615 -0.00776 0.12279
0.25665 -0.00796 0.12335
0.25716 -0.00795 0.12274
0.25767 -0.00778 0.12186
0.25817 -0.00771 0.12080
0.25868 -0.00806 0.12506
0.25919 -0.00786 0.11879
0.25969 -0.00782 0.12100
0.26020 -0.00790 0.11872
0.26071 -0.00777 0.12072
0.26121 -0.00787 0.11843
0.26172 -0.00775 0.12405
0.26223 -0.00789 0.12179
0.26273 -0.00769 0.11697
0.26324 -0.00781 0.12336
0.26375 -0.00775 0.12091
0.26425 -0.00783 0.11939
0.26476 -0.00765 0.11986
0.26527 -0.00784 0.12112
0.26577 -0.00781 0.11762
0.26628 -0.00779 0.11787
0.26679 -0.00775 0.11741
0.26729 -0.00794 0.12065
0.26780 -0.00776 0.11650
0.26831 -0.00771 0.11705
0.26881 -0.00777 0.12001
0.26932 -0.00793 0.11699
0.26982 -0.00776 0.11645
0.27033 -0.00787 0.11971
0.27084 -0.00775 0.11548
0.27135 -0.00782 0.11506
0.27185 -0.00775 0.11757
0.27236 -0.00782 0.11717
0.27287 -0.00776 0.11640
0.27337 -0.00789 0.11946
0.27388 -0.00779 0.11759
0.27438 -0.00782 0.11604
0.27489 -0.00771 0.11328
0.27540 -0.00771 0.11578
0.27590 -0.00769 0.11561
0.27641 -0.00759 0.11463
0.27692 -0.00770 0.11339
0.27742 -0.00769 0.11445
0.27793 -0.00766 0.11504
0.27844 -0.00777 0.11839
0.27894 -0.00762 0.11356
0.27945 -0.00773 0.11454
0.27996 -0.00774 0.11144
0.28046 -0.00782 0.11337
0.28097 -0.00780 0.11558
0.28148 -0.00769 0.11037
0.28198 -0.00770 0.11228
0.28249 -0.00760 0.11370
0.28300 -0.00774 0.11380
0.28350 -0.00769 0.11350
0.28401 -0.00767 0.11125
0.28452 -0.00769 0.11169
0.28502 -0.00772 0.11185
0.28553 -0.00755 0.11070
0.28604 -0.00756 0.11096
0.28654 -0.00758 0.11261
0.28705 -0.00761 0.11187
0.28756 -0.00764 0.11409
0.28806 -0.00766 0.11232
0.28857 -0.00771 0.11496
0.28908 -0.00747 0.11077
0.28958 -0.00757 0.11184
0.29009 -0.00746 0.11124
0.29059 -0.00753 0.11239
0.29110 -0.00775 0.11620
0.29161 -0.00764 0.11374
0.29212 -0.00761 0.11267
0.29262 -0.00767 0.11209
0.29313 -0.00761 0.11259
0.29363 -0.00759 0.11299
0.29414 -0.00754 0.11199
0.29465 -0.00768 0.11261
0.29515 -0.00757 0.11242
0.29566 -0.00750 0.10802
0.29617 -0.00755 0.11122
0.29667 -0.00761 0.11158
0.29718 -0.00753 0.11276
0.29769 -0.00761 0.11325
0.29819 -0.00769 0.10993
0.29870 -0.00770 0.11325
0.29921 -0.00755 0.10964
0.29971 -0.00748 0.11007
0.30022 -0.00759 0.11308
0.30073 -0.00755 0.11083
0.30123 -0.00758 0.11236
0.30174 -0.00746 0.11269
0.30225 -0.00746 0.11101
0.30275 -0.00742 0.11322
0.30326 -0.00746 0.11243
0.30377 -0.00739 0.11107
0.30427 -0.00753 0.10943
0.30478 -0.00745 0.10844
0.30528 -0.00744 0.10983
0.30579 -0.00765 0.11063
0.30630 -0.00752 0.11112
0.30680 -0.00746 0.10915
0.30731 -0.00736 0.11081
0.30782 -0.00750 0.10881
0.30832 -0.00754 0.11265
0.30883 -0.00749 0.10960
0.30934 -0.00757 0.10904
0.30984 -0.00747 0.11111
0.31035 -0.00749 0.11203
0.31086 -0.00750 0.11463
0.31136 -0.00754 0.11584
0.31187 -0.00737 0.11324
0.31238 -0.00746 0.11829
0.31288 -0.00752 0.11688
0.31339 -0.00755 0.11752
0.31390 -0.00747 0.12185
0.31440 -0.00741 0.11647
0.31491 -0.00743 0.11744
0.31542 -0.00748 0.11830
0.31592 -0.00755 0.12003
0.31643 -0.00746 0.11883
0.31694 -0.00743 0.11686
0.31744 -0.00758 0.12254
0.31795 -0.00738 0.11790
0.31845 -0.00740 0.12024
0.31896 -0.00752 0.12225
0.31947 -0.00738 0.12277
0.31998 -0.00751 0.12299
0.32048 -0.00741 0.12038
0.32099 -0.00763 0.12243
0.32149 -0.00749 0.12702
0.32200 -0.00743 0.12245
0.32251 -0.00738 0.12383
0.32301 -0.00740 0.12064
0.32352 -0.00737 0.12251
0.32403 -0.00739 0.11650
0.32453 -0.00743 0.12216
0.32504 -0.00741 0.12148
0.32555 -0.00752 0.12259
0.32605 -0.00738 0.11868
0.32656 -0.00747 0.11996
0.32707 -0.00746 0.12058
0.32757 -0.00757 0.12210
0.32808 -0.00739 0.12100
0.32859 -0.00745 0.11971
0.32909 -0.00740 0.12029
0.32960 -0.00739 0.12334
0.33010 -0.00731 0.11947
0.33061 -0.00747 0.12601
0.33112 -0.00736 0.12503
0.33162 -0.00754 0.12321
0.33213 -0.00741 0.12239
0.33264 -0.00744 0.12602
0.33314 -0.00748 0.12253
0.33365 -0.00744 0.12276
0.33416 -0.00737 0.12402
0.33466 -0.00736 0.12554
0.33517 -0.00744 0.12188
0.33568 -0.00743 0.12145
0.33618 -0.00738 0.12109
0.33669 -0.00735 0.12428
0.33720 -0.00734 0.12238
0.33770 -0.00741 0.12406
0.33821 -0.00726 0.12462
0.33871 -0.00735 0.12642
0.33922 -0.00737 0.12381
0.33973 -0.00754 0.12647
0.34024 -0.00734 0.12325
0.34074 -0.00732 0.12247
0.34125 -0.00734 0.12586
0.34175 -0.00738 0.12373
0.34226 -0.00742 0.12320
0.34277 -0.00752 0.12500
0.34327 -0.00739 0.12888
0.34378 -0.00738 0.12466
0.34429 -0.00724 0.12267
0.34479 -0.00736 0.12155
0.34530 -0.00752 0.12577
0.34581 -0.00742 0.12514
0.34631 -0.00735 0.12334
0.34682 -0.00735 0.12502
0.34732 -0.00749 0.12548
0.34783 -0.00733 0.12434
0.34834 -0.00733 0.12283
0.34885 -0.00742 0.12669
0.34935 -0.00741 0.12629
0.34986 -0.00731 0.12391
0.35036 -0.00734 0.12439
0.35087 -0.00738 0.12764
0.35138 -0.00730 0.12651
0.35188 -0.00732 0.12459
0.35239 -0.00719 0.12494
0.35290 -0.00740 0.13095
0.35340 -0.00729 0.12420
0.35391 -0.00736 0.12630
0.35442 -0.00713 0.12315
0.35492 -0.00747 0.12584
0.35543 -0.00735 0.11987
0.35594 -0.00732 0.11955
0.35644 -0.00726 0.12042
0.35695 -0.00732 0.11673
0.35746 -0.00739 0.12287
0.35796 -0.00725 0.11780
0.35847 -0.00731 0.12070
0.35897 -0.00732 0.11946
0.35948 -0.00722 0.12041
0.35999 -0.00726 0.12092
0.36049 -0.00741 0.12184
0.36100 -0.00731 0.12280
0.36151 -0.00729 0.11968
0.36201 -0.00726 0.12180
0.36252 -0.00737 0.12169
0.36303 -0.00740 0.12251
0.36353 -0.00716 0.11912
0.36404 -0.00732 0.12262
0.36455 -0.00723 0.12211
0.36505 -0.00733 0.12347
0.36556 -0.00718 0.12629
0.36606 -0.00722 0.12326
0.36657 -0.00712 0.12216
0.36708 -0.00725 0.12202
0.36758 -0.00716 0.12590
0.36809 -0.00722 0.12425
0.36860 -0.00735 0.12583
0.36910 -0.00721 0.12393
0.36961 -0.00714 0.12616
0.37012 -0.00708 0.12572
0.37062 -0.00719 0.12637
0.37113 -0.00723 0.12891
0.37163 -0.00721 0.12808
0.37214 -0.00717 0.12847
0.37265 -0.00720 0.12735
0.37316 -0.00726 0.12844
0.37366 -0.00738 0.13078
0.37417 -0.00717 0.12816
0.37467 -0.00718 0.13152
0.37518 -0.00724 0.13022
0.37569 -0.00726 0.13091
0.37619 -0.00718 0.13019
0.37670 -0.00717 0.13083
0.37721 -0.00709 0.13101
0.37771 -0.00707 0.13274
0.37822 -0.00702 0.13062
0.37872 -0.00713 0.13025
0.37923 -0.00714 0.13425
0.37974 -0.00709 0.13519
0.38024 -0.00726 0.13537
0.38075 -0.00721 0.13541
0.38126 -0.00721 0.13581
0.38176 -0.00712 0.14062
0.38227 -0.00717 0.13382
0.38278 -0.00715 0.14101
0.38328 -0.00718 0.13949
0.38379 -0.00734 0.13846
0.38430 -0.00717 0.13788
0.38480 -0.00721 0.14176
0.38531 -0.00703 0.14552
0.38582 -0.00708 0.14182
0.38632 -0.00718 0.14217
0.38683 -0.00707 0.14054
0.38733 -0.00703 0.14710
0.38784 -0.00719 0.14641
0.38835 -0.00709 0.14647
0.38885 -0.00716 0.14697
0.38936 -0.00710 0.14818
0.38987 -0.00707 0.14735
0.39037 -0.00720 0.14682
0.39088 -0.00706 0.15197
0.39138 -0.00703 0.14775
0.39189 -0.00707 0.14890
0.39240 -0.00710 0.15476
0.39291 -0.00737 0.15050
0.39341 -0.00708 0.14983
0.39392 -0.00715 0.15411
0.39442 -0.00711 0.17385
0.39493 -0.00694 0.14924
0.39544 -0.00702 0.15159
0.39594 -0.00718 0.15695
0.39645 -0.00708 0.15046
0.39696 -0.00733 0.16338
0.39746 -0.00701 0.15872
0.39797 -0.00705 0.15436
0.39848 -0.00718 0.16098
0.39898 -0.00718 0.16180
0.39949 -0.00720 0.16000
0.39999 -0.00726 0.16218
0.40050 -0.00707 0.16519
0.40101 -0.00700 0.16579
0.40151 -0.00703 0.16308
0.40202 -0.00723 0.16299
0.40253 -0.00691 0.16049
0.40303 -0.00709 0.16327
0.40354 -0.00703 0.16189
0.40404 -0.00708 0.16669
0.40455 -0.00702 0.16953
0.40506 -0.00720 0.16926
0.40556 -0.00707 0.16868
0.40607 -0.00705 0.16580
0.40658 -0.00684 0.17024
0.40708 -0.00706 0.17029
0.40759 -0.00701 0.17176
0.40810 -0.00699 0.17653
0.40860 -0.00697 0.17179
0.40911 -0.00694 0.17247
0.40962 -0.00680 0.16749
0.41012 -0.00702 0.16526
0.41063 -0.00706 0.16979
0.41113 -0.00695 0.16722
0.41164 -0.00715 0.17712
0.41215 -0.00691 0.17227
0.41265 -0.00694 0.17044
0.41316 -0.00706 0.17475
0.41367 -0.00688 0.16881
0.41417 -0.00687 0.17678
0.41468 -0.00671 0.17232
0.41519 -0.00688 0.17605
0.41569 -0.00668 0.17832
0.41620 -0.00683 0.17422
0.41670 -0.00695 0.17820
0.41721 -0.00705 0.18056
0.41772 -0.00666 0.16789
0.41822 -0.00680 0.16701
0.41873 -0.00683 0.18047
0.41924 -0.00702 0.18869
0.41974 -0.00691 0.18286
0.42025 -0.00685 0.17396
0.42075 -0.00693 0.17778
0.42126 -0.00695 0.18023
0.42177 -0.00687 0.17827
0.42227 -0.00700 0.17213
0.42278 -0.00683 0.18574
0.42329 -0.00704 0.18401
0.42379 -0.00677 0.17938
0.42430 -0.00680 0.18916
0.42480 -0.00681 0.18757
0.42531 -0.00669 0.18536
0.42582 -0.00692 0.19031
0.42632 -0.00688 0.19752
0.42683 -0.00696 0.19329
0.42734 -0.00692 0.19772
0.42784 -0.00703 0.20322
0.42835 -0.00664 0.19788
0.42886 -0.00703 0.19882
0.42936 -0.00670 0.20439
0.42987 -0.00679 0.20505
0.43038 -0.00700 0.19969
0.43088 -0.00688 0.22022
0.43139 -0.00725 0.22276
0.43189 -0.00707 0.20946
0.43240 -0.00716 0.20502
0.43291 -0.00688 0.19973
0.43341 -0.00698 0.22272
0.43392 -0.00690 0.21827
0.43443 -0.00718 0.21548
0.43493 -0.00700 0.22510
0.43544 -0.00671 0.21585
0.43594 -0.00689 0.22134
0.43645 -0.00683 0.22453
0.43696 -0.00704 0.23133
0.43746 -0.00678 0.22510
0.43797 -0.00710 0.22396
0.43848 -0.00692 0.23589
0.43898 -0.00682 0.23391
0.43949 -0.00693 0.24131
0.44000 -0.00698 0.23110
