0.00988 0.45939 85.91268
0.01039 0.27012 50.74494
0.01090 0.29761 44.87964
0.01140 0.24938 36.29172
0.01191 0.14183 21.36787
0.01242 0.15478 21.87785
0.01292 0.11854 11.82721
0.01343 0.10712 12.41394
0.01394 0.08882 7.42541
0.01444 0.08254 6.01024
0.01495 0.06950 3.50460
0.01546 0.06373 2.90901
0.01596 0.06354 2.14756
0.01647 0.05606 1.62511
0.01698 0.05355 1.38580
0.01748 0.05006 1.22667
0.01799 0.04845 0.99042
0.01850 0.04370 0.82660
0.01900 0.04291 0.74661
0.01951 0.04122 0.71737
0.02002 0.03810 0.67720
0.02052 0.03760 0.60202
0.02103 0.03548 0.65053
0.02154 0.03388 0.60025
0.02204 0.03427 0.59704
0.02255 0.03168 0.53340
0.02306 0.03253 0.53147
0.02356 0.03185 0.51306
0.02407 0.02881 0.47422
0.02458 0.03032 0.49843
0.02508 0.02987 0.49350
0.02559 0.02935 0.46072
0.02610 0.02833 0.43800
0.02661 0.02831 0.45179
0.02711 0.02717 0.44690
0.02762 0.02730 0.40834
0.02813 0.02689 0.39951
0.02863 0.02511 0.40776
0.02914 0.02558 0.40391
0.02965 0.02599 0.40173
0.03015 0.02560 0.40394
0.03066 0.02530 0.37427
0.03117 0.02476 0.39451
0.03167 0.02402 0.36103
0.03218 0.02354 0.35624
0.03269 0.02343 0.35404
0.03319 0.02366 0.33836
0.03370 0.02309 0.36566
0.03421 0.02395 0.33610
0.03471 0.02300 0.33312
0.03522 0.02280 0.34003
0.03573 0.02296 0.32444
0.03623 0.02223 0.29514
0.03674 0.02325 0.33896
0.03725 0.02224 0.32450
0.03775 0.02192 0.29826
0.03826 0.02282 0.32174
0.03877 0.02156 0.30038
0.03927 0.02227 0.30249
0.03978 0.02239 0.29089
0.04029 0.02178 0.30404
0.04079 0.02223 0.30520
0.04130 0.02106 0.29644
0.04181 0.02142 0.28605
0.04231 0.02168 0.29818
0.04282 0.02133 0.29308
0.04333 0.02045 0.30696
0.04384 0.02145 0.30234
0.04434 0.02115 0.28755
0.04485 0.02079 0.27185
0.04536 0.02051 0.27760
0.04586 0.02126 0.27330
0.04637 0.02105 0.26505
0.04688 0.02078 0.27430
0.04738 0.02048 0.26847
0.04789 0.02110 0.26898
0.04840 0.02019 0.27715
0.04890 0.02115 0.25798
0.04941 0.02052 0.26743
0.04992 0.02098 0.26081
0.05042 0.02020 0.25978
0.05093 0.02042 0.25948
0.05144 0.02011 0.24291
0.05194 0.02051 0.25473
0.05245 0.01973 0.25250
0.05296 0.01978 0.23988
0.05346 0.02035 0.24112
0.05397 0.02010 0.24712
0.05448 0.02052 0.24194
0.05498 0.01989 0.23938
0.05549 0.02001 0.24894
0.05600 0.01957 0.23645
0.05650 0.01994 0.23584
0.05701 0.01999 0.24352
0.05752 0.01954 0.22846
0.05803 0.02012 0.23467
0.05853 0.01975 0.23224
0.05904 0.02006 0.24035
0.05955 0.01995 0.22701
0.06005 0.02007 0.22920
0.06056 0.01977 0.22920
0.06107 0.01990 0.23262
0.06157 0.01960 0.22434
0.06208 0.01986 0.22726
0.06259 0.01995 0.23057
0.06309 0.01917 0.22825
0.06360 0.01963 0.21482
0.06411 0.01948 0.22282
0.06461 0.01923 0.22468
0.06512 0.01991 0.21886
0.06563 0.01940 0.21579
0.06613 0.01933 0.20973
0.06664 0.01930 0.21803
0.06715 0.01967 0.22144
0.06765 0.01924 0.20511
0.06816 0.01937 0.21625
0.06867 0.01934 0.21145
0.06917 0.01959 0.20412
0.06968 0.01922 0.21776
0.07019 0.01886 0.21038
0.07069 0.01948 0.20593
0.07120 0.01945 0.21435
0.07171 0.01937 0.20941
0.07222 0.01926 0.20981
0.07272 0.01966 0.21398
0.07323 0.01922 0.21198
0.07373 0.01901 0.19695
0.07424 0.01934 0.20504
0.07475 0.01906 0.19994
0.07526 0.01921 0.20439
0.07576 0.01943 0.19880
0.07627 0.01879 0.19806
0.07678 0.01930 0.20481
0.07728 0.01865 0.19019
0.07779 0.01886 0.19914
0.07830 0.01915 0.19925
0.07880 0.01892 0.18783
0.07931 0.01896 0.20406
0.07982 0.01910 0.19879
0.08032 0.01938 0.20168
0.08083 0.01949 0.19424
0.08134 0.01908 0.19956
0.08184 0.01907 0.19937
0.08235 0.01886 0.19112
0.08286 0.01904 0.20312
0.08336 0.01931 0.20027
0.08387 0.01912 0.20176
0.08438 0.01890 0.19461
0.08488 0.01878 0.19944
0.08539 0.01923 0.20001
0.08590 0.01881 0.19191
0.08640 0.01910 0.21709
0.08691 0.01880 0.19418
0.08742 0.01842 0.20124
0.08792 0.01838 0.19535
0.08843 0.01857 0.19814
0.08894 0.01864 0.19670
0.08944 0.01894 0.19800
0.08995 0.01862 0.19381
0.09046 0.01865 0.20102
0.09097 0.01834 0.19634
0.09147 0.01878 0.19277
0.09198 0.01849 0.20093
0.09248 0.01885 0.19696
0.09299 0.01840 0.19299
0.09350 0.01835 0.20007
0.09401 0.01816 0.19964
0.09451 0.01867 0.19863
0.09502 0.01919 0.19642
0.09552 0.01861 0.19370
0.09603 0.01862 0.19127
0.09654 0.01871 0.19988
0.09705 0.01878 0.19702
0.09755 0.01847 0.20054
0.09806 0.01855 0.19774
0.09857 0.01883 0.19697
0.09907 0.01837 0.19866
0.09958 0.01833 0.19352
0.10009 0.01878 0.19734
0.10059 0.01850 0.19684
0.10110 0.01860 0.19341
0.10161 0.01845 0.18975
0.10211 0.01836 0.19103
0.10262 0.01848 0.19523
0.10313 0.01849 0.19491
0.10363 0.01844 0.19746
0.10414 0.01861 0.20176
0.10465 0.01831 0.19761
0.10515 0.01834 0.18839
0.10566 0.01854 0.18667
0.10617 0.01812 0.19119
0.10667 0.01855 0.18863
0.10718 0.01855 0.18855
0.10769 0.01841 0.18291
0.10819 0.01871 0.18731
0.10870 0.01828 0.18062
0.10921 0.01803 0.18403
0.10971 0.01829 0.17629
0.11022 0.01800 0.17496
0.11073 0.01811 0.17984
0.11124 0.01831 0.17901
0.11174 0.01848 0.18130
0.11225 0.01781 0.17848
0.11275 0.01797 0.17319
0.11326 0.01829 0.17470
0.11377 0.01816 0.17322
0.11428 0.01819 0.17608
0.11478 0.01826 0.17126
0.11529 0.01818 0.17169
0.11579 0.01838 0.17451
0.11630 0.01799 0.17194
0.11681 0.01820 0.16973
0.11732 0.01793 0.16756
0.11782 0.01770 0.16632
0.11833 0.01806 0.17092
0.11884 0.01826 0.16891
0.11934 0.01786 0.16554
0.11985 0.01785 0.16370
0.12036 0.01809 0.16728
0.12086 0.01827 0.16992
0.12137 0.01773 0.16257
0.12188 0.01806 0.16373
0.12238 0.01783 0.15964
0.12289 0.01784 0.16335
0.12340 0.01768 0.16256
0.12390 0.01780 0.16201
0.12441 0.01795 0.16101
0.12492 0.01743 0.15866
0.12542 0.01776 0.15971
0.12593 0.01811 0.16110
0.12644 0.01802 0.15561
0.12694 0.01764 0.15508
0.12745 0.01783 0.15895
0.12796 0.01762 0.15433
0.12846 0.01764 0.15626
0.12897 0.01797 0.14889
0.12948 0.01802 0.15210
0.12998 0.01774 0.15348
0.13049 0.01742 0.15725
0.13100 0.01802 0.15463
0.13150 0.01796 0.14986
0.13201 0.01797 0.15527
0.13252 0.01731 0.14522
0.13302 0.01752 0.15084
0.13353 0.01779 0.15356
0.13404 0.01772 0.15277
0.13454 0.01753 0.14806
0.13505 0.01754 0.14849
0.13556 0.01783 0.15079
0.13606 0.01793 0.15114
0.13657 0.01737 0.14980
0.13708 0.01764 0.15003
0.13759 0.01738 0.14693
0.13809 0.01756 0.14651
0.13860 0.01758 0.14893
0.13911 0.01784 0.15194
0.13961 0.01759 0.14624
0.14012 0.01761 0.14286
0.14062 0.01767 0.14855
0.14113 0.01781 0.14297
0.14164 0.01772 0.14499
0.14214 0.01767 0.14409
0.14265 0.01777 0.14456
0.14316 0.01750 0.14227
0.14367 0.01763 0.14536
0.14417 0.01779 0.14256
0.14468 0.01752 0.14443
0.14519 0.01760 0.14441
0.14569 0.01776 0.13999
0.14620 0.01739 0.14029
0.14671 0.01757 0.14236
0.14721 0.01728 0.13715
0.14772 0.01760 0.14019
0.14823 0.01732 0.13819
0.14873 0.01775 0.14150
0.14924 0.01742 0.14083
0.14975 0.01738 0.14142
0.15025 0.01750 0.14350
0.15076 0.01766 0.13913
0.15127 0.01702 0.13512
0.15177 0.01749 0.13921
0.15228 0.01713 0.13709
0.15279 0.01752 0.14178
0.15329 0.01722 0.13640
0.15380 0.01704 0.13478
0.15431 0.01733 0.13892
0.15481 0.01742 0.14026
0.15532 0.01755 0.13818
0.15583 0.01734 0.13772
0.15633 0.01731 0.13341
0.15684 0.01736 0.13381
0.15735 0.01742 0.13678
0.15785 0.01739 0.13333
0.15836 0.01728 0.13552
0.15887 0.01731 0.13336
0.15937 0.01719 0.13264
0.15988 0.01734 0.13613
0.16039 0.01712 0.13655
0.16089 0.01733 0.13499
0.16140 0.01683 0.12594
0.16191 0.01721 0.13012
0.16241 0.01724 0.13519
0.16292 0.01753 0.13055
0.16343 0.01743 0.13408
0.16393 0.01742 0.13369
0.16444 0.01733 0.13236
0.16495 0.01723 0.12863
0.16545 0.01710 0.13056
0.16596 0.01717 0.13099
0.16647 0.01709 0.13066
0.16697 0.01717 0.13046
0.16748 0.01680 0.12750
0.16799 0.01712 0.12815
0.16850 0.01727 0.13185
0.16900 0.01698 0.13007
0.16951 0.01703 0.13207
0.17001 0.01698 0.13029
0.17052 0.01741 0.13279
0.17103 0.01712 0.13508
0.17153 0.01716 0.12820
0.17204 0.01685 0.13387
0.17255 0.01688 0.13209
0.17305 0.01700 0.13386
0.17356 0.01723 0.13199
0.17407 0.01704 0.13241
0.17458 0.01683 0.13480
0.17508 0.01702 0.13160
0.17559 0.01681 0.13360
0.17610 0.01688 0.13256
0.17660 0.01702 0.13380
0.17711 0.01696 0.13314
0.17761 0.01685 0.13486
0.17812 0.01721 0.13759
0.17863 0.01678 0.13385
0.17913 0.01674 0.13221
0.17964 0.01708 0.13154
0.18015 0.01693 0.13128
0.18066 0.01718 0.13347
0.18116 0.01694 0.13664
0.18167 0.01692 0.12991
0.18218 0.01677 0.13455
0.18268 0.01681 0.13488
0.18319 0.01720 0.13660
0.18369 0.01702 0.13024
0.18420 0.01716 0.13923
0.18471 0.01704 0.14020
0.18522 0.01723 0.13720
0.18572 0.01669 0.13807
0.18623 0.01698 0.13985
0.18674 0.01699 0.13756
0.18724 0.01716 0.14292
0.18775 0.01685 0.14123
0.18826 0.01698 0.14179
0.18876 0.01728 0.14092
0.18927 0.01734 0.14386
0.18978 0.01696 0.14327
0.19028 0.01693 0.14144
0.19079 0.01697 0.14318
0.19130 0.01671 0.13998
0.19180 0.01725 0.14176
0.19231 0.01703 0.14320
0.19282 0.01710 0.14281
0.19332 0.01671 0.14249
0.19383 0.01670 0.14212
0.19434 0.01687 0.14240
0.19484 0.01694 0.13979
0.19535 0.01686 0.14349
0.19586 0.01668 0.14183
0.19636 0.01704 0.14840
0.19687 0.01720 0.14682
0.19738 0.01672 0.14381
0.19788 0.01724 0.14724
0.19839 0.01669 0.14260
0.19890 0.01704 0.13929
0.19940 0.01700 0.14176
0.19991 0.01708 0.14577
0.20042 0.01708 0.14393
0.20092 0.01674 0.14682
0.20143 0.01696 0.14618
0.20194 0.01702 0.14664
0.20244 0.01713 0.14716
0.20295 0.01717 0.14845
0.20346 0.01682 0.14515
0.20396 0.01686 0.15054
0.20447 0.01704 0.14557
0.20498 0.01729 0.14687
0.20548 0.01671 0.14351
0.20599 0.01668 0.15053
0.20650 0.01679 0.14378
0.20700 0.01692 0.14620
0.20751 0.01692 0.14108
0.20802 0.01704 0.14572
0.20852 0.01704 0.14557
0.20903 0.01694 0.14560
0.20954 0.01709 0.14504
0.21004 0.01663 0.14423
0.21055 0.01696 0.14761
0.21106 0.01683 0.14672
0.21156 0.01667 0.14350
0.21207 0.01679 0.14465
0.21258 0.01660 0.14762
0.21308 0.01648 0.14423
0.21359 0.01672 0.14059
0.21410 0.01652 0.14199
0.21460 0.01642 0.14506
0.21511 0.01649 0.14493
0.21562 0.01681 0.14159
0.21612 0.01682 0.14275
0.21663 0.01681 0.14470
0.21714 0.01681 0.14237
0.21764 0.01678 0.14760
0.21815 0.01641 0.14209
0.21866 0.01680 0.14766
0.21916 0.01637 0.14457
0.21967 0.01650 0.14547
0.22018 0.01650 0.14523
0.22068 0.01634 0.13721
0.22119 0.01675 0.14411
0.22170 0.01687 0.14610
0.22220 0.01629 0.13982
0.22271 0.01650 0.14301
0.22322 0.01674 0.14189
0.22372 0.01646 0.13870
0.22423 0.01642 0.14087
0.22474 0.01623 0.14227
0.22524 0.01625 0.14160
0.22575 0.01658 0.14052
0.22626 0.01652 0.13744
0.22676 0.01632 0.14422
0.22727 0.01650 0.14142
0.22778 0.01653 0.14014
0.22828 0.01645 0.14012
0.22879 0.01651 0.13826
0.22930 0.01638 0.13811
0.22980 0.01651 0.13869
0.23031 0.01616 0.13819
0.23082 0.01631 0.13775
0.23132 0.01637 0.13989
0.23183 0.01668 0.13782
0.23234 0.01662 0.14251
0.23284 0.01668 0.13523
0.23335 0.01622 0.13244
0.23386 0.01599 0.13106
0.23436 0.01631 0.13621
0.23487 0.01643 0.13598
0.23538 0.01645 0.13398
0.23588 0.01635 0.13417
0.23639 0.01658 0.13049
0.23689 0.01640 0.13051
0.23740 0.01644 0.13178
0.23791 0.01647 0.13727
0.23841 0.01637 0.13046
0.23892 0.01619 0.13012
0.23943 0.01640 0.13442
0.23994 0.01619 0.13075
0.24044 0.01652 0.13133
0.24095 0.01636 0.12910
0.24146 0.01601 0.13486
0.24196 0.01640 0.13003
0.24247 0.01630 0.12754
0.24297 0.01624 0.12643
0.24348 0.01631 0.12894
0.24399 0.01640 0.12851
0.24449 0.01644 0.13275
0.24500 0.01645 0.12784
0.24551 0.01622 0.12614
0.24602 0.01631 0.12894
0.24652 0.01606 0.12844
0.24703 0.01604 0.12885
0.24753 0.01615 0.12681
0.24804 0.01610 0.12962
0.24855 0.01609 0.12604
0.24905 0.01616 0.12760
0.24956 0.01608 0.12731
0.25007 0.01620 0.12651
0.25057 0.01583 0.12253
0.25108 0.01607 0.12720
0.25159 0.01624 0.12625
0.25209 0.01619 0.12770
0.25260 0.01592 0.12255
0.25311 0.01586 0.12257
0.25361 0.01597 0.12514
0.25412 0.01614 0.12844
0.25463 0.01595 0.12543
0.25513 0.01588 0.12320
0.25564 0.01577 0.11897
0.25615 0.01609 0.12217
0.25665 0.01613 0.12307
0.25716 0.01602 0.12085
0.25767 0.01590 0.12176
0.25817 0.01601 0.12227
0.25868 0.01618 0.12281
0.25919 0.01617 0.12005
0.25969 0.01612 0.11975
0.26020 0.01568 0.11930
0.26071 0.01590 0.11897
0.26121 0.01602 0.12060
0.26172 0.01618 0.12110
0.26223 0.01601 0.12137
0.26273 0.01595 0.11798
0.26324 0.01606 0.11894
0.26375 0.01604 0.11697
0.26425 0.01610 0.11983
0.26476 0.01633 0.12132
0.26527 0.01556 0.11669
0.26577 0.01600 0.12055
0.26628 0.01578 0.12006
0.26679 0.01598 0.11863
0.26729 0.01589 0.11879
0.26780 0.01595 0.11744
0.26831 0.01589 0.11604
0.26881 0.01598 0.11856
0.26932 0.01580 0.11378
0.26982 0.01592 0.11609
0.27033 0.01590 0.11579
0.27084 0.01586 0.11785
0.27135 0.01601 0.11626
0.27185 0.01591 0.11562
0.27236 0.01585 0.11550
0.27287 0.01583 0.11570
0.27337 0.01584 0.11475
0.27388 0.01587 0.11752
0.27438 0.01577 0.11746
0.27489 0.01593 0.11524
0.27540 0.01566 0.11406
0.27590 0.01589 0.11782
0.27641 0.01572 0.11311
0.27692 0.01565 0.11440
0.27742 0.01573 0.11521
0.27793 0.01567 0.11077
0.27844 0.01576 0.11448
0.27894 0.01599 0.11485
0.27945 0.01574 0.11348
0.27996 0.01567 0.11432
0.28046 0.01568 0.11123
0.28097 0.01595 0.11624
0.28148 0.01554 0.11353
0.28198 0.01573 0.11376
0.28249 0.01583 0.11406
0.28300 0.01575 0.11349
0.28350 0.01563 0.10844
0.28401 0.01584 0.11183
0.28452 0.01583 0.11199
0.28502 0.01566 0.11048
0.28553 0.01556 0.11140
0.28604 0.01577 0.11020
0.28654 0.01573 0.11267
0.28705 0.01551 0.11106
0.28756 0.01577 0.11352
0.28806 0.01569 0.11247
0.28857 0.01609 0.11306
0.28908 0.01574 0.11417
0.28958 0.01587 0.11073
0.29009 0.01562 0.11020
0.29059 0.01539 0.11371
0.29110 0.01539 0.10975
0.29161 0.01537 0.11165
0.29212 0.01568 0.11343
0.29262 0.01561 0.11158
0.29313 0.01562 0.11277
0.29363 0.01552 0.11346
0.29414 0.01544 0.11436
0.29465 0.01537 0.10947
0.29515 0.01548 0.11259
0.29566 0.01538 0.11244
0.29617 0.01537 0.10864
0.29667 0.01540 0.11232
0.29718 0.01559 0.11397
0.29769 0.01538 0.11426
0.29819 0.01564 0.11181
0.29870 0.01540 0.11296
0.29921 0.01576 0.11441
0.29971 0.01549 0.11127
0.30022 0.01535 0.10983
0.30073 0.01556 0.11317
0.30123 0.01542 0.11063
0.30174 0.01526 0.11106
0.30225 0.01523 0.11022
0.30275 0.01518 0.11219
0.30326 0.01545 0.11211
0.30377 0.01512 0.10990
0.30427 0.01525 0.11188
0.30478 0.01513 0.10903
0.30528 0.01524 0.10777
0.30579 0.01550 0.10987
0.30630 0.01512 0.10941
0.30680 0.01533 0.11136
0.30731 0.01549 0.10983
0.30782 0.01511 0.11133
0.30832 0.01538 0.11045
0.30883 0.01533 0.10914
0.30934 0.01549 0.10999
0.30984 0.01524 0.10971
0.31035 0.01537 0.11264
0.31086 0.01539 0.11092
0.31136 0.01554 0.11441
0.31187 0.01549 0.11577
0.31238 0.01548 0.11605
0.31288 0.01531 0.11518
0.31339 0.01533 0.11710
0.31390 0.01514 0.11749
0.31440 0.01560 0.11807
0.31491 0.01548 0.11782
0.31542 0.01513 0.11455
0.31592 0.01543 0.11777
0.31643 0.01536 0.11849
0.31694 0.01523 0.11934
0.31744 0.01514 0.12150
0.31795 0.01522 0.12044
0.31845 0.01554 0.12073
0.31896 0.01537 0.11922
0.31947 0.01517 0.12100
0.31998 0.01515 0.11871
0.32048 0.01509 0.12048
0.32099 0.01524 0.11956
0.32149 0.01524 0.12818
0.32200 0.01558 0.12271
0.32251 0.01512 0.12030
0.32301 0.01506 0.12271
0.32352 0.01537 0.12066
0.32403 0.01545 0.12204
0.32453 0.01545 0.12301
0.32504 0.01538 0.11920
0.32555 0.01524 0.12282
0.32605 0.01535 0.12214
0.32656 0.01530 0.11929
0.32707 0.01527 0.11996
0.32757 0.01545 0.12056
0.32808 0.01501 0.12137
0.32859 0.01552 0.12017
0.32909 0.01505 0.11883
0.32960 0.01532 0.12135
0.33010 0.01527 0.12136
0.33061 0.01495 0.12087
0.33112 0.01512 0.12189
0.33162 0.01516 0.12037
0.33213 0.01540 0.12270
0.33264 0.01526 0.12338
0.33314 0.01504 0.12283
0.33365 0.01538 0.12087
0.33416 0.01544 0.12395
0.33466 0.01520 0.12413
0.33517 0.01535 0.12389
0.33568 0.01505 0.12370
0.33618 0.01507 0.12486
0.33669 0.01525 0.12679
0.33720 0.01501 0.12125
0.33770 0.01532 0.12761
0.33821 0.01504 0.12500
0.33871 0.01510 0.12065
0.33922 0.01523 0.12347
0.33973 0.01534 0.12438
0.34024 0.01542 0.12872
0.34074 0.01520 0.12483
0.34125 0.01503 0.12311
0.34175 0.01503 0.12800
0.34226 0.01527 0.12719
0.34277 0.01496 0.12520
0.34327 0.01495 0.12312
0.34378 0.01502 0.12684
0.34429 0.01500 0.12241
0.34479 0.01513 0.12450
0.34530 0.01520 0.13059
0.34581 0.01526 0.12309
0.34631 0.01499 0.12340
0.34682 0.01512 0.12351
0.34732 0.01497 0.12726
0.34783 0.01514 0.12679
0.34834 0.01521 0.12585
0.34885 0.01513 0.12584
0.34935 0.01479 0.12425
0.34986 0.01514 0.12499
0.35036 0.01472 0.12646
0.35087 0.01487 0.12573
0.35138 0.01504 0.12553
0.35188 0.01545 0.12617
0.35239 0.01498 0.12595
0.35290 0.01502 0.12528
0.35340 0.01517 0.12553
0.35391 0.01496 0.12597
0.35442 0.01528 0.12351
0.35492 0.01503 0.12160
0.35543 0.01496 0.12242
0.35594 0.01489 0.12007
0.35644 0.01455 0.11893
0.35695 0.01506 0.12164
0.35746 0.01511 0.12076
0.35796 0.01491 0.11720
0.35847 0.01491 0.11631
0.35897 0.01506 0.12061
0.35948 0.01459 0.11727
0.35999 0.01515 0.12244
0.36049 0.01497 0.12055
0.36100 0.01485 0.12127
0.36151 0.01481 0.12051
0.36201 0.01499 0.11680
0.36252 0.01502 0.12205
0.36303 0.01475 0.12064
0.36353 0.01479 0.12502
0.36404 0.01498 0.12506
0.36455 0.01479 0.11991
0.36505 0.01496 0.12079
0.36556 0.01505 0.12250
0.36606 0.01504 0.12366
0.36657 0.01480 0.12426
0.36708 0.01504 0.12451
0.36758 0.01484 0.12006
0.36809 0.01456 0.12162
0.36860 0.01469 0.12247
0.36910 0.01487 0.12562
0.36961 0.01484 0.12684
0.37012 0.01509 0.12980
0.37062 0.01453 0.12399
0.37113 0.01466 0.12917
0.37163 0.01477 0.12992
0.37214 0.01465 0.12863
0.37265 0.01478 0.12738
0.37316 0.01490 0.12663
0.37366 0.01472 0.12827
0.37417 0.01473 0.12595
0.37467 0.01495 0.13236
0.37518 0.01486 0.13112
0.37569 0.01487 0.13112
0.37619 0.01498 0.13446
0.37670 0.01476 0.13051
0.37721 0.01485 0.13295
0.37771 0.01475 0.13120
0.37822 0.01503 0.13457
0.37872 0.01497 0.13098
0.37923 0.01466 0.13776
0.37974 0.01453 0.13668
0.38024 0.01482 0.13681
0.38075 0.01502 0.13625
0.38126 0.01505 0.14014
0.38176 0.01456 0.13755
0.38227 0.01508 0.13874
0.38278 0.01468 0.13873
0.38328 0.01500 0.13893
0.38379 0.01506 0.14268
0.38430 0.01439 0.13658
0.38480 0.01482 0.13913
0.38531 0.01468 0.13819
0.38582 0.01470 0.14304
0.38632 0.01471 0.13683
0.38683 0.01473 0.14582
0.38733 0.01443 0.14041
0.38784 0.01454 0.14164
0.38835 0.01473 0.14564
0.38885 0.01452 0.14513
0.38936 0.01462 0.14762
0.38987 0.01445 0.14753
0.39037 0.01451 0.14603
0.39088 0.01447 0.14832
0.39138 0.01455 0.14812
0.39189 0.01442 0.15005
0.39240 0.01428 0.15110
0.39291 0.01461 0.15005
0.39341 0.01466 0.15350
0.39392 0.01439 0.15178
0.39442 0.01461 0.16745
0.39493 0.01444 0.15426
0.39544 0.01469 0.15271
0.39594 0.01442 0.14983
0.39645 0.01417 0.14559
0.39696 0.01468 0.15794
0.39746 0.01448 0.15575
0.39797 0.01446 0.15795
0.39848 0.01465 0.16133
0.39898 0.01449 0.15960
0.39949 0.01435 0.15961
0.39999 0.01431 0.16087
0.40050 0.01423 0.15868
0.40101 0.01459 0.16713
0.40151 0.01455 0.17295
0.40202 0.01423 0.16066
0.40253 0.01460 0.16349
0.40303 0.01440 0.16221
0.40354 0.01466 0.16646
0.40404 0.01430 0.16639
0.40455 0.01484 0.16684
0.40506 0.01471 0.16753
0.40556 0.01467 0.16836
0.40607 0.01429 0.16641
0.40658 0.01432 0.16430
0.40708 0.01409 0.16725
0.40759 0.01439 0.17110
0.40810 0.01438 0.16606
0.40860 0.01410 0.17101
0.40911 0.01429 0.16454
0.40962 0.01413 0.16693
0.41012 0.01416 0.16842
0.41063 0.01404 0.17439
0.41113 0.01419 0.17091
0.41164 0.01407 0.17264
0.41215 0.01401 0.17243
0.41265 0.01434 0.17086
0.41316 0.01411 0.17342
0.41367 0.01418 0.17033
0.41417 0.01396 0.18081
0.41468 0.01391 0.17247
0.41519 0.01389 0.17246
0.41569 0.01437 0.17682
0.41620 0.01361 0.17129
0.41670 0.01395 0.18155
0.41721 0.01394 0.17837
0.41772 0.01381 0.17529
0.41822 0.01348 0.17134
0.41873 0.01395 0.18361
0.41924 0.01389 0.17416
0.41974 0.01433 0.17112
0.42025 0.01415 0.18122
0.42075 0.01387 0.18291
0.42126 0.01394 0.17620
0.42177 0.01429 0.18071
0.42227 0.01466 0.18913
0.42278 0.01432 0.18795
0.42329 0.01396 0.18633
0.42379 0.01362 0.17993
0.42430 0.01425 0.19221
0.42480 0.01420 0.19338
0.42531 0.01414 0.18534
0.42582 0.01400 0.18832
0.42632 0.01430 0.19697
0.42683 0.01390 0.19025
0.42734 0.01416 0.18481
0.42784 0.01444 0.19696
0.42835 0.01413 0.18818
0.42886 0.01428 0.19262
0.42936 0.01432 0.20539
0.42987 0.01446 0.20436
0.43038 0.01396 0.20317
0.43088 0.01428 0.20328
0.43139 0.01406 0.21298
0.43189 0.01443 0.21156
0.43240 0.01391 0.21295
0.43291 0.01411 0.21069
0.43341 0.01373 0.21062
0.43392 0.01423 0.22086
0.43443 0.01391 0.21100
0.43493 0.01364 0.21370
0.43544 0.01367 0.21437
0.43594 0.01378 0.21078
0.43645 0.01436 0.21867
0.43696 0.01395 0.22021
0.43746 0.01371 0.22847
0.43797 0.01415 0.22571
0.43848 0.01397 0.22644
0.43898 0.01381 0.22245
0.43949 0.01383 0.22363
0.44000 0.01398 0.23383
