0.00988 0.37500 89.01295
0.01039 0.21588 47.82134
0.01090 0.24284 47.31713
0.01140 0.20046 34.82910
0.01191 0.11601 20.97809
0.01242 0.14015 20.81317
0.01292 0.09667 13.29086
0.01343 0.07612 12.34346
0.01394 0.06428 8.54254
0.01444 0.06473 5.55048
0.01495 0.05789 3.54368
0.01546 0.05363 2.84720
0.01596 0.04834 2.62759
0.01647 0.04585 1.87739
0.01698 0.04132 1.27010
0.01748 0.03932 1.35079
0.01799 0.03803 1.06604
0.01850 0.03558 0.78677
0.01900 0.03311 0.80201
0.01951 0.03198 0.73931
0.02002 0.03087 0.64741
0.02052 0.03002 0.67358
0.02103 0.02813 0.69481
0.02154 0.02849 0.62594
0.02204 0.02622 0.53525
0.02255 0.02649 0.57642
0.02306 0.02582 0.52100
0.02356 0.02439 0.48220
0.02407 0.02486 0.49331
0.02458 0.02432 0.50282
0.02508 0.02322 0.47654
0.02559 0.02257 0.45780
0.02610 0.02297 0.46607
0.02661 0.02228 0.43067
0.02711 0.02188 0.41896
0.02762 0.02132 0.42409
0.02813 0.02076 0.40158
0.02863 0.02091 0.39684
0.02914 0.02017 0.38885
0.02965 0.02051 0.39516
0.03015 0.01961 0.36827
0.03066 0.02027 0.37433
0.03117 0.01962 0.36924
0.03167 0.02059 0.39102
0.03218 0.01958 0.37343
0.03269 0.01963 0.36761
0.03319 0.01902 0.35844
0.03370 0.01893 0.33336
0.03421 0.01863 0.34252
0.03471 0.01854 0.33437
0.03522 0.01891 0.34487
0.03573 0.01832 0.32961
0.03623 0.01840 0.31158
0.03674 0.01838 0.32961
0.03725 0.01739 0.30770
0.03775 0.01791 0.30676
0.03826 0.01706 0.30732
0.03877 0.01763 0.30459
0.03927 0.01782 0.32237
0.03978 0.01706 0.29201
0.04029 0.01821 0.30893
0.04079 0.01764 0.30657
0.04130 0.01752 0.29945
0.04181 0.01741 0.29174
0.04231 0.01689 0.30182
0.04282 0.01759 0.29286
0.04333 0.01751 0.29397
0.04384 0.01700 0.28419
0.04434 0.01681 0.27625
0.04485 0.01708 0.29040
0.04536 0.01656 0.28244
0.04586 0.01697 0.28098
0.04637 0.01720 0.28046
0.04688 0.01680 0.27324
0.04738 0.01646 0.27696
0.04789 0.01648 0.25933
0.04840 0.01606 0.26202
0.04890 0.01674 0.27455
0.04941 0.01655 0.25121
0.04992 0.01629 0.26410
0.05042 0.01660 0.25269
0.05093 0.01600 0.26011
0.05144 0.01635 0.25350
0.05194 0.01605 0.24395
0.05245 0.01616 0.24246
0.05296 0.01584 0.24534
0.05346 0.01540 0.22917
0.05397 0.01620 0.24907
0.05448 0.01615 0.24369
0.05498 0.01612 0.24537
0.05549 0.01627 0.24319
0.05600 0.01579 0.23866
0.05650 0.01580 0.23682
0.05701 0.01581 0.23177
0.05752 0.01616 0.23554
0.05803 0.01559 0.23720
0.05853 0.01563 0.23118
0.05904 0.01635 0.23886
0.05955 0.01591 0.23415
0.06005 0.01602 0.23750
0.06056 0.01602 0.23335
0.06107 0.01578 0.23109
0.06157 0.01549 0.22215
0.06208 0.01595 0.23235
0.06259 0.01597 0.22728
0.06309 0.01534 0.21796
0.06360 0.01642 0.22738
0.06411 0.01595 0.23668
0.06461 0.01546 0.22129
0.06512 0.01576 0.22975
0.06563 0.01562 0.21769
0.06613 0.01543 0.22169
0.06664 0.01530 0.22214
0.06715 0.01553 0.22036
0.06765 0.01554 0.21657
0.06816 0.01578 0.22138
0.06867 0.01538 0.22046
0.06917 0.01573 0.21967
0.06968 0.01553 0.21004
0.07019 0.01547 0.20826
0.07069 0.01564 0.20556
0.07120 0.01506 0.20949
0.07171 0.01543 0.20800
0.07222 0.01586 0.21145
0.07272 0.01512 0.20396
0.07323 0.01542 0.20782
0.07373 0.01550 0.20489
0.07424 0.01552 0.20381
0.07475 0.01551 0.20099
0.07526 0.01548 0.20836
0.07576 0.01554 0.20148
0.07627 0.01548 0.21276
0.07678 0.01511 0.19766
0.07728 0.01521 0.19113
0.07779 0.01525 0.20085
0.07830 0.01532 0.19266
0.07880 0.01532 0.19838
0.07931 0.01543 0.19783
0.07982 0.01494 0.19829
0.08032 0.01519 0.19673
0.08083 0.01537 0.19570
0.08134 0.01506 0.19233
0.08184 0.01543 0.21119
0.08235 0.01516 0.19533
0.08286 0.01501 0.20121
0.08336 0.01479 0.20894
0.08387 0.01521 0.20630
0.08438 0.01510 0.20042
0.08488 0.01547 0.20149
0.08539 0.01463 0.19682
0.08590 0.01525 0.20336
0.08640 0.01509 0.20894
0.08691 0.01502 0.19666
0.08742 0.01540 0.19720
0.08792 0.01473 0.19890
0.08843 0.01479 0.20054
0.08894 0.01492 0.20006
0.08944 0.01488 0.19713
0.08995 0.01483 0.19246
0.09046 0.01482 0.19075
0.09097 0.01494 0.19313
0.09147 0.01488 0.19882
0.09198 0.01482 0.19243
0.09248 0.01496 0.19721
0.09299 0.01496 0.20232
0.09350 0.01489 0.19324
0.09401 0.01480 0.19799
0.09451 0.01503 0.19648
0.09502 0.01465 0.20085
0.09552 0.01482 0.19346
0.09603 0.01467 0.19303
0.09654 0.01512 0.19556
0.09705 0.01506 0.19500
0.09755 0.01516 0.19415
0.09806 0.01451 0.18780
0.09857 0.01483 0.18667
0.09907 0.01505 0.19081
0.09958 0.01492 0.18945
0.10009 0.01445 0.19077
0.10059 0.01462 0.19026
0.10110 0.01476 0.19399
0.10161 0.01471 0.19290
0.10211 0.01444 0.19219
0.10262 0.01476 0.19200
0.10313 0.01445 0.19108
0.10363 0.01494 0.19399
0.10414 0.01464 0.19797
0.10465 0.01450 0.18969
0.10515 0.01461 0.20181
0.10566 0.01472 0.20012
0.10617 0.01456 0.19247
0.10667 0.01474 0.19374
0.10718 0.01449 0.18395
0.10769 0.01465 0.18535
0.10819 0.01461 0.18515
0.10870 0.01477 0.18013
0.10921 0.01446 0.18097
0.10971 0.01464 0.18027
0.11022 0.01451 0.17963
0.11073 0.01441 0.17471
0.11124 0.01448 0.17603
0.11174 0.01431 0.17419
0.11225 0.01417 0.17295
0.11275 0.01481 0.18135
0.11326 0.01444 0.17488
0.11377 0.01425 0.17763
0.11428 0.01450 0.17668
0.11478 0.01434 0.16799
0.11529 0.01445 0.17501
0.11579 0.01415 0.17033
0.11630 0.01438 0.17484
0.11681 0.01424 0.17242
0.11732 0.01443 0.16332
0.11782 0.01409 0.17138
0.11833 0.01430 0.16968
0.11884 0.01448 0.16745
0.11934 0.01451 0.16944
0.11985 0.01462 0.16691
0.12036 0.01425 0.16696
0.12086 0.01421 0.16484
0.12137 0.01420 0.16417
0.12188 0.01434 0.16352
0.12238 0.01469 0.16282
0.12289 0.01435 0.16465
0.12340 0.01415 0.16070
0.12390 0.01435 0.16670
0.12441 0.01397 0.15784
0.12492 0.01437 0.16295
0.12542 0.01456 0.15962
0.12593 0.01429 0.16288
0.12644 0.01416 0.15679
0.12694 0.01432 0.15710
0.12745 0.01431 0.15646
0.12796 0.01402 0.15305
0.12846 0.01412 0.15628
0.12897 0.01435 0.14942
0.12948 0.01409 0.15986
0.12998 0.01419 0.15770
0.13049 0.01423 0.15830
0.13100 0.01409 0.15068
0.13150 0.01443 0.15244
0.13201 0.01414 0.15118
0.13252 0.01417 0.15087
0.13302 0.01430 0.14812
0.13353 0.01424 0.14988
0.13404 0.01389 0.15292
0.13454 0.01419 0.15444
0.13505 0.01444 0.14891
0.13556 0.01423 0.15036
0.13606 0.01422 0.14989
0.13657 0.01412 0.14718
0.13708 0.01421 0.14606
0.13759 0.01408 0.14322
0.13809 0.01426 0.14438
0.13860 0.01405 0.14682
0.13911 0.01400 0.14627
0.13961 0.01427 0.14838
0.14012 0.01415 0.14877
0.14062 0.01384 0.14679
0.14113 0.01432 0.14053
0.14164 0.01409 0.14618
0.14214 0.01430 0.14579
0.14265 0.01399 0.14515
0.14316 0.01423 0.14578
0.14367 0.01412 0.14326
0.14417 0.01410 0.14165
0.14468 0.01415 0.14265
0.14519 0.01414 0.14181
0.14569 0.01423 0.14157
0.14620 0.01410 0.14376
0.14671 0.01407 0.14192
0.14721 0.01401 0.14430
0.14772 0.01437 0.14363
0.14823 0.01391 0.13572
0.14873 0.01389 0.13772
0.14924 0.01410 0.14190
0.14975 0.01424 0.14444
0.15025 0.01425 0.14118
0.15076 0.01385 0.14112
0.15127 0.01380 0.13706
0.15177 0.01392 0.13939
0.15228 0.01378 0.13825
0.15279 0.01372 0.13664
0.15329 0.01386 0.13663
0.15380 0.01390 0.13489
0.15431 0.01386 0.13654
0.15481 0.01403 0.13951
0.15532 0.01369 0.13543
0.15583 0.01393 0.13288
0.15633 0.01367 0.13751
0.15684 0.01393 0.13642
0.15735 0.01385 0.13461
0.15785 0.01397 0.13472
0.15836 0.01392 0.13505
0.15887 0.01389 0.13623
0.15937 0.01393 0.13781
0.15988 0.01381 0.13516
0.16039 0.01366 0.13374
0.16089 0.01383 0.12996
0.16140 0.01379 0.13238
0.16191 0.01363 0.13323
0.16241 0.01423 0.13317
0.16292 0.01387 0.13287
0.16343 0.01367 0.13141
0.16393 0.01381 0.13024
0.16444 0.01369 0.13034
0.16495 0.01365 0.13107
0.16545 0.01357 0.13133
0.16596 0.01364 0.13001
0.16647 0.01354 0.13548
0.16697 0.01370 0.12824
0.16748 0.01384 0.12891
0.16799 0.01355 0.12897
0.16850 0.01373 0.13329
0.16900 0.01361 0.13410
0.16951 0.01390 0.13229
0.17001 0.01357 0.13272
0.17052 0.01360 0.12922
0.17103 0.01367 0.13433
0.17153 0.01370 0.13254
0.17204 0.01345 0.13487
0.17255 0.01385 0.13450
0.17305 0.01373 0.13460
0.17356 0.01368 0.13722
0.17407 0.01358 0.13491
0.17458 0.01357 0.13085
0.17508 0.01363 0.13364
0.17559 0.01355 0.13370
0.17610 0.01362 0.13298
0.17660 0.01394 0.13510
0.17711 0.01345 0.13268
0.17761 0.01328 0.12985
0.17812 0.01332 0.13341
0.17863 0.01357 0.13491
0.17913 0.01377 0.13869
0.17964 0.01359 0.13298
0.18015 0.01354 0.13238
0.18066 0.01371 0.13477
0.18116 0.01370 0.13911
0.18167 0.01372 0.13661
0.18218 0.01346 0.13322
0.18268 0.01377 0.13660
0.18319 0.01375 0.13935
0.18369 0.01391 0.14308
0.18420 0.01361 0.14014
0.18471 0.01367 0.14005
0.18522 0.01355 0.13782
0.18572 0.01353 0.13739
0.18623 0.01346 0.13702
0.18674 0.01346 0.13831
0.18724 0.01383 0.14288
0.18775 0.01371 0.13863
0.18826 0.01379 0.14324
0.18876 0.01349 0.14397
0.18927 0.01356 0.14408
0.18978 0.01330 0.14158
0.19028 0.01337 0.14042
0.19079 0.01373 0.14302
0.19130 0.01353 0.14319
0.19180 0.01344 0.14387
0.19231 0.01351 0.14146
0.19282 0.01356 0.14630
0.19332 0.01358 0.13975
0.19383 0.01361 0.14478
0.19434 0.01364 0.14782
0.19484 0.01362 0.13997
0.19535 0.01389 0.14412
0.19586 0.01357 0.14293
0.19636 0.01360 0.14522
0.19687 0.01356 0.14572
0.19738 0.01330 0.14162
0.19788 0.01361 0.14504
0.19839 0.01358 0.14595
0.19890 0.01362 0.14321
0.19940 0.01361 0.14181
0.19991 0.01369 0.14543
0.20042 0.01357 0.14031
0.20092 0.01345 0.14373
0.20143 0.01375 0.14955
0.20194 0.01372 0.14889
0.20244 0.01366 0.14935
0.20295 0.01339 0.14727
0.20346 0.01358 0.14986
0.20396 0.01357 0.14600
0.20447 0.01358 0.14565
0.20498 0.01342 0.14533
0.20548 0.01361 0.14289
0.20599 0.01331 0.14753
0.20650 0.01361 0.14590
0.20700 0.01348 0.14549
0.20751 0.01351 0.14414
0.20802 0.01325 0.14182
0.20852 0.01342 0.14680
0.20903 0.01341 0.14514
0.20954 0.01331 0.14323
0.21004 0.01340 0.14537
0.21055 0.01343 0.14596
0.21106 0.01326 0.14416
0.21156 0.01340 0.14179
0.21207 0.01354 0.14259
0.21258 0.01360 0.14814
0.21308 0.01372 0.14486
0.21359 0.01323 0.14578
0.21410 0.01347 0.14764
0.21460 0.01329 0.14691
0.21511 0.01332 0.14599
0.21562 0.01361 0.14662
0.21612 0.01326 0.14365
0.21663 0.01339 0.15022
0.21714 0.01337 0.14126
0.21764 0.01342 0.14254
0.21815 0.01309 0.14493
0.21866 0.01315 0.14303
0.21916 0.01342 0.14458
0.21967 0.01277 0.14232
0.22018 0.01335 0.14227
0.22068 0.01322 0.13981
0.22119 0.01336 0.14340
0.22170 0.01319 0.14313
0.22220 0.01325 0.14528
0.22271 0.01319 0.13951
0.22322 0.01299 0.14168
0.22372 0.01332 0.14149
0.22423 0.01308 0.14316
0.22474 0.01332 0.14120
0.22524 0.01328 0.14657
0.22575 0.01286 0.14175
0.22626 0.01295 0.13936
0.22676 0.01320 0.14387
0.22727 0.01329 0.14256
0.22778 0.01314 0.13983
0.22828 0.01327 0.14282
0.22879 0.01307 0.13906
0.22930 0.01311 0.13748
0.22980 0.01298 0.13595
0.23031 0.01307 0.14109
0.23082 0.01294 0.13605
0.23132 0.01312 0.13465
0.23183 0.01300 0.13400
0.23234 0.01309 0.13588
0.23284 0.01296 0.13341
0.23335 0.01307 0.13515
0.23386 0.01311 0.13387
0.23436 0.01308 0.13467
0.23487 0.01300 0.13244
0.23538 0.01297 0.13505
0.23588 0.01311 0.13569
0.23639 0.01291 0.12966
0.23689 0.01298 0.13306
0.23740 0.01308 0.13193
0.23791 0.01302 0.13064
0.23841 0.01311 0.12915
0.23892 0.01287 0.13200
0.23943 0.01322 0.13260
0.23994 0.01300 0.12968
0.24044 0.01279 0.13186
0.24095 0.01299 0.13045
0.24146 0.01289 0.13030
0.24196 0.01295 0.12826
0.24247 0.01294 0.12960
0.24297 0.01336 0.13129
0.24348 0.01305 0.12962
0.24399 0.01285 0.12665
0.24449 0.01291 0.12728
0.24500 0.01287 0.12763
0.24551 0.01281 0.12809
0.24602 0.01295 0.12888
0.24652 0.01291 0.12799
0.24703 0.01306 0.12783
0.24753 0.01310 0.12697
0.24804 0.01288 0.12804
0.24855 0.01309 0.12815
0.24905 0.01293 0.12633
0.24956 0.01290 0.12359
0.25007 0.01273 0.12550
0.25057 0.01283 0.12784
0.25108 0.01303 0.12748
0.25159 0.01293 0.12991
0.25209 0.01282 0.12431
0.25260 0.01281 0.12677
0.25311 0.01277 0.12346
0.25361 0.01278 0.12366
0.25412 0.01300 0.12676
0.25463 0.01290 0.12573
0.25513 0.01276 0.12206
0.25564 0.01304 0.12232
0.25615 0.01290 0.12395
0.25665 0.01291 0.12461
0.25716 0.01299 0.12460
0.25767 0.01278 0.12232
0.25817 0.01288 0.12363
0.25868 0.01276 0.12088
0.25919 0.01279 0.12005
0.25969 0.01307 0.12046
0.26020 0.01272 0.11938
0.26071 0.01278 0.12188
0.26121 0.01292 0.11968
0.26172 0.01275 0.12089
0.26223 0.01286 0.12123
0.26273 0.01298 0.12115
0.26324 0.01297 0.12260
0.26375 0.01277 0.12066
0.26425 0.01295 0.12003
0.26476 0.01292 0.11930
0.26527 0.01277 0.12005
0.26577 0.01287 0.11950
0.26628 0.01286 0.11741
0.26679 0.01283 0.11714
0.26729 0.01244 0.11764
0.26780 0.01270 0.11815
0.26831 0.01284 0.11732
0.26881 0.01285 0.11792
0.26932 0.01255 0.11588
0.26982 0.01299 0.11594
0.27033 0.01274 0.11507
0.27084 0.01250 0.11348
0.27135 0.01264 0.11675
0.27185 0.01261 0.11601
0.27236 0.01268 0.11581
0.27287 0.01278 0.11553
0.27337 0.01278 0.11866
0.27388 0.01256 0.11639
0.27438 0.01269 0.11435
0.27489 0.01261 0.11534
0.27540 0.01289 0.11680
0.27590 0.01289 0.11657
0.27641 0.01266 0.11458
0.27692 0.01246 0.11334
0.27742 0.01283 0.11406
0.27793 0.01250 0.11638
0.27844 0.01257 0.11323
0.27894 0.01263 0.11514
0.27945 0.01269 0.11329
0.27996 0.01244 0.11131
0.28046 0.01250 0.11308
0.28097 0.01264 0.11532
0.28148 0.01248 0.11457
0.28198 0.01268 0.11400
0.28249 0.01259 0.11461
0.28300 0.01260 0.11315
0.28350 0.01267 0.11236
0.28401 0.01268 0.11514
0.28452 0.01270 0.11331
0.28502 0.01253 0.11088
0.28553 0.01257 0.11377
0.28604 0.01264 0.11285
0.28654 0.01246 0.11477
0.28705 0.01273 0.11243
0.28756 0.01244 0.11291
0.28806 0.01256 0.11367
0.28857 0.01273 0.11465
0.28908 0.01248 0.11532
0.28958 0.01242 0.11266
0.29009 0.01237 0.11338
0.29059 0.01254 0.11234
0.29110 0.01236 0.11115
0.29161 0.01231 0.11108
0.29212 0.01248 0.11402
0.29262 0.01263 0.11466
0.29313 0.01247 0.11362
0.29363 0.01261 0.11294
0.29414 0.01242 0.11101
0.29465 0.01246 0.11055
0.29515 0.01252 0.11134
0.29566 0.01227 0.11144
0.29617 0.01235 0.11381
0.29667 0.01226 0.11165
0.29718 0.01228 0.11334
0.29769 0.01247 0.11312
0.29819 0.01239 0.10897
0.29870 0.01241 0.11386
0.29921 0.01211 0.11163
0.29971 0.01218 0.11171
0.30022 0.01230 0.11063
0.30073 0.01239 0.11072
0.30123 0.01228 0.11469
0.30174 0.01221 0.11213
0.30225 0.01217 0.11048
0.30275 0.01232 0.11133
0.30326 0.01226 0.11341
0.30377 0.01231 0.10775
0.30427 0.01238 0.10918
0.30478 0.01224 0.11075
0.30528 0.01233 0.11109
0.30579 0.01217 0.10956
0.30630 0.01231 0.11146
0.30680 0.01239 0.11140
0.30731 0.01210 0.10950
0.30782 0.01213 0.10884
0.30832 0.01231 0.11083
0.30883 0.01235 0.11043
0.30934 0.01199 0.10876
0.30984 0.01221 0.11182
0.31035 0.01244 0.11465
0.31086 0.01221 0.11613
0.31136 0.01226 0.11542
0.31187 0.01227 0.11554
0.31238 0.01232 0.11704
0.31288 0.01206 0.11642
0.31339 0.01217 0.11585
0.31390 0.01222 0.11940
0.31440 0.01227 0.11877
0.31491 0.01233 0.11704
0.31542 0.01235 0.11943
0.31592 0.01210 0.11576
0.31643 0.01208 0.12092
0.31694 0.01247 0.11968
0.31744 0.01224 0.12200
0.31795 0.01226 0.12070
0.31845 0.01217 0.12027
0.31896 0.01207 0.11991
0.31947 0.01218 0.11992
0.31998 0.01235 0.11888
0.32048 0.01215 0.12046
0.32099 0.01199 0.12047
0.32149 0.01218 0.12815
0.32200 0.01226 0.11911
0.32251 0.01210 0.12036
0.32301 0.01244 0.12515
0.32352 0.01243 0.12112
0.32403 0.01225 0.12153
0.32453 0.01229 0.12043
0.32504 0.01209 0.11915
0.32555 0.01210 0.12213
0.32605 0.01214 0.11671
0.32656 0.01222 0.12374
0.32707 0.01238 0.12323
0.32757 0.01208 0.11965
0.32808 0.01213 0.12031
0.32859 0.01215 0.12100
0.32909 0.01229 0.12145
0.32960 0.01217 0.11890
0.33010 0.01229 0.12215
0.33061 0.01230 0.12272
0.33112 0.01199 0.12145
0.33162 0.01208 0.12464
0.33213 0.01196 0.11994
0.33264 0.01218 0.12319
0.33314 0.01212 0.12083
0.33365 0.01226 0.12318
0.33416 0.01208 0.12043
0.33466 0.01197 0.12456
0.33517 0.01212 0.12124
0.33568 0.01215 0.12406
0.33618 0.01216 0.12485
0.33669 0.01229 0.12770
0.33720 0.01203 0.12226
0.33770 0.01228 0.12268
0.33821 0.01203 0.12526
0.33871 0.01201 0.12581
0.33922 0.01213 0.12206
0.33973 0.01215 0.12364
0.34024 0.01216 0.12311
0.34074 0.01205 0.12129
0.34125 0.01212 0.12540
0.34175 0.01239 0.12548
0.34226 0.01210 0.12397
0.34277 0.01196 0.12035
0.34327 0.01207 0.12656
0.34378 0.01190 0.12298
0.34429 0.01214 0.12517
0.34479 0.01229 0.12445
0.34530 0.01211 0.12480
0.34581 0.01193 0.12552
0.34631 0.01206 0.12394
0.34682 0.01207 0.12445
0.34732 0.01214 0.12689
0.34783 0.01209 0.12669
0.34834 0.01184 0.12401
0.34885 0.01213 0.12729
0.34935 0.01208 0.12544
0.34986 0.01216 0.12650
0.35036 0.01197 0.12745
0.35087 0.01202 0.12769
0.35138 0.01211 0.12867
0.35188 0.01219 0.12540
0.35239 0.01200 0.12773
0.35290 0.01202 0.13051
0.35340 0.01190 0.12234
0.35391 0.01210 0.12811
0.35442 0.01208 0.12853
0.35492 0.01209 0.12551
0.35543 0.01223 0.12271
0.35594 0.01207 0.12253
0.35644 0.01226 0.12265
0.35695 0.01187 0.11845
0.35746 0.01208 0.12026
0.35796 0.01217 0.12049
0.35847 0.01198 0.11803
0.35897 0.01210 0.11705
0.35948 0.01178 0.12134
0.35999 0.01197 0.12038
0.36049 0.01192 0.12169
0.36100 0.01198 0.12146
0.36151 0.01183 0.11915
0.36201 0.01195 0.12173
0.36252 0.01191 0.12087
0.36303 0.01194 0.11940
0.36353 0.01191 0.12137
0.36404 0.01209 0.12500
0.36455 0.01183 0.12027
0.36505 0.01202 0.12203
0.36556 0.01188 0.12281
0.36606 0.01177 0.12039
0.36657 0.01196 0.12075
0.36708 0.01165 0.12118
0.36758 0.01175 0.12029
0.36809 0.01171 0.12301
0.36860 0.01187 0.12246
0.36910 0.01183 0.12401
0.36961 0.01182 0.12302
0.37012 0.01179 0.12915
0.37062 0.01156 0.13078
0.37113 0.01164 0.12837
0.37163 0.01168 0.12697
0.37214 0.01165 0.13126
0.37265 0.01177 0.12600
0.37316 0.01178 0.12290
0.37366 0.01167 0.12507
0.37417 0.01169 0.12810
0.37467 0.01201 0.13118
0.37518 0.01192 0.13075
0.37569 0.01196 0.13364
0.37619 0.01195 0.13455
0.37670 0.01167 0.12697
0.37721 0.01180 0.13463
0.37771 0.01181 0.12970
0.37822 0.01197 0.13170
0.37872 0.01189 0.13456
0.37923 0.01180 0.13530
0.37974 0.01183 0.13711
0.38024 0.01169 0.13367
0.38075 0.01179 0.13734
0.38126 0.01190 0.13773
0.38176 0.01183 0.14148
0.38227 0.01167 0.13423
0.38278 0.01191 0.14094
0.38328 0.01184 0.13890
0.38379 0.01187 0.13931
0.38430 0.01193 0.14099
0.38480 0.01182 0.14636
0.38531 0.01205 0.14741
0.38582 0.01175 0.14054
0.38632 0.01183 0.14474
0.38683 0.01194 0.14254
0.38733 0.01194 0.14347
0.38784 0.01181 0.14251
0.38835 0.01174 0.14212
0.38885 0.01171 0.14799
0.38936 0.01195 0.14860
0.38987 0.01171 0.15376
0.39037 0.01165 0.14247
0.39088 0.01146 0.15147
0.39138 0.01172 0.15208
0.39189 0.01179 0.14901
0.39240 0.01163 0.15190
0.39291 0.01137 0.15188
0.39341 0.01168 0.14872
0.39392 0.01178 0.15150
0.39442 0.01155 0.16110
0.39493 0.01151 0.15610
0.39544 0.01176 0.15696
0.39594 0.01169 0.15694
0.39645 0.01176 0.15653
0.39696 0.01130 0.15713
0.39746 0.01158 0.15858
0.39797 0.01155 0.16028
0.39848 0.01168 0.15619
0.39898 0.01177 0.16533
0.39949 0.01150 0.15392
0.39999 0.01163 0.16347
0.40050 0.01173 0.15865
0.40101 0.01184 0.16422
0.40151 0.01154 0.16742
0.40202 0.01157 0.16794
0.40253 0.01155 0.16840
0.40303 0.01131 0.16091
0.40354 0.01155 0.15799
0.40404 0.01150 0.16751
0.40455 0.01142 0.16627
0.40506 0.01137 0.16859
0.40556 0.01165 0.16885
0.40607 0.01170 0.17024
0.40658 0.01167 0.17580
0.40708 0.01135 0.16267
0.40759 0.01133 0.16737
0.40810 0.01172 0.16747
0.40860 0.01150 0.16815
0.40911 0.01136 0.16685
0.40962 0.01148 0.16546
0.41012 0.01134 0.16917
0.41063 0.01178 0.17816
0.41113 0.01125 0.16802
0.41164 0.01151 0.17697
0.41215 0.01165 0.17183
0.41265 0.01155 0.17410
0.41316 0.01118 0.17042
0.41367 0.01109 0.18089
0.41417 0.01088 0.17077
0.41468 0.01092 0.16939
0.41519 0.01154 0.17746
0.41569 0.01117 0.18067
0.41620 0.01157 0.18359
0.41670 0.01148 0.17995
0.41721 0.01139 0.17854
0.41772 0.01126 0.18029
0.41822 0.01169 0.18169
0.41873 0.01138 0.18119
0.41924 0.01153 0.18349
0.41974 0.01135 0.18731
0.42025 0.01114 0.17426
0.42075 0.01104 0.17794
0.42126 0.01126 0.18792
0.42177 0.01117 0.17474
0.42227 0.01132 0.18262
0.42278 0.01128 0.18933
0.42329 0.01121 0.18465
0.42379 0.01108 0.18852
0.42430 0.01141 0.18914
0.42480 0.01141 0.19167
0.42531 0.01133 0.18219
0.42582 0.01099 0.18636
0.42632 0.01115 0.19567
0.42683 0.01163 0.19536
0.42734 0.01136 0.19789
0.42784 0.01144 0.19623
0.42835 0.01171 0.21046
0.42886 0.01105 0.18707
0.42936 0.01124 0.20953
0.42987 0.01154 0.20826
0.43038 0.01103 0.21122
0.43088 0.01106 0.19685
0.43139 0.01102 0.20006
0.43189 0.01127 0.20722
0.43240 0.01167 0.21613
0.43291 0.01122 0.20880
0.43341 0.01151 0.23215
0.43392 0.01134 0.21063
0.43443 0.01137 0.21840
0.43493 0.01072 0.21018
0.43544 0.01123 0.22570
0.43594 0.01135 0.22675
0.43645 0.01172 0.22662
0.43696 0.01156 0.22578
0.43746 0.01123 0.23020
0.43797 0.01116 0.22387
0.43848 0.01089 0.22654
0.43898 0.01088 0.23542
0.43949 0.01089 0.23606
0.44000 0.01163 0.23854
