0.00988 0.15551 85.36288
0.01039 0.10513 47.87470
0.01090 0.09953 48.01647
0.01140 0.08191 35.03865
0.01191 0.04875 20.79758
0.01242 0.05112 22.57722
0.01292 0.03974 13.76240
0.01343 0.03342 11.55451
0.01394 0.03006 8.23195
0.01444 0.02725 6.03864
0.01495 0.02224 3.78298
0.01546 0.02077 3.06243
0.01596 0.02005 2.10949
0.01647 0.01839 1.68784
0.01698 0.01733 1.45149
0.01748 0.01686 1.16903
0.01799 0.01554 1.12007
0.01850 0.01472 0.83928
0.01900 0.01363 0.72596
0.01951 0.01312 0.77856
0.02002 0.01265 0.67831
0.02052 0.01233 0.66284
0.02103 0.01145 0.65361
0.02154 0.01129 0.59333
0.02204 0.01120 0.57647
0.02255 0.01042 0.54129
0.02306 0.01025 0.52015
0.02356 0.01032 0.50793
0.02407 0.01034 0.49027
0.02458 0.00966 0.48768
0.02508 0.00952 0.48265
0.02559 0.00908 0.45422
0.02610 0.00920 0.44453
0.02661 0.00898 0.44148
0.02711 0.00911 0.45715
0.02762 0.00856 0.40414
0.02813 0.00854 0.40230
0.02863 0.00845 0.39457
0.02914 0.00842 0.41072
0.02965 0.00835 0.40211
0.03015 0.00834 0.40025
0.03066 0.00815 0.39696
0.03117 0.00809 0.38038
0.03167 0.00784 0.34528
0.03218 0.00769 0.36640
0.03269 0.00803 0.35791
0.03319 0.00771 0.33191
0.03370 0.00762 0.35156
0.03421 0.00757 0.32936
0.03471 0.00751 0.35916
0.03522 0.00730 0.32748
0.03573 0.00742 0.33485
0.03623 0.00726 0.33903
0.03674 0.00738 0.31929
0.03725 0.00749 0.31427
0.03775 0.00746 0.30812
0.03826 0.00721 0.32656
0.03877 0.00716 0.29180
0.03927 0.00726 0.30196
0.03978 0.00732 0.30826
0.04029 0.00705 0.30998
0.04079 0.00710 0.30772
0.04130 0.00685 0.28463
0.04181 0.00694 0.28704
0.04231 0.00702 0.30991
0.04282 0.00704 0.29984
0.04333 0.00715 0.29681
0.04384 0.00687 0.27553
0.04434 0.00698 0.27041
0.04485 0.00687 0.28868
0.04536 0.00709 0.28698
0.04586 0.00685 0.27818
0.04637 0.00688 0.26469
0.04688 0.00689 0.27963
0.04738 0.00669 0.27270
0.04789 0.00673 0.26929
0.04840 0.00682 0.26755
0.04890 0.00678 0.25567
0.04941 0.00674 0.27023
0.04992 0.00672 0.26618
0.05042 0.00680 0.27306
0.05093 0.00656 0.24460
0.05144 0.00657 0.24619
0.05194 0.00677 0.24956
0.05245 0.00678 0.25469
0.05296 0.00654 0.24113
0.05346 0.00666 0.23873
0.05397 0.00661 0.23844
0.05448 0.00653 0.24378
0.05498 0.00653 0.24548
0.05549 0.00673 0.24463
0.05600 0.00660 0.23782
0.05650 0.00662 0.23865
0.05701 0.00652 0.23698
0.05752 0.00656 0.24042
0.05803 0.00652 0.23990
0.05853 0.00643 0.23394
0.05904 0.00656 0.22690
0.05955 0.00647 0.22725
0.06005 0.00658 0.22660
0.06056 0.00644 0.23017
0.06107 0.00653 0.22917
0.06157 0.00644 0.22759
0.06208 0.00650 0.22038
0.06259 0.00633 0.22666
0.06309 0.00639 0.23927
0.06360 0.00640 0.21631
0.06411 0.00651 0.22400
0.06461 0.00631 0.21874
0.06512 0.00630 0.21394
0.06563 0.00646 0.22147
0.06613 0.00633 0.21364
0.06664 0.00626 0.21485
0.06715 0.00645 0.21411
0.06765 0.00643 0.21816
0.06816 0.00642 0.21933
0.06867 0.00623 0.20544
0.06917 0.00635 0.21936
0.06968 0.00636 0.20877
0.07019 0.00625 0.20796
0.07069 0.00637 0.21063
0.07120 0.00634 0.20612
0.07171 0.00629 0.21116
0.07222 0.00628 0.21073
0.07272 0.00639 0.20507
0.07323 0.00635 0.20195
0.07373 0.00619 0.20943
0.07424 0.00635 0.20099
0.07475 0.00617 0.20334
0.07526 0.00624 0.20052
0.07576 0.00630 0.20936
0.07627 0.00624 0.19703
0.07678 0.00639 0.20114
0.07728 0.00641 0.20002
0.07779 0.00624 0.19191
0.07830 0.00628 0.19688
0.07880 0.00623 0.19261
0.07931 0.00617 0.19699
0.07982 0.00626 0.19750
0.08032 0.00633 0.20066
0.08083 0.00639 0.19793
0.08134 0.00614 0.20233
0.08184 0.00626 0.19177
0.08235 0.00620 0.19738
0.08286 0.00625 0.20311
0.08336 0.00620 0.20613
0.08387 0.00626 0.20942
0.08438 0.00618 0.19644
0.08488 0.00604 0.20312
0.08539 0.00625 0.20320
0.08590 0.00619 0.20819
0.08640 0.00615 0.20160
0.08691 0.00608 0.20041
0.08742 0.00606 0.19234
0.08792 0.00633 0.19749
0.08843 0.00614 0.20296
0.08894 0.00610 0.20339
0.08944 0.00615 0.18994
0.08995 0.00602 0.19452
0.09046 0.00610 0.19646
0.09097 0.00614 0.19892
0.09147 0.00608 0.19448
0.09198 0.00608 0.19680
0.09248 0.00610 0.20460
0.09299 0.00624 0.19531
0.09350 0.00610 0.20253
0.09401 0.00595 0.19292
0.09451 0.00596 0.19266
0.09502 0.00613 0.19124
0.09552 0.00598 0.19157
0.09603 0.00616 0.19597
0.09654 0.00611 0.19323
0.09705 0.00591 0.19021
0.09755 0.00604 0.19309
0.09806 0.00605 0.18543
0.09857 0.00607 0.19874
0.09907 0.00603 0.19534
0.09958 0.00598 0.19508
0.10009 0.00608 0.19126
0.10059 0.00601 0.19410
0.10110 0.00594 0.19225
0.10161 0.00620 0.19072
0.10211 0.00603 0.19604
0.10262 0.00600 0.18784
0.10313 0.00618 0.19361
0.10363 0.00604 0.19812
0.10414 0.00603 0.20313
0.10465 0.00601 0.19452
0.10515 0.00594 0.18802
0.10566 0.00595 0.19313
0.10617 0.00606 0.18990
0.10667 0.00617 0.19460
0.10718 0.00605 0.19197
0.10769 0.00604 0.18457
0.10819 0.00605 0.18639
0.10870 0.00588 0.18027
0.10921 0.00591 0.17782
0.10971 0.00590 0.17797
0.11022 0.00590 0.18010
0.11073 0.00595 0.18018
0.11124 0.00587 0.17688
0.11174 0.00603 0.17842
0.11225 0.00589 0.17899
0.11275 0.00589 0.17105
0.11326 0.00585 0.17677
0.11377 0.00599 0.17328
0.11428 0.00603 0.17761
0.11478 0.00591 0.17149
0.11529 0.00584 0.16937
0.11579 0.00580 0.17624
0.11630 0.00590 0.16644
0.11681 0.00588 0.17168
0.11732 0.00592 0.17563
0.11782 0.00593 0.16802
0.11833 0.00598 0.16369
0.11884 0.00586 0.16318
0.11934 0.00595 0.16754
0.11985 0.00592 0.16747
0.12036 0.00586 0.16260
0.12086 0.00594 0.16505
0.12137 0.00586 0.16577
0.12188 0.00583 0.15791
0.12238 0.00590 0.16213
0.12289 0.00582 0.16289
0.12340 0.00587 0.16162
0.12390 0.00587 0.16436
0.12441 0.00585 0.15498
0.12492 0.00590 0.15971
0.12542 0.00590 0.16122
0.12593 0.00587 0.16085
0.12644 0.00585 0.16071
0.12694 0.00587 0.15671
0.12745 0.00570 0.15492
0.12796 0.00588 0.15377
0.12846 0.00594 0.15417
0.12897 0.00587 0.16057
0.12948 0.00584 0.15508
0.12998 0.00588 0.15539
0.13049 0.00582 0.15417
0.13100 0.00587 0.15599
0.13150 0.00583 0.15258
0.13201 0.00586 0.15240
0.13252 0.00582 0.15700
0.13302 0.00577 0.15082
0.13353 0.00574 0.15063
0.13404 0.00584 0.15163
0.13454 0.00582 0.14823
0.13505 0.00578 0.15392
0.13556 0.00589 0.15414
0.13606 0.00577 0.14740
0.13657 0.00576 0.14969
0.13708 0.00569 0.15053
0.13759 0.00562 0.14725
0.13809 0.00571 0.14609
0.13860 0.00576 0.14710
0.13911 0.00576 0.14828
0.13961 0.00582 0.14652
0.14012 0.00577 0.14462
0.14062 0.00577 0.14913
0.14113 0.00583 0.14379
0.14164 0.00573 0.14137
0.14214 0.00570 0.14307
0.14265 0.00583 0.14361
0.14316 0.00574 0.14214
0.14367 0.00577 0.14593
0.14417 0.00587 0.14641
0.14468 0.00571 0.14555
0.14519 0.00582 0.14790
0.14569 0.00571 0.14435
0.14620 0.00562 0.13848
0.14671 0.00580 0.14330
0.14721 0.00582 0.14434
0.14772 0.00575 0.13963
0.14823 0.00576 0.14244
0.14873 0.00574 0.13795
0.14924 0.00570 0.14043
0.14975 0.00572 0.14102
0.15025 0.00574 0.14033
0.15076 0.00574 0.14056
0.15127 0.00568 0.14143
0.15177 0.00571 0.13660
0.15228 0.00574 0.13978
0.15279 0.00562 0.14339
0.15329 0.00570 0.14093
0.15380 0.00568 0.13739
0.15431 0.00568 0.13765
0.15481 0.00574 0.13631
0.15532 0.00563 0.13631
0.15583 0.00571 0.13669
0.15633 0.00577 0.13867
0.15684 0.00573 0.13452
0.15735 0.00566 0.13641
0.15785 0.00570 0.13710
0.15836 0.00579 0.13742
0.15887 0.00564 0.13768
0.15937 0.00564 0.13442
0.15988 0.00563 0.13616
0.16039 0.00567 0.13527
0.16089 0.00562 0.13531
0.16140 0.00567 0.13476
0.16191 0.00564 0.13272
0.16241 0.00559 0.13240
0.16292 0.00555 0.13007
0.16343 0.00561 0.13082
0.16393 0.00573 0.13476
0.16444 0.00545 0.12974
0.16495 0.00553 0.12912
0.16545 0.00568 0.13016
0.16596 0.00558 0.13142
0.16647 0.00557 0.13099
0.16697 0.00566 0.13080
0.16748 0.00556 0.12987
0.16799 0.00552 0.12741
0.16850 0.00569 0.13275
0.16900 0.00557 0.13461
0.16951 0.00548 0.13144
0.17001 0.00558 0.13041
0.17052 0.00565 0.13307
0.17103 0.00559 0.13271
0.17153 0.00556 0.13198
0.17204 0.00558 0.13309
0.17255 0.00554 0.13157
0.17305 0.00562 0.13654
0.17356 0.00559 0.13547
0.17407 0.00553 0.13197
0.17458 0.00554 0.13180
0.17508 0.00559 0.13232
0.17559 0.00569 0.13671
0.17610 0.00562 0.13419
0.17660 0.00556 0.13533
0.17711 0.00564 0.13393
0.17761 0.00567 0.13618
0.17812 0.00548 0.13486
0.17863 0.00557 0.13650
0.17913 0.00556 0.13212
0.17964 0.00555 0.13204
0.18015 0.00560 0.13497
0.18066 0.00571 0.13196
0.18116 0.00546 0.13307
0.18167 0.00554 0.13763
0.18218 0.00556 0.13629
0.18268 0.00567 0.13815
0.18319 0.00563 0.13878
0.18369 0.00559 0.13751
0.18420 0.00556 0.13686
0.18471 0.00560 0.13915
0.18522 0.00560 0.14422
0.18572 0.00570 0.13939
0.18623 0.00555 0.14057
0.18674 0.00558 0.14187
0.18724 0.00558 0.14136
0.18775 0.00554 0.13949
0.18826 0.00545 0.13965
0.18876 0.00568 0.14135
0.18927 0.00550 0.14299
0.18978 0.00562 0.14336
0.19028 0.00561 0.13991
0.19079 0.00571 0.13893
0.19130 0.00559 0.14134
0.19180 0.00555 0.14204
0.19231 0.00564 0.14233
0.19282 0.00558 0.14427
0.19332 0.00557 0.14088
0.19383 0.00549 0.14476
0.19434 0.00562 0.14327
0.19484 0.00558 0.14772
0.19535 0.00556 0.13994
0.19586 0.00554 0.14541
0.19636 0.00543 0.14241
0.19687 0.00556 0.14658
0.19738 0.00559 0.14337
0.19788 0.00560 0.13952
0.19839 0.00557 0.14255
0.19890 0.00558 0.14562
0.19940 0.00552 0.14139
0.19991 0.00567 0.14695
0.20042 0.00555 0.14097
0.20092 0.00557 0.14554
0.20143 0.00552 0.14430
0.20194 0.00554 0.15015
0.20244 0.00554 0.14406
0.20295 0.00552 0.14659
0.20346 0.00549 0.14303
0.20396 0.00549 0.14623
0.20447 0.00555 0.14395
0.20498 0.00558 0.14645
0.20548 0.00552 0.14756
0.20599 0.00551 0.14804
0.20650 0.00545 0.14419
0.20700 0.00553 0.14366
0.20751 0.00557 0.15053
0.20802 0.00549 0.14302
0.20852 0.00544 0.14186
0.20903 0.00554 0.14556
0.20954 0.00551 0.14353
0.21004 0.00561 0.14547
0.21055 0.00545 0.14641
0.21106 0.00553 0.14766
0.21156 0.00550 0.14204
0.21207 0.00544 0.14769
0.21258 0.00541 0.14547
0.21308 0.00545 0.14373
0.21359 0.00551 0.14100
0.21410 0.00541 0.14565
0.21460 0.00541 0.14594
0.21511 0.00546 0.14440
0.21562 0.00541 0.14355
0.21612 0.00536 0.14505
0.21663 0.00550 0.14760
0.21714 0.00544 0.14482
0.21764 0.00549 0.15040
0.21815 0.00547 0.14585
0.21866 0.00532 0.14212
0.21916 0.00538 0.14188
0.21967 0.00537 0.14059
0.22018 0.00531 0.14211
0.22068 0.00546 0.13738
0.22119 0.00539 0.13896
0.22170 0.00541 0.14234
0.22220 0.00544 0.14222
0.22271 0.00543 0.14577
0.22322 0.00546 0.14622
0.22372 0.00536 0.14038
0.22423 0.00536 0.13950
0.22474 0.00549 0.14582
0.22524 0.00538 0.13666
0.22575 0.00525 0.13969
0.22626 0.00552 0.14510
0.22676 0.00537 0.14567
0.22727 0.00543 0.14152
0.22778 0.00548 0.13941
0.22828 0.00537 0.13993
0.22879 0.00526 0.13831
0.22930 0.00541 0.13847
0.22980 0.00528 0.13638
0.23031 0.00541 0.14326
0.23082 0.00533 0.13674
0.23132 0.00542 0.13980
0.23183 0.00541 0.13858
0.23234 0.00543 0.13893
0.23284 0.00535 0.13135
0.23335 0.00540 0.13417
0.23386 0.00536 0.13863
0.23436 0.00533 0.13533
0.23487 0.00536 0.13550
0.23538 0.00530 0.13067
0.23588 0.00533 0.13418
0.23639 0.00538 0.13435
0.23689 0.00541 0.13207
0.23740 0.00540 0.12998
0.23791 0.00535 0.13094
0.23841 0.00536 0.13304
0.23892 0.00534 0.13379
0.23943 0.00526 0.12936
0.23994 0.00532 0.12925
0.24044 0.00538 0.13149
0.24095 0.00536 0.13239
0.24146 0.00528 0.13102
0.24196 0.00540 0.13300
0.24247 0.00525 0.12953
0.24297 0.00526 0.12712
0.24348 0.00527 0.13023
0.24399 0.00536 0.12965
0.24449 0.00526 0.12797
0.24500 0.00525 0.12791
0.24551 0.00525 0.12635
0.24602 0.00528 0.12897
0.24652 0.00530 0.13243
0.24703 0.00527 0.12743
0.24753 0.00539 0.12912
0.24804 0.00534 0.12701
0.24855 0.00529 0.12553
0.24905 0.00522 0.12410
0.24956 0.00530 0.12583
0.25007 0.00533 0.12631
0.25057 0.00533 0.12685
0.25108 0.00532 0.12541
0.25159 0.00532 0.12389
0.25209 0.00534 0.12622
0.25260 0.00522 0.12482
0.25311 0.00520 0.12408
0.25361 0.00525 0.12367
0.25412 0.00527 0.12259
0.25463 0.00522 0.12216
0.25513 0.00529 0.12427
0.25564 0.00532 0.12472
0.25615 0.00523 0.12232
0.25665 0.00520 0.12091
0.25716 0.00513 0.12112
0.25767 0.00522 0.12131
0.25817 0.00520 0.12025
0.25868 0.00521 0.12207
0.25919 0.00533 0.12246
0.25969 0.00525 0.11920
0.26020 0.00529 0.12495
0.26071 0.00532 0.12211
0.26121 0.00529 0.11827
0.26172 0.00513 0.11800
0.26223 0.00522 0.11810
0.26273 0.00524 0.11978
0.26324 0.00523 0.11964
0.26375 0.00524 0.11961
0.26425 0.00528 0.11791
0.26476 0.00524 0.12022
0.26527 0.00517 0.11490
0.26577 0.00516 0.11818
0.26628 0.00526 0.11851
0.26679 0.00524 0.11897
0.26729 0.00533 0.12153
0.26780 0.00516 0.11610
0.26831 0.00531 0.11938
0.26881 0.00524 0.11786
0.26932 0.00519 0.11762
0.26982 0.00524 0.11639
0.27033 0.00523 0.11701
0.27084 0.00523 0.11686
0.27135 0.00522 0.11641
0.27185 0.00519 0.11722
0.27236 0.00514 0.11578
0.27287 0.00520 0.11486
0.27337 0.00524 0.11780
0.27388 0.00520 0.11602
0.27438 0.00521 0.11605
0.27489 0.00528 0.11664
0.27540 0.00515 0.11440
0.27590 0.00520 0.11730
0.27641 0.00519 0.11432
0.27692 0.00516 0.11127
0.27742 0.00525 0.11462
0.27793 0.00513 0.11305
0.27844 0.00521 0.11473
0.27894 0.00516 0.11289
0.27945 0.00517 0.11442
0.27996 0.00518 0.11165
0.28046 0.00511 0.11268
0.28097 0.00511 0.11243
0.28148 0.00517 0.11428
0.28198 0.00525 0.11591
0.28249 0.00510 0.11336
0.28300 0.00522 0.11390
0.28350 0.00518 0.11427
0.28401 0.00523 0.11381
0.28452 0.00510 0.11111
0.28502 0.00515 0.11280
0.28553 0.00513 0.11385
0.28604 0.00516 0.11163
0.28654 0.00514 0.11603
0.28705 0.00510 0.11473
0.28756 0.00513 0.11242
0.28806 0.00509 0.11023
0.28857 0.00512 0.11316
0.28908 0.00511 0.10989
0.28958 0.00504 0.11059
0.29009 0.00510 0.11101
0.29059 0.00509 0.11130
0.29110 0.00513 0.11298
0.29161 0.00519 0.11228
0.29212 0.00512 0.11165
0.29262 0.00514 0.11167
0.29313 0.00507 0.11141
0.29363 0.00506 0.11129
0.29414 0.00509 0.11291
0.29465 0.00509 0.11141
0.29515 0.00508 0.11305
0.29566 0.00508 0.11241
0.29617 0.00510 0.11412
0.29667 0.00506 0.11406
0.29718 0.00512 0.11250
0.29769 0.00504 0.10877
0.29819 0.00504 0.11048
0.29870 0.00509 0.11218
0.29921 0.00504 0.11471
0.29971 0.00509 0.10997
0.30022 0.00508 0.11145
0.30073 0.00505 0.11180
0.30123 0.00514 0.11293
0.30174 0.00502 0.11067
0.30225 0.00502 0.11059
0.30275 0.00501 0.11408
0.30326 0.00495 0.11189
0.30377 0.00503 0.11408
0.30427 0.00504 0.11141
0.30478 0.00509 0.11267
0.30528 0.00511 0.10992
0.30579 0.00492 0.10974
0.30630 0.00507 0.11190
0.30680 0.00506 0.10948
0.30731 0.00508 0.11190
0.30782 0.00506 0.10742
0.30832 0.00500 0.10866
0.30883 0.00502 0.10892
0.30934 0.00503 0.10894
0.30984 0.00505 0.11561
0.31035 0.00504 0.11539
0.31086 0.00503 0.11402
0.31136 0.00498 0.11409
0.31187 0.00499 0.11552
0.31238 0.00495 0.11238
0.31288 0.00499 0.11531
0.31339 0.00504 0.11470
0.31390 0.00503 0.11774
0.31440 0.00502 0.11690
0.31491 0.00504 0.11708
0.31542 0.00493 0.11707
0.31592 0.00493 0.11859
0.31643 0.00495 0.11697
0.31694 0.00506 0.12215
0.31744 0.00505 0.12005
0.31795 0.00499 0.11694
0.31845 0.00511 0.12386
0.31896 0.00502 0.11892
0.31947 0.00502 0.11794
0.31998 0.00498 0.11888
0.32048 0.00492 0.12117
0.32099 0.00493 0.12284
0.32149 0.00500 0.12090
0.32200 0.00499 0.12233
0.32251 0.00500 0.12212
0.32301 0.00503 0.12211
0.32352 0.00500 0.12125
0.32403 0.00501 0.12148
0.32453 0.00498 0.11966
0.32504 0.00484 0.12017
0.32555 0.00499 0.11783
0.32605 0.00490 0.11759
0.32656 0.00498 0.12214
0.32707 0.00489 0.11812
0.32757 0.00497 0.11981
0.32808 0.00501 0.11988
0.32859 0.00500 0.12066
0.32909 0.00499 0.12334
0.32960 0.00492 0.11967
0.33010 0.00500 0.11976
0.33061 0.00493 0.11877
0.33112 0.00501 0.12535
0.33162 0.00501 0.12005
0.33213 0.00501 0.12437
0.33264 0.00494 0.11856
0.33314 0.00502 0.12013
0.33365 0.00492 0.12066
0.33416 0.00507 0.12163
0.33466 0.00500 0.12192
0.33517 0.00511 0.12268
0.33568 0.00493 0.12584
0.33618 0.00503 0.12197
0.33669 0.00495 0.12536
0.33720 0.00496 0.12235
0.33770 0.00495 0.12268
0.33821 0.00505 0.12520
0.33871 0.00501 0.12379
0.33922 0.00496 0.12590
0.33973 0.00495 0.12530
0.34024 0.00501 0.12677
0.34074 0.00494 0.12538
0.34125 0.00497 0.12302
0.34175 0.00500 0.12530
0.34226 0.00496 0.12515
0.34277 0.00492 0.12360
0.34327 0.00497 0.12513
0.34378 0.00494 0.12328
0.34429 0.00494 0.12543
0.34479 0.00502 0.12369
0.34530 0.00492 0.12455
0.34581 0.00505 0.12732
0.34631 0.00499 0.12707
0.34682 0.00491 0.12486
0.34732 0.00497 0.12651
0.34783 0.00484 0.12262
0.34834 0.00498 0.12860
0.34885 0.00500 0.12837
0.34935 0.00493 0.12645
0.34986 0.00498 0.12472
0.35036 0.00491 0.12695
0.35087 0.00489 0.12733
0.35138 0.00482 0.12383
0.35188 0.00495 0.12381
0.35239 0.00492 0.12560
0.35290 0.00498 0.12646
0.35340 0.00492 0.12394
0.35391 0.00489 0.12731
0.35442 0.00492 0.12811
0.35492 0.00487 0.12324
0.35543 0.00496 0.12433
0.35594 0.00491 0.12406
0.35644 0.00490 0.11930
0.35695 0.00483 0.11693
0.35746 0.00491 0.11985
0.35796 0.00481 0.11764
0.35847 0.00495 0.11646
0.35897 0.00487 0.11883
0.35948 0.00494 0.12220
0.35999 0.00486 0.12162
0.36049 0.00492 0.12389
0.36100 0.00487 0.12206
0.36151 0.00486 0.12070
0.36201 0.00493 0.12223
0.36252 0.00492 0.12207
0.36303 0.00495 0.12072
0.36353 0.00482 0.11870
0.36404 0.00490 0.12158
0.36455 0.00494 0.12415
0.36505 0.00494 0.12410
0.36556 0.00488 0.12333
0.36606 0.00486 0.12100
0.36657 0.00487 0.12486
0.36708 0.00487 0.12343
0.36758 0.00495 0.12660
0.36809 0.00482 0.12465
0.36860 0.00482 0.12788
0.36910 0.00478 0.12459
0.36961 0.00480 0.12460
0.37012 0.00482 0.12753
0.37062 0.00475 0.12607
0.37113 0.00481 0.12583
0.37163 0.00479 0.12691
0.37214 0.00489 0.13374
0.37265 0.00477 0.12613
0.37316 0.00479 0.12800
0.37366 0.00492 0.13022
0.37417 0.00487 0.12787
0.37467 0.00482 0.13037
0.37518 0.00482 0.13076
0.37569 0.00480 0.13067
0.37619 0.00491 0.13277
0.37670 0.00483 0.13753
0.37721 0.00490 0.13338
0.37771 0.00477 0.13297
0.37822 0.00486 0.13609
0.37872 0.00497 0.14016
0.37923 0.00476 0.13086
0.37974 0.00479 0.13516
0.38024 0.00487 0.13568
0.38075 0.00486 0.13424
0.38126 0.00482 0.13884
0.38176 0.00477 0.13491
0.38227 0.00482 0.13749
0.38278 0.00484 0.13682
0.38328 0.00474 0.13664
0.38379 0.00484 0.14090
0.38430 0.00479 0.13767
0.38480 0.00472 0.14290
0.38531 0.00485 0.14296
0.38582 0.00483 0.14290
0.38632 0.00481 0.14447
0.38683 0.00483 0.14553
0.38733 0.00489 0.14500
0.38784 0.00475 0.14574
0.38835 0.00490 0.14793
0.38885 0.00480 0.14729
0.38936 0.00477 0.14268
0.38987 0.00483 0.14616
0.39037 0.00475 0.14121
0.39088 0.00479 0.14595
0.39138 0.00481 0.14500
0.39189 0.00475 0.14722
0.39240 0.00483 0.15229
0.39291 0.00477 0.15173
0.39341 0.00472 0.15617
0.39392 0.00483 0.14660
0.39442 0.00473 0.14854
0.39493 0.00499 0.16163
0.39544 0.00482 0.15398
0.39594 0.00466 0.15458
0.39645 0.00484 0.15660
0.39696 0.00483 0.15699
0.39746 0.00472 0.15976
0.39797 0.00478 0.15628
0.39848 0.00479 0.15940
0.39898 0.00469 0.15667
0.39949 0.00467 0.16013
0.39999 0.00463 0.15490
0.40050 0.00484 0.16255
0.40101 0.00479 0.16822
0.40151 0.00468 0.16422
0.40202 0.00478 0.16249
0.40253 0.00481 0.16757
0.40303 0.00472 0.16594
0.40354 0.00472 0.16295
0.40404 0.00464 0.17011
0.40455 0.00473 0.16650
0.40506 0.00472 0.16700
0.40556 0.00471 0.16397
0.40607 0.00482 0.17090
0.40658 0.00472 0.17588
0.40708 0.00476 0.16526
0.40759 0.00474 0.16003
0.40810 0.00469 0.17287
0.40860 0.00470 0.17034
0.40911 0.00477 0.16718
0.40962 0.00482 0.17316
0.41012 0.00465 0.17426
0.41063 0.00477 0.17593
0.41113 0.00454 0.16479
0.41164 0.00467 0.17072
0.41215 0.00462 0.16718
0.41265 0.00473 0.17395
0.41316 0.00460 0.17008
0.41367 0.00467 0.17492
0.41417 0.00475 0.18144
0.41468 0.00466 0.17683
0.41519 0.00460 0.18113
0.41569 0.00447 0.17493
0.41620 0.00452 0.17138
0.41670 0.00467 0.17650
0.41721 0.00468 0.17953
0.41772 0.00457 0.18508
0.41822 0.00464 0.18188
0.41873 0.00453 0.16948
0.41924 0.00462 0.17793
0.41974 0.00459 0.18651
0.42025 0.00469 0.17342
0.42075 0.00470 0.18189
0.42126 0.00475 0.17930
0.42177 0.00455 0.17491
0.42227 0.00463 0.17576
0.42278 0.00465 0.19006
0.42329 0.00460 0.18778
0.42379 0.00472 0.18708
0.42430 0.00459 0.19301
0.42480 0.00469 0.18959
0.42531 0.00456 0.19222
0.42582 0.00455 0.18821
0.42632 0.00443 0.18713
0.42683 0.00471 0.19153
0.42734 0.00470 0.20100
0.42784 0.00477 0.20095
0.42835 0.00464 0.20104
0.42886 0.00459 0.19324
0.42936 0.00456 0.19301
0.42987 0.00452 0.19818
0.43038 0.00465 0.20295
0.43088 0.00457 0.20277
0.43139 0.00456 0.20653
0.43189 0.00468 0.21925
0.43240 0.00436 0.20744
0.43291 0.00462 0.21183
0.43341 0.00455 0.20496
0.43392 0.00454 0.21327
0.43443 0.00456 0.21268
0.43493 0.00445 0.21846
0.43544 0.00461 0.21487
0.43594 0.00458 0.21990
0.43645 0.00456 0.22588
0.43696 0.00446 0.22056
0.43746 0.00453 0.22590
0.43797 0.00473 0.22944
0.43848 0.00470 0.23385
0.43898 0.00467 0.23491
0.43949 0.00441 0.22640
0.44000 0.00461 0.23311
