0.00988 0.07922 85.48408
0.01039 0.04734 48.77512
0.01090 0.05188 46.76724
0.01140 0.04365 37.16088
0.01191 0.02586 19.85872
0.01242 0.03015 22.24031
0.01292 0.02002 12.77841
0.01343 0.01670 11.46495
0.01394 0.01498 8.36393
0.01444 0.01420 6.30779
0.01495 0.01229 3.21108
0.01546 0.01141 2.98127
0.01596 0.01062 2.08652
0.01647 0.00973 1.85593
0.01698 0.00888 1.24808
0.01748 0.00829 1.29531
0.01799 0.00820 0.84049
0.01850 0.00774 0.84566
0.01900 0.00707 0.74958
0.01951 0.00693 0.70962
0.02002 0.00667 0.63042
0.02052 0.00642 0.57157
0.02103 0.00617 0.62287
0.02154 0.00599 0.57411
0.02204 0.00579 0.58615
0.02255 0.00572 0.58540
0.02306 0.00539 0.50933
0.02356 0.00549 0.52957
0.02407 0.00511 0.47597
0.02458 0.00535 0.51330
0.02508 0.00512 0.48489
0.02559 0.00501 0.44434
0.02610 0.00488 0.47777
0.02661 0.00469 0.45392
0.02711 0.00462 0.43333
0.02762 0.00472 0.44240
0.02813 0.00475 0.40867
0.02863 0.00445 0.39654
0.02914 0.00464 0.38919
0.02965 0.00445 0.38384
0.03015 0.00430 0.38335
0.03066 0.00429 0.35215
0.03117 0.00442 0.38588
0.03167 0.00429 0.36018
0.03218 0.00426 0.34847
0.03269 0.00417 0.38207
0.03319 0.00411 0.34946
0.03370 0.00412 0.34984
0.03421 0.00400 0.33329
0.03471 0.00413 0.33325
0.03522 0.00414 0.33855
0.03573 0.00395 0.32302
0.03623 0.00387 0.32532
0.03674 0.00393 0.33490
0.03725 0.00385 0.31401
0.03775 0.00401 0.33348
0.03826 0.00387 0.31902
0.03877 0.00397 0.32406
0.03927 0.00378 0.31548
0.03978 0.00370 0.30497
0.04029 0.00376 0.31279
0.04079 0.00366 0.30485
0.04130 0.00369 0.28430
0.04181 0.00390 0.30646
0.04231 0.00385 0.28193
0.04282 0.00378 0.28959
0.04333 0.00373 0.29925
0.04384 0.00374 0.30396
0.04434 0.00369 0.28677
0.04485 0.00366 0.27860
0.04536 0.00358 0.28718
0.04586 0.00365 0.27685
0.04637 0.00372 0.27948
0.04688 0.00365 0.26116
0.04738 0.00362 0.27236
0.04789 0.00353 0.25647
0.04840 0.00366 0.26428
0.04890 0.00355 0.26430
0.04941 0.00354 0.25852
0.04992 0.00347 0.25561
0.05042 0.00357 0.26117
0.05093 0.00353 0.25333
0.05144 0.00353 0.23247
0.05194 0.00365 0.26155
0.05245 0.00347 0.24651
0.05296 0.00350 0.25186
0.05346 0.00358 0.25046
0.05397 0.00366 0.25535
0.05448 0.00350 0.24659
0.05498 0.00347 0.23667
0.05549 0.00349 0.23992
0.05600 0.00344 0.24128
0.05650 0.00352 0.23464
0.05701 0.00352 0.23503
0.05752 0.00344 0.24384
0.05803 0.00355 0.23886
0.05853 0.00345 0.23256
0.05904 0.00345 0.22960
0.05955 0.00345 0.22979
0.06005 0.00342 0.22928
0.06056 0.00342 0.23475
0.06107 0.00345 0.23023
0.06157 0.00350 0.23061
0.06208 0.00354 0.23926
0.06259 0.00339 0.22039
0.06309 0.00337 0.23264
0.06360 0.00350 0.21683
0.06411 0.00352 0.22500
0.06461 0.00336 0.22230
0.06512 0.00332 0.21048
0.06563 0.00346 0.22070
0.06613 0.00336 0.22131
0.06664 0.00342 0.22479
0.06715 0.00329 0.20493
0.06765 0.00337 0.21364
0.06816 0.00343 0.21385
0.06867 0.00333 0.20833
0.06917 0.00334 0.21019
0.06968 0.00332 0.21317
0.07019 0.00336 0.21349
0.07069 0.00333 0.20505
0.07120 0.00339 0.21160
0.07171 0.00338 0.21243
0.07222 0.00338 0.21224
0.07272 0.00333 0.21355
0.07323 0.00332 0.20296
0.07373 0.00342 0.20846
0.07424 0.00330 0.20688
0.07475 0.00334 0.20692
0.07526 0.00327 0.19863
0.07576 0.00332 0.20378
0.07627 0.00331 0.19720
0.07678 0.00330 0.20552
0.07728 0.00324 0.20130
0.07779 0.00332 0.20654
0.07830 0.00337 0.20124
0.07880 0.00330 0.19398
0.07931 0.00337 0.20165
0.07982 0.00330 0.20064
0.08032 0.00331 0.20440
0.08083 0.00330 0.18764
0.08134 0.00330 0.19943
0.08184 0.00334 0.20340
0.08235 0.00332 0.20038
0.08286 0.00331 0.20315
0.08336 0.00322 0.19792
0.08387 0.00326 0.20074
0.08438 0.00329 0.20116
0.08488 0.00328 0.19242
0.08539 0.00325 0.20009
0.08590 0.00324 0.19252
0.08640 0.00330 0.19937
0.08691 0.00327 0.19764
0.08742 0.00331 0.19813
0.08792 0.00330 0.19725
0.08843 0.00327 0.19837
0.08894 0.00324 0.19392
0.08944 0.00323 0.19019
0.08995 0.00327 0.19858
0.09046 0.00322 0.19902
0.09097 0.00325 0.19532
0.09147 0.00325 0.19310
0.09198 0.00327 0.19148
0.09248 0.00324 0.20152
0.09299 0.00318 0.19397
0.09350 0.00328 0.19632
0.09401 0.00318 0.20104
0.09451 0.00317 0.19416
0.09502 0.00320 0.19206
0.09552 0.00320 0.19699
0.09603 0.00323 0.19605
0.09654 0.00316 0.19477
0.09705 0.00320 0.19759
0.09755 0.00320 0.19684
0.09806 0.00323 0.19209
0.09857 0.00320 0.20113
0.09907 0.00326 0.19544
0.09958 0.00325 0.20011
0.10009 0.00315 0.19569
0.10059 0.00326 0.19749
0.10110 0.00312 0.18918
0.10161 0.00316 0.19425
0.10211 0.00321 0.19428
0.10262 0.00320 0.19344
0.10313 0.00318 0.18831
0.10363 0.00318 0.19666
0.10414 0.00323 0.20281
0.10465 0.00320 0.18989
0.10515 0.00319 0.19163
0.10566 0.00315 0.19181
0.10617 0.00318 0.19649
0.10667 0.00321 0.18644
0.10718 0.00316 0.18317
0.10769 0.00316 0.17826
0.10819 0.00317 0.18625
0.10870 0.00317 0.18136
0.10921 0.00316 0.18141
0.10971 0.00313 0.18233
0.11022 0.00316 0.18041
0.11073 0.00317 0.17743
0.11124 0.00317 0.18176
0.11174 0.00320 0.17606
0.11225 0.00313 0.18143
0.11275 0.00311 0.17139
0.11326 0.00320 0.17551
0.11377 0.00312 0.17479
0.11428 0.00307 0.17361
0.11478 0.00309 0.17343
0.11529 0.00312 0.17133
0.11579 0.00315 0.17714
0.11630 0.00319 0.17595
0.11681 0.00312 0.17164
0.11732 0.00314 0.16951
0.11782 0.00316 0.16853
0.11833 0.00310 0.17209
0.11884 0.00313 0.16693
0.11934 0.00311 0.16831
0.11985 0.00307 0.16471
0.12036 0.00314 0.16591
0.12086 0.00308 0.16055
0.12137 0.00311 0.16409
0.12188 0.00310 0.15934
0.12238 0.00309 0.16134
0.12289 0.00317 0.16486
0.12340 0.00311 0.15851
0.12390 0.00307 0.16226
0.12441 0.00308 0.16463
0.12492 0.00305 0.15748
0.12542 0.00310 0.16162
0.12593 0.00312 0.16256
0.12644 0.00307 0.15511
0.12694 0.00311 0.16091
0.12745 0.00308 0.15708
0.12796 0.00310 0.15614
0.12846 0.00304 0.15347
0.12897 0.00308 0.15483
0.12948 0.00314 0.16038
0.12998 0.00306 0.15660
0.13049 0.00309 0.15887
0.13100 0.00305 0.15860
0.13150 0.00310 0.14952
0.13201 0.00315 0.15361
0.13252 0.00308 0.14994
0.13302 0.00304 0.14822
0.13353 0.00309 0.14820
0.13404 0.00307 0.14754
0.13454 0.00310 0.14887
0.13505 0.00310 0.14982
0.13556 0.00308 0.14749
0.13606 0.00314 0.14984
0.13657 0.00307 0.14416
0.13708 0.00307 0.15138
0.13759 0.00303 0.15296
0.13809 0.00309 0.15103
0.13860 0.00311 0.14598
0.13911 0.00302 0.14860
0.13961 0.00311 0.14686
0.14012 0.00305 0.14831
0.14062 0.00312 0.14986
0.14113 0.00305 0.14736
0.14164 0.00305 0.14665
0.14214 0.00305 0.14291
0.14265 0.00307 0.14563
0.14316 0.00308 0.14701
0.14367 0.00305 0.14699
0.14417 0.00300 0.14087
0.14468 0.00310 0.14496
0.14519 0.00303 0.13913
0.14569 0.00304 0.14254
0.14620 0.00299 0.13799
0.14671 0.00301 0.13958
0.14721 0.00295 0.14151
0.14772 0.00309 0.14370
0.14823 0.00303 0.13973
0.14873 0.00302 0.14195
0.14924 0.00304 0.14109
0.14975 0.00298 0.13680
0.15025 0.00303 0.14052
0.15076 0.00301 0.13750
0.15127 0.00301 0.13993
0.15177 0.00303 0.13703
0.15228 0.00304 0.14168
0.15279 0.00307 0.14405
0.15329 0.00303 0.13841
0.15380 0.00305 0.13770
0.15431 0.00299 0.13404
0.15481 0.00303 0.13393
0.15532 0.00309 0.13918
0.15583 0.00297 0.13557
0.15633 0.00305 0.13899
0.15684 0.00298 0.13694
0.15735 0.00298 0.13329
0.15785 0.00300 0.13225
0.15836 0.00301 0.13612
0.15887 0.00297 0.13574
0.15937 0.00301 0.13191
0.15988 0.00302 0.13476
0.16039 0.00296 0.13289
0.16089 0.00304 0.13078
0.16140 0.00302 0.13143
0.16191 0.00302 0.13475
0.16241 0.00299 0.13072
0.16292 0.00301 0.13331
0.16343 0.00304 0.13354
0.16393 0.00300 0.13438
0.16444 0.00295 0.13147
0.16495 0.00295 0.13005
0.16545 0.00303 0.12948
0.16596 0.00298 0.12630
0.16647 0.00299 0.13222
0.16697 0.00299 0.13184
0.16748 0.00298 0.12917
0.16799 0.00295 0.12986
0.16850 0.00295 0.12901
0.16900 0.00297 0.13343
0.16951 0.00297 0.13355
0.17001 0.00296 0.13052
0.17052 0.00299 0.13331
0.17103 0.00301 0.13698
0.17153 0.00298 0.13487
0.17204 0.00297 0.13235
0.17255 0.00297 0.13648
0.17305 0.00292 0.13239
0.17356 0.00294 0.13424
0.17407 0.00291 0.13507
0.17458 0.00297 0.13577
0.17508 0.00296 0.12887
0.17559 0.00295 0.13599
0.17610 0.00299 0.13576
0.17660 0.00296 0.13310
0.17711 0.00304 0.13616
0.17761 0.00296 0.13316
0.17812 0.00298 0.13190
0.17863 0.00295 0.13291
0.17913 0.00296 0.13474
0.17964 0.00295 0.13205
0.18015 0.00292 0.13036
0.18066 0.00294 0.13462
0.18116 0.00299 0.13500
0.18167 0.00295 0.13481
0.18218 0.00301 0.13544
0.18268 0.00296 0.13815
0.18319 0.00296 0.13747
0.18369 0.00296 0.13562
0.18420 0.00293 0.13707
0.18471 0.00291 0.13674
0.18522 0.00299 0.13699
0.18572 0.00292 0.13942
0.18623 0.00298 0.14126
0.18674 0.00293 0.13649
0.18724 0.00295 0.13761
0.18775 0.00300 0.14474
0.18826 0.00296 0.14587
0.18876 0.00292 0.13484
0.18927 0.00294 0.14420
0.18978 0.00294 0.13966
0.19028 0.00296 0.14339
0.19079 0.00296 0.14024
0.19130 0.00291 0.14478
0.19180 0.00296 0.14191
0.19231 0.00300 0.14150
0.19282 0.00292 0.14524
0.19332 0.00295 0.14065
0.19383 0.00289 0.14197
0.19434 0.00297 0.14441
0.19484 0.00293 0.14192
0.19535 0.00293 0.14406
0.19586 0.00297 0.14275
0.19636 0.00289 0.14143
0.19687 0.00297 0.14297
0.19738 0.00291 0.14330
0.19788 0.00296 0.14487
0.19839 0.00289 0.14778
0.19890 0.00295 0.14470
0.19940 0.00300 0.14811
0.19991 0.00292 0.14174
0.20042 0.00296 0.14776
0.20092 0.00290 0.14331
0.20143 0.00293 0.14877
0.20194 0.00294 0.14165
0.20244 0.00294 0.14728
0.20295 0.00289 0.14236
0.20346 0.00294 0.14677
0.20396 0.00287 0.14441
0.20447 0.00290 0.14631
0.20498 0.00291 0.14582
0.20548 0.00291 0.14642
0.20599 0.00291 0.14301
0.20650 0.00296 0.14469
0.20700 0.00291 0.14326
0.20751 0.00291 0.14583
0.20802 0.00291 0.14189
0.20852 0.00292 0.14437
0.20903 0.00287 0.14241
0.20954 0.00292 0.14563
0.21004 0.00289 0.14153
0.21055 0.00290 0.14526
0.21106 0.00294 0.14860
0.21156 0.00291 0.14423
0.21207 0.00288 0.14815
0.21258 0.00290 0.14824
0.21308 0.00288 0.14428
0.21359 0.00287 0.14494
0.21410 0.00290 0.14503
0.21460 0.00293 0.14866
0.21511 0.00289 0.14243
0.21562 0.00291 0.14240
0.21612 0.00287 0.14621
0.21663 0.00287 0.14781
0.21714 0.00288 0.14320
0.21764 0.00292 0.14408
0.21815 0.00288 0.14330
0.21866 0.00285 0.14344
0.21916 0.00288 0.14406
0.21967 0.00284 0.14468
0.22018 0.00288 0.14285
0.22068 0.00288 0.13946
0.22119 0.00289 0.14097
0.22170 0.00285 0.14083
0.22220 0.00286 0.14188
0.22271 0.00287 0.14021
0.22322 0.00294 0.14513
0.22372 0.00293 0.14604
0.22423 0.00283 0.14158
0.22474 0.00289 0.14073
0.22524 0.00284 0.14280
0.22575 0.00290 0.14355
0.22626 0.00285 0.14099
0.22676 0.00290 0.14287
0.22727 0.00287 0.14020
0.22778 0.00287 0.13857
0.22828 0.00283 0.13669
0.22879 0.00290 0.13689
0.22930 0.00286 0.13908
0.22980 0.00284 0.14220
0.23031 0.00284 0.14027
0.23082 0.00282 0.14047
0.23132 0.00285 0.13299
0.23183 0.00285 0.13799
0.23234 0.00293 0.13981
0.23284 0.00283 0.13275
0.23335 0.00282 0.13253
0.23386 0.00284 0.13088
0.23436 0.00289 0.13355
0.23487 0.00282 0.13129
0.23538 0.00289 0.13472
0.23588 0.00283 0.13392
0.23639 0.00289 0.13513
0.23689 0.00279 0.13310
0.23740 0.00285 0.13370
0.23791 0.00282 0.13254
0.23841 0.00279 0.12928
0.23892 0.00284 0.13341
0.23943 0.00280 0.13013
0.23994 0.00284 0.12981
0.24044 0.00280 0.12799
0.24095 0.00283 0.13303
0.24146 0.00283 0.13322
0.24196 0.00282 0.12980
0.24247 0.00281 0.12988
0.24297 0.00281 0.12884
0.24348 0.00278 0.13041
0.24399 0.00279 0.12793
0.24449 0.00281 0.12870
0.24500 0.00279 0.12736
0.24551 0.00285 0.13253
0.24602 0.00276 0.12865
0.24652 0.00279 0.12884
0.24703 0.00280 0.12808
0.24753 0.00284 0.12638
0.24804 0.00281 0.12887
0.24855 0.00283 0.12746
0.24905 0.00279 0.12221
0.24956 0.00281 0.12750
0.25007 0.00281 0.12826
0.25057 0.00280 0.12501
0.25108 0.00275 0.12508
0.25159 0.00282 0.12731
0.25209 0.00281 0.12751
0.25260 0.00280 0.12355
0.25311 0.00283 0.12598
0.25361 0.00278 0.12554
0.25412 0.00273 0.12510
0.25463 0.00280 0.12425
0.25513 0.00276 0.12184
0.25564 0.00284 0.12283
0.25615 0.00277 0.12500
0.25665 0.00280 0.12418
0.25716 0.00273 0.12238
0.25767 0.00278 0.12173
0.25817 0.00279 0.12203
0.25868 0.00279 0.12173
0.25919 0.00276 0.11655
0.25969 0.00278 0.12172
0.26020 0.00279 0.11898
0.26071 0.00280 0.11855
0.26121 0.00282 0.12076
0.26172 0.00278 0.12260
0.26223 0.00280 0.12066
0.26273 0.00276 0.11740
0.26324 0.00277 0.12198
0.26375 0.00277 0.11667
0.26425 0.00278 0.11936
0.26476 0.00275 0.11752
0.26527 0.00277 0.12116
0.26577 0.00282 0.12027
0.26628 0.00276 0.11652
0.26679 0.00278 0.11719
0.26729 0.00281 0.11712
0.26780 0.00279 0.11734
0.26831 0.00275 0.11681
0.26881 0.00275 0.11685
0.26932 0.00276 0.11683
0.26982 0.00277 0.11825
0.27033 0.00273 0.11676
0.27084 0.00276 0.11972
0.27135 0.00274 0.11659
0.27185 0.00273 0.11806
0.27236 0.00270 0.11774
0.27287 0.00274 0.11399
0.27337 0.00275 0.11500
0.27388 0.00278 0.11619
0.27438 0.00276 0.11648
0.27489 0.00275 0.11513
0.27540 0.00275 0.11381
0.27590 0.00279 0.11512
0.27641 0.00273 0.11397
0.27692 0.00274 0.11532
0.27742 0.00274 0.11731
0.27793 0.00276 0.11447
0.27844 0.00274 0.11506
0.27894 0.00278 0.11707
0.27945 0.00273 0.11471
0.27996 0.00274 0.11436
0.28046 0.00275 0.11280
0.28097 0.00273 0.11571
0.28148 0.00277 0.11531
0.28198 0.00272 0.11323
0.28249 0.00279 0.11542
0.28300 0.00276 0.11338
0.28350 0.00274 0.11367
0.28401 0.00268 0.11177
0.28452 0.00278 0.11080
0.28502 0.00272 0.11122
0.28553 0.00272 0.11207
0.28604 0.00274 0.10944
0.28654 0.00275 0.11066
0.28705 0.00273 0.11291
0.28756 0.00276 0.11070
0.28806 0.00270 0.11091
0.28857 0.00270 0.11155
0.28908 0.00276 0.11171
0.28958 0.00273 0.11378
0.29009 0.00274 0.11262
0.29059 0.00275 0.11108
0.29110 0.00268 0.11456
0.29161 0.00276 0.11298
0.29212 0.00268 0.11204
0.29262 0.00269 0.11315
0.29313 0.00273 0.10912
0.29363 0.00273 0.11384
0.29414 0.00274 0.11430
0.29465 0.00271 0.11088
0.29515 0.00266 0.11091
0.29566 0.00263 0.11082
0.29617 0.00273 0.11303
0.29667 0.00267 0.11192
0.29718 0.00272 0.11154
0.29769 0.00269 0.11065
0.29819 0.00268 0.11119
0.29870 0.00271 0.11200
0.29921 0.00269 0.11290
0.29971 0.00266 0.10799
0.30022 0.00267 0.10980
0.30073 0.00269 0.11238
0.30123 0.00265 0.10979
0.30174 0.00269 0.11299
0.30225 0.00268 0.11267
0.30275 0.00268 0.11137
0.30326 0.00263 0.10769
0.30377 0.00268 0.10961
0.30427 0.00268 0.11072
0.30478 0.00271 0.11102
0.30528 0.00266 0.10883
0.30579 0.00264 0.10973
0.30630 0.00268 0.11166
0.30680 0.00266 0.11201
0.30731 0.00266 0.11043
0.30782 0.00263 0.10764
0.30832 0.00268 0.11142
0.30883 0.00266 0.10985
0.30934 0.00263 0.10869
0.30984 0.00270 0.11235
0.31035 0.00265 0.11248
0.31086 0.00266 0.11192
0.31136 0.00269 0.11455
0.31187 0.00268 0.11772
0.31238 0.00268 0.11562
0.31288 0.00267 0.11943
0.31339 0.00266 0.11608
0.31390 0.00263 0.11637
0.31440 0.00269 0.12041
0.31491 0.00265 0.11877
0.31542 0.00266 0.11898
0.31592 0.00265 0.11771
0.31643 0.00267 0.11892
0.31694 0.00264 0.12021
0.31744 0.00262 0.11811
0.31795 0.00265 0.11941
0.31845 0.00264 0.11794
0.31896 0.00262 0.12269
0.31947 0.00269 0.11992
0.31998 0.00268 0.12030
0.32048 0.00269 0.12374
0.32099 0.00267 0.12442
0.32149 0.00265 0.12438
0.32200 0.00268 0.12192
0.32251 0.00266 0.12413
0.32301 0.00266 0.12153
0.32352 0.00262 0.12057
0.32403 0.00260 0.11703
0.32453 0.00266 0.12187
0.32504 0.00269 0.12402
0.32555 0.00264 0.11872
0.32605 0.00265 0.12317
0.32656 0.00265 0.12253
0.32707 0.00263 0.12282
0.32757 0.00269 0.12229
0.32808 0.00261 0.12217
0.32859 0.00263 0.11823
0.32909 0.00269 0.12206
0.32960 0.00260 0.12236
0.33010 0.00269 0.12556
0.33061 0.00268 0.12260
0.33112 0.00263 0.12580
0.33162 0.00266 0.12475
0.33213 0.00263 0.12021
0.33264 0.00265 0.12128
0.33314 0.00265 0.12459
0.33365 0.00264 0.11739
0.33416 0.00268 0.12531
0.33466 0.00267 0.12491
0.33517 0.00268 0.12230
0.33568 0.00268 0.12583
0.33618 0.00268 0.12084
0.33669 0.00264 0.12613
0.33720 0.00262 0.12324
0.33770 0.00265 0.12198
0.33821 0.00262 0.12672
0.33871 0.00262 0.12167
0.33922 0.00264 0.12691
0.33973 0.00263 0.12482
0.34024 0.00261 0.12775
0.34074 0.00266 0.12428
0.34125 0.00260 0.12157
0.34175 0.00261 0.12352
0.34226 0.00263 0.12399
0.34277 0.00265 0.12528
0.34327 0.00266 0.12617
0.34378 0.00264 0.12414
0.34429 0.00261 0.12085
0.34479 0.00260 0.12455
0.34530 0.00263 0.12620
0.34581 0.00263 0.12485
0.34631 0.00264 0.12114
0.34682 0.00257 0.12386
0.34732 0.00261 0.12678
0.34783 0.00266 0.12542
0.34834 0.00262 0.12790
0.34885 0.00261 0.12463
0.34935 0.00263 0.12572
0.34986 0.00265 0.12634
0.35036 0.00265 0.12549
0.35087 0.00258 0.12458
0.35138 0.00258 0.12366
0.35188 0.00262 0.12868
0.35239 0.00265 0.12569
0.35290 0.00261 0.12314
0.35340 0.00258 0.12457
0.35391 0.00261 0.12749
0.35442 0.00263 0.12834
0.35492 0.00261 0.12229
0.35543 0.00259 0.11845
0.35594 0.00260 0.12016
0.35644 0.00257 0.11957
0.35695 0.00260 0.11831
0.35746 0.00263 0.12088
0.35796 0.00260 0.11661
0.35847 0.00255 0.11873
0.35897 0.00260 0.12014
0.35948 0.00257 0.11954
0.35999 0.00260 0.12060
0.36049 0.00257 0.11816
0.36100 0.00262 0.12236
0.36151 0.00254 0.11770
0.36201 0.00260 0.11898
0.36252 0.00261 0.12096
0.36303 0.00261 0.12011
0.36353 0.00256 0.12106
0.36404 0.00260 0.12038
0.36455 0.00259 0.11937
0.36505 0.00261 0.12205
0.36556 0.00260 0.12303
0.36606 0.00256 0.12316
0.36657 0.00261 0.12491
0.36708 0.00260 0.12312
0.36758 0.00262 0.12394
0.36809 0.00261 0.12423
0.36860 0.00256 0.12263
0.36910 0.00253 0.12689
0.36961 0.00257 0.12956
0.37012 0.00254 0.12662
0.37062 0.00259 0.12984
0.37113 0.00253 0.12653
0.37163 0.00259 0.12797
0.37214 0.00257 0.12735
0.37265 0.00253 0.12567
0.37316 0.00259 0.12926
0.37366 0.00256 0.12529
0.37417 0.00252 0.12611
0.37467 0.00254 0.13198
0.37518 0.00250 0.12570
0.37569 0.00258 0.12801
0.37619 0.00257 0.13192
0.37670 0.00252 0.12991
0.37721 0.00259 0.13096
0.37771 0.00256 0.13553
0.37822 0.00254 0.13672
0.37872 0.00254 0.13348
0.37923 0.00254 0.13668
0.37974 0.00256 0.13835
0.38024 0.00253 0.13670
0.38075 0.00258 0.13806
0.38126 0.00254 0.13242
0.38176 0.00257 0.14202
0.38227 0.00258 0.13791
0.38278 0.00258 0.13798
0.38328 0.00263 0.13857
0.38379 0.00257 0.14093
0.38430 0.00253 0.13765
0.38480 0.00253 0.13728
0.38531 0.00254 0.14524
0.38582 0.00256 0.14289
0.38632 0.00257 0.14529
0.38683 0.00254 0.14688
0.38733 0.00259 0.14669
0.38784 0.00251 0.14616
0.38835 0.00254 0.14653
0.38885 0.00260 0.14459
0.38936 0.00256 0.14964
0.38987 0.00253 0.14594
0.39037 0.00257 0.15174
0.39088 0.00259 0.15095
0.39138 0.00248 0.14593
0.39189 0.00255 0.15068
0.39240 0.00250 0.15069
0.39291 0.00250 0.15048
0.39341 0.00254 0.15235
0.39392 0.00257 0.15229
0.39442 0.00249 0.15546
0.39493 0.00248 0.15377
0.39544 0.00253 0.16009
0.39594 0.00251 0.15589
0.39645 0.00254 0.15787
0.39696 0.00247 0.15407
0.39746 0.00252 0.15497
0.39797 0.00252 0.15821
0.39848 0.00250 0.15742
0.39898 0.00244 0.15559
0.39949 0.00251 0.15635
0.39999 0.00246 0.16295
0.40050 0.00256 0.16152
0.40101 0.00250 0.16244
0.40151 0.00254 0.16666
0.40202 0.00249 0.15586
0.40253 0.00248 0.16254
0.40303 0.00258 0.16645
0.40354 0.00255 0.16059
0.40404 0.00255 0.16517
0.40455 0.00255 0.16513
0.40506 0.00250 0.16901
0.40556 0.00251 0.16776
0.40607 0.00245 0.16877
0.40658 0.00250 0.17467
0.40708 0.00246 0.16379
0.40759 0.00250 0.17477
0.40810 0.00250 0.17635
0.40860 0.00257 0.17139
0.40911 0.00244 0.16815
0.40962 0.00244 0.17113
0.41012 0.00257 0.17390
0.41063 0.00248 0.17134
0.41113 0.00242 0.16682
0.41164 0.00247 0.17273
0.41215 0.00244 0.17017
0.41265 0.00252 0.17612
0.41316 0.00246 0.17511
0.41367 0.00240 0.17447
0.41417 0.00247 0.17999
0.41468 0.00249 0.17883
0.41519 0.00247 0.17961
0.41569 0.00249 0.18061
0.41620 0.00248 0.17383
0.41670 0.00242 0.17304
0.41721 0.00246 0.18430
0.41772 0.00248 0.18147
0.41822 0.00248 0.17829
0.41873 0.00253 0.18560
0.41924 0.00250 0.18638
0.41974 0.00252 0.17636
0.42025 0.00239 0.17208
0.42075 0.00243 0.18597
0.42126 0.00245 0.17628
0.42177 0.00243 0.17929
0.42227 0.00250 0.18689
0.42278 0.00243 0.17930
0.42329 0.00249 0.18355
0.42379 0.00244 0.18499
0.42430 0.00247 0.18960
0.42480 0.00245 0.19064
0.42531 0.00247 0.18288
0.42582 0.00243 0.19164
0.42632 0.00242 0.19825
0.42683 0.00248 0.18841
0.42734 0.00247 0.19368
0.42784 0.00245 0.19680
0.42835 0.00252 0.20243
0.42886 0.00236 0.19071
0.42936 0.00242 0.19824
0.42987 0.00248 0.20438
0.43038 0.00254 0.20216
0.43088 0.00245 0.19471
0.43139 0.00247 0.20821
0.43189 0.00243 0.19902
0.43240 0.00248 0.20708
0.43291 0.00243 0.20748
0.43341 0.00242 0.20132
0.43392 0.00256 0.22130
0.43443 0.00244 0.20842
0.43493 0.00244 0.21852
0.43544 0.00244 0.22715
0.43594 0.00245 0.22005
0.43645 0.00242 0.21954
0.43696 0.00249 0.22723
0.43746 0.00234 0.22783
0.43797 0.00249 0.23166
0.43848 0.00248 0.22620
0.43898 0.00249 0.23855
0.43949 0.00242 0.24291
0.44000 0.00251 0.24364
