0.00988 0.02795 83.14925
0.01039 0.01949 48.14259
0.01090 0.01810 46.86960
0.01140 0.01504 35.38866
0.01191 0.00877 22.12995
0.01242 0.01065 21.36153
0.01292 0.00708 12.55380
0.01343 0.00657 11.73859
0.01394 0.00522 7.44230
0.01444 0.00493 5.91646
0.01495 0.00467 3.24830
0.01546 0.00423 2.98760
0.01596 0.00380 2.43969
0.01647 0.00349 1.74921
0.01698 0.00323 1.23048
0.01748 0.00313 1.25404
0.01799 0.00299 0.99905
0.01850 0.00272 0.85478
0.01900 0.00258 0.88205
0.01951 0.00253 0.73715
0.02002 0.00224 0.66708
0.02052 0.00219 0.68995
0.02103 0.00220 0.59762
0.02154 0.00213 0.59232
0.02204 0.00204 0.59656
0.02255 0.00204 0.57042
0.02306 0.00198 0.54910
0.02356 0.00187 0.48884
0.02407 0.00187 0.51653
0.02458 0.00179 0.48804
0.02508 0.00176 0.46657
0.02559 0.00177 0.50242
0.02610 0.00174 0.47551
0.02661 0.00165 0.40910
0.02711 0.00169 0.43443
0.02762 0.00165 0.41884
0.02813 0.00158 0.40935
0.02863 0.00163 0.40247
0.02914 0.00158 0.38678
0.02965 0.00157 0.40789
0.03015 0.00153 0.38765
0.03066 0.00149 0.38601
0.03117 0.00149 0.38376
0.03167 0.00149 0.35257
0.03218 0.00146 0.34655
0.03269 0.00149 0.37406
0.03319 0.00143 0.35718
0.03370 0.00146 0.35492
0.03421 0.00147 0.37731
0.03471 0.00139 0.32091
0.03522 0.00142 0.32366
0.03573 0.00143 0.33607
0.03623 0.00136 0.32590
0.03674 0.00139 0.33592
0.03725 0.00141 0.34361
0.03775 0.00140 0.33566
0.03826 0.00134 0.32170
0.03877 0.00134 0.29445
0.03927 0.00136 0.31350
0.03978 0.00127 0.27960
0.04029 0.00130 0.31200
0.04079 0.00131 0.29844
0.04130 0.00134 0.30675
0.04181 0.00134 0.30037
0.04231 0.00129 0.28181
0.04282 0.00135 0.29119
0.04333 0.00132 0.29481
0.04384 0.00129 0.30206
0.04434 0.00129 0.29292
0.04485 0.00130 0.28078
0.04536 0.00132 0.28508
0.04586 0.00130 0.28778
0.04637 0.00127 0.26984
0.04688 0.00131 0.28593
0.04738 0.00133 0.28878
0.04789 0.00130 0.27479
0.04840 0.00125 0.26598
0.04890 0.00125 0.24828
0.04941 0.00129 0.25638
0.04992 0.00126 0.25925
0.05042 0.00125 0.26375
0.05093 0.00126 0.26241
0.05144 0.00127 0.25644
0.05194 0.00127 0.26341
0.05245 0.00125 0.25060
0.05296 0.00125 0.25272
0.05346 0.00130 0.23955
0.05397 0.00122 0.23988
0.05448 0.00120 0.24125
0.05498 0.00125 0.25196
0.05549 0.00122 0.25062
0.05600 0.00123 0.23175
0.05650 0.00122 0.23812
0.05701 0.00123 0.23858
0.05752 0.00125 0.22945
0.05803 0.00119 0.23336
0.05853 0.00124 0.23219
0.05904 0.00120 0.23041
0.05955 0.00124 0.23714
0.06005 0.00122 0.23423
0.06056 0.00120 0.24072
0.06107 0.00121 0.22554
0.06157 0.00121 0.23322
0.06208 0.00120 0.21929
0.06259 0.00120 0.23360
0.06309 0.00120 0.22596
0.06360 0.00121 0.23159
0.06411 0.00117 0.22172
0.06461 0.00121 0.21708
0.06512 0.00118 0.22073
0.06563 0.00120 0.22195
0.06613 0.00119 0.22119
0.06664 0.00121 0.21611
0.06715 0.00117 0.21177
0.06765 0.00118 0.21421
0.06816 0.00121 0.20862
0.06867 0.00118 0.21621
0.06917 0.00121 0.22287
0.06968 0.00119 0.21369
0.07019 0.00118 0.21132
0.07069 0.00123 0.21834
0.07120 0.00117 0.20164
0.07171 0.00120 0.21055
0.07222 0.00120 0.21534
0.07272 0.00118 0.20873
0.07323 0.00118 0.20542
0.07373 0.00118 0.20107
0.07424 0.00117 0.20645
0.07475 0.00117 0.19873
0.07526 0.00119 0.20848
0.07576 0.00119 0.19968
0.07627 0.00116 0.20246
0.07678 0.00117 0.19376
0.07728 0.00117 0.19721
0.07779 0.00116 0.19735
0.07830 0.00117 0.19523
0.07880 0.00120 0.19197
0.07931 0.00115 0.19833
0.07982 0.00117 0.19126
0.08032 0.00115 0.19599
0.08083 0.00116 0.19854
0.08134 0.00118 0.20435
0.08184 0.00115 0.20359
0.08235 0.00117 0.20573
0.08286 0.00116 0.20232
0.08336 0.00116 0.20525
0.08387 0.00115 0.21035
0.08438 0.00114 0.19683
0.08488 0.00118 0.20324
0.08539 0.00115 0.20010
0.08590 0.00115 0.19691
0.08640 0.00115 0.19790
0.08691 0.00115 0.19485
0.08742 0.00117 0.20429
0.08792 0.00115 0.20104
0.08843 0.00116 0.19481
0.08894 0.00113 0.19293
0.08944 0.00114 0.19874
0.08995 0.00116 0.19484
0.09046 0.00114 0.20297
0.09097 0.00114 0.19928
0.09147 0.00113 0.19678
0.09198 0.00114 0.20101
0.09248 0.00115 0.20085
0.09299 0.00114 0.20081
0.09350 0.00114 0.19872
0.09401 0.00113 0.19326
0.09451 0.00114 0.19370
0.09502 0.00112 0.19548
0.09552 0.00113 0.20720
0.09603 0.00115 0.19871
0.09654 0.00110 0.18977
0.09705 0.00113 0.19845
0.09755 0.00112 0.19176
0.09806 0.00114 0.19463
0.09857 0.00113 0.19639
0.09907 0.00111 0.19004
0.09958 0.00115 0.19410
0.10009 0.00113 0.18916
0.10059 0.00115 0.19117
0.10110 0.00113 0.18350
0.10161 0.00114 0.19297
0.10211 0.00113 0.18671
0.10262 0.00113 0.19073
0.10313 0.00114 0.19170
0.10363 0.00111 0.19802
0.10414 0.00114 0.19939
0.10465 0.00113 0.19768
0.10515 0.00113 0.20207
0.10566 0.00111 0.18676
0.10617 0.00111 0.18429
0.10667 0.00112 0.18945
0.10718 0.00110 0.18647
0.10769 0.00110 0.17678
0.10819 0.00112 0.18251
0.10870 0.00112 0.18271
0.10921 0.00110 0.18011
0.10971 0.00111 0.18072
0.11022 0.00113 0.18176
0.11073 0.00111 0.17164
0.11124 0.00111 0.17304
0.11174 0.00111 0.17399
0.11225 0.00112 0.17849
0.11275 0.00111 0.17369
0.11326 0.00113 0.17308
0.11377 0.00109 0.17640
0.11428 0.00111 0.17034
0.11478 0.00110 0.16958
0.11529 0.00113 0.17064
0.11579 0.00111 0.17847
0.11630 0.00111 0.16747
0.11681 0.00113 0.17140
0.11732 0.00110 0.16445
0.11782 0.00109 0.16889
0.11833 0.00110 0.16674
0.11884 0.00112 0.16266
0.11934 0.00111 0.16519
0.11985 0.00111 0.16317
0.12036 0.00110 0.16701
0.12086 0.00108 0.16170
0.12137 0.00111 0.16168
0.12188 0.00110 0.16527
0.12238 0.00109 0.16084
0.12289 0.00109 0.16498
0.12340 0.00111 0.16178
0.12390 0.00110 0.16200
0.12441 0.00110 0.16149
0.12492 0.00112 0.16483
0.12542 0.00111 0.16438
0.12593 0.00111 0.16184
0.12644 0.00110 0.15985
0.12694 0.00108 0.15604
0.12745 0.00111 0.15793
0.12796 0.00109 0.15225
0.12846 0.00109 0.15137
0.12897 0.00108 0.15668
0.12948 0.00109 0.15649
0.12998 0.00109 0.15763
0.13049 0.00110 0.15711
0.13100 0.00110 0.15298
0.13150 0.00110 0.15129
0.13201 0.00108 0.15096
0.13252 0.00109 0.15130
0.13302 0.00110 0.15300
0.13353 0.00108 0.14652
0.13404 0.00109 0.15045
0.13454 0.00110 0.14941
0.13505 0.00111 0.15188
0.13556 0.00110 0.15251
0.13606 0.00105 0.14775
0.13657 0.00108 0.14853
0.13708 0.00108 0.14601
0.13759 0.00109 0.15079
0.13809 0.00108 0.15006
0.13860 0.00108 0.14521
0.13911 0.00108 0.14341
0.13961 0.00106 0.14312
0.14012 0.00108 0.14546
0.14062 0.00108 0.15164
0.14113 0.00108 0.14939
0.14164 0.00108 0.14262
0.14214 0.00107 0.14156
0.14265 0.00107 0.14477
0.14316 0.00107 0.14256
0.14367 0.00111 0.14579
0.14417 0.00110 0.13970
0.14468 0.00108 0.14271
0.14519 0.00108 0.14326
0.14569 0.00107 0.14305
0.14620 0.00105 0.13804
0.14671 0.00107 0.14195
0.14721 0.00107 0.14274
0.14772 0.00106 0.14071
0.14823 0.00107 0.14121
0.14873 0.00108 0.14243
0.14924 0.00107 0.14390
0.14975 0.00106 0.13941
0.15025 0.00106 0.14231
0.15076 0.00106 0.13858
0.15127 0.00107 0.14092
0.15177 0.00107 0.13972
0.15228 0.00106 0.14074
0.15279 0.00106 0.13926
0.15329 0.00106 0.13999
0.15380 0.00108 0.13665
0.15431 0.00108 0.13498
0.15481 0.00105 0.14016
0.15532 0.00105 0.13650
0.15583 0.00105 0.13623
0.15633 0.00105 0.13584
0.15684 0.00107 0.13857
0.15735 0.00104 0.13493
0.15785 0.00105 0.13606
0.15836 0.00108 0.13715
0.15887 0.00107 0.13529
0.15937 0.00104 0.13087
0.15988 0.00104 0.13418
0.16039 0.00105 0.13541
0.16089 0.00107 0.13368
0.16140 0.00106 0.13450
0.16191 0.00106 0.13304
0.16241 0.00104 0.13286
0.16292 0.00106 0.13373
0.16343 0.00106 0.13197
0.16393 0.00105 0.13452
0.16444 0.00107 0.13466
0.16495 0.00104 0.13061
0.16545 0.00106 0.13174
0.16596 0.00106 0.13071
0.16647 0.00105 0.13063
0.16697 0.00106 0.12930
0.16748 0.00107 0.12984
0.16799 0.00107 0.12922
0.16850 0.00104 0.13144
0.16900 0.00106 0.13325
0.16951 0.00105 0.13309
0.17001 0.00105 0.13420
0.17052 0.00106 0.13026
0.17103 0.00105 0.13190
0.17153 0.00104 0.13501
0.17204 0.00104 0.13006
0.17255 0.00106 0.13571
0.17305 0.00104 0.13060
0.17356 0.00103 0.13189
0.17407 0.00106 0.13918
0.17458 0.00103 0.13551
0.17508 0.00106 0.13416
0.17559 0.00106 0.13220
0.17610 0.00106 0.13461
0.17660 0.00105 0.13206
0.17711 0.00106 0.13764
0.17761 0.00103 0.13543
0.17812 0.00105 0.13412
0.17863 0.00103 0.13167
0.17913 0.00103 0.13354
0.17964 0.00105 0.13489
0.18015 0.00105 0.13062
0.18066 0.00107 0.13472
0.18116 0.00105 0.13105
0.18167 0.00105 0.13543
0.18218 0.00104 0.13859
0.18268 0.00105 0.13692
0.18319 0.00105 0.13904
0.18369 0.00105 0.13458
0.18420 0.00103 0.13364
0.18471 0.00105 0.13963
0.18522 0.00106 0.13708
0.18572 0.00106 0.14360
0.18623 0.00104 0.14249
0.18674 0.00104 0.14143
0.18724 0.00104 0.13765
0.18775 0.00105 0.13756
0.18826 0.00106 0.14272
0.18876 0.00106 0.13980
0.18927 0.00103 0.14192
0.18978 0.00104 0.13945
0.19028 0.00103 0.13761
0.19079 0.00103 0.14152
0.19130 0.00103 0.14657
0.19180 0.00103 0.14002
0.19231 0.00104 0.14064
0.19282 0.00105 0.14131
0.19332 0.00104 0.14313
0.19383 0.00103 0.14364
0.19434 0.00103 0.14702
0.19484 0.00104 0.14020
0.19535 0.00103 0.14444
0.19586 0.00104 0.14315
0.19636 0.00105 0.14471
0.19687 0.00103 0.14531
0.19738 0.00104 0.14860
0.19788 0.00105 0.14442
0.19839 0.00104 0.14518
0.19890 0.00103 0.14587
0.19940 0.00105 0.14339
0.19991 0.00103 0.14204
0.20042 0.00104 0.14406
0.20092 0.00102 0.14270
0.20143 0.00104 0.15069
0.20194 0.00103 0.14377
0.20244 0.00103 0.14278
0.20295 0.00105 0.14807
0.20346 0.00102 0.14254
0.20396 0.00105 0.14907
0.20447 0.00103 0.14518
0.20498 0.00103 0.14243
0.20548 0.00103 0.14343
0.20599 0.00103 0.14737
0.20650 0.00103 0.14363
0.20700 0.00104 0.14825
0.20751 0.00103 0.14663
0.20802 0.00103 0.14452
0.20852 0.00104 0.14614
0.20903 0.00102 0.14346
0.20954 0.00103 0.14417
0.21004 0.00103 0.14667
0.21055 0.00102 0.14213
0.21106 0.00103 0.14526
0.21156 0.00102 0.14346
0.21207 0.00103 0.14095
0.21258 0.00103 0.14254
0.21308 0.00105 0.14650
0.21359 0.00101 0.14400
0.21410 0.00104 0.14740
0.21460 0.00102 0.14603
0.21511 0.00101 0.14111
0.21562 0.00102 0.14318
0.21612 0.00102 0.14587
0.21663 0.00103 0.14933
0.21714 0.00100 0.14064
0.21764 0.00101 0.14415
0.21815 0.00102 0.14022
0.21866 0.00102 0.14429
0.21916 0.00100 0.14214
0.21967 0.00103 0.14393
0.22018 0.00102 0.14315
0.22068 0.00102 0.14514
0.22119 0.00100 0.14437
0.22170 0.00104 0.14192
0.22220 0.00102 0.14184
0.22271 0.00102 0.14443
0.22322 0.00101 0.14268
0.22372 0.00101 0.14264
0.22423 0.00101 0.14473
0.22474 0.00100 0.14090
0.22524 0.00101 0.14830
0.22575 0.00101 0.14335
0.22626 0.00100 0.14109
0.22676 0.00102 0.14266
0.22727 0.00101 0.13980
0.22778 0.00101 0.13861
0.22828 0.00102 0.14143
0.22879 0.00099 0.13660
0.22930 0.00100 0.13341
0.22980 0.00100 0.13626
0.23031 0.00100 0.13955
0.23082 0.00100 0.13832
0.23132 0.00101 0.13684
0.23183 0.00100 0.13462
0.23234 0.00100 0.13789
0.23284 0.00101 0.13456
0.23335 0.00099 0.13410
0.23386 0.00100 0.13333
0.23436 0.00100 0.13411
0.23487 0.00100 0.13074
0.23538 0.00100 0.13321
0.23588 0.00101 0.13547
0.23639 0.00100 0.13467
0.23689 0.00100 0.13556
0.23740 0.00099 0.13537
0.23791 0.00101 0.13602
0.23841 0.00099 0.13281
0.23892 0.00101 0.13330
0.23943 0.00099 0.13213
0.23994 0.00098 0.13050
0.24044 0.00102 0.13385
0.24095 0.00099 0.13009
0.24146 0.00100 0.12912
0.24196 0.00099 0.12651
0.24247 0.00100 0.13190
0.24297 0.00100 0.12917
0.24348 0.00099 0.12821
0.24399 0.00100 0.12927
0.24449 0.00100 0.13129
0.24500 0.00098 0.13137
0.24551 0.00100 0.12876
0.24602 0.00099 0.13138
0.24652 0.00098 0.12528
0.24703 0.00100 0.12751
0.24753 0.00099 0.12656
0.24804 0.00099 0.12639
0.24855 0.00097 0.12335
0.24905 0.00097 0.12546
0.24956 0.00100 0.12810
0.25007 0.00101 0.12997
0.25057 0.00099 0.12287
0.25108 0.00100 0.12793
0.25159 0.00099 0.12786
0.25209 0.00098 0.12489
0.25260 0.00100 0.12692
0.25311 0.00100 0.12266
0.25361 0.00098 0.12757
0.25412 0.00101 0.12696
0.25463 0.00098 0.12643
0.25513 0.00099 0.12388
0.25564 0.00099 0.12611
0.25615 0.00098 0.12285
0.25665 0.00098 0.12294
0.25716 0.00099 0.12350
0.25767 0.00097 0.12196
0.25817 0.00099 0.12271
0.25868 0.00098 0.12387
0.25919 0.00097 0.12108
0.25969 0.00099 0.12198
0.26020 0.00098 0.12152
0.26071 0.00097 0.11974
0.26121 0.00098 0.11813
0.26172 0.00097 0.11885
0.26223 0.00097 0.12018
0.26273 0.00098 0.11554
0.26324 0.00097 0.12045
0.26375 0.00098 0.12066
0.26425 0.00098 0.12054
0.26476 0.00099 0.12216
0.26527 0.00098 0.12071
0.26577 0.00098 0.11657
0.26628 0.00097 0.11733
0.26679 0.00098 0.11928
0.26729 0.00098 0.11836
0.26780 0.00098 0.11681
0.26831 0.00098 0.11621
0.26881 0.00096 0.11608
0.26932 0.00098 0.11728
0.26982 0.00097 0.11700
0.27033 0.00098 0.11992
0.27084 0.00098 0.11742
0.27135 0.00098 0.11494
0.27185 0.00099 0.11687
0.27236 0.00097 0.11673
0.27287 0.00096 0.11310
0.27337 0.00095 0.11510
0.27388 0.00099 0.11567
0.27438 0.00097 0.11814
0.27489 0.00098 0.11665
0.27540 0.00099 0.11762
0.27590 0.00098 0.11747
0.27641 0.00099 0.11651
0.27692 0.00098 0.11566
0.27742 0.00096 0.11308
0.27793 0.00096 0.11401
0.27844 0.00097 0.11416
0.27894 0.00098 0.11613
0.27945 0.00098 0.11561
0.27996 0.00097 0.11279
0.28046 0.00096 0.11454
0.28097 0.00096 0.11053
0.28148 0.00097 0.11419
0.28198 0.00097 0.11432
0.28249 0.00096 0.11458
0.28300 0.00098 0.11488
0.28350 0.00097 0.11065
0.28401 0.00097 0.11372
0.28452 0.00097 0.11230
0.28502 0.00097 0.11396
0.28553 0.00096 0.11361
0.28604 0.00097 0.11097
0.28654 0.00095 0.11129
0.28705 0.00096 0.11230
0.28756 0.00096 0.11302
0.28806 0.00096 0.11163
0.28857 0.00097 0.11144
0.28908 0.00096 0.11216
0.28958 0.00096 0.11194
0.29009 0.00095 0.11145
0.29059 0.00095 0.11366
0.29110 0.00096 0.11287
0.29161 0.00096 0.11182
0.29212 0.00096 0.11282
0.29262 0.00095 0.11272
0.29313 0.00095 0.11109
0.29363 0.00094 0.11231
0.29414 0.00097 0.11343
0.29465 0.00096 0.11297
0.29515 0.00094 0.11091
0.29566 0.00096 0.11439
0.29617 0.00096 0.11396
0.29667 0.00094 0.10924
0.29718 0.00095 0.11313
0.29769 0.00092 0.11015
0.29819 0.00094 0.11164
0.29870 0.00095 0.11035
0.29921 0.00094 0.11135
0.29971 0.00095 0.10875
0.30022 0.00095 0.11186
0.30073 0.00095 0.11433
0.30123 0.00096 0.11420
0.30174 0.00096 0.11495
0.30225 0.00095 0.11102
0.30275 0.00094 0.11212
0.30326 0.00095 0.11305
0.30377 0.00094 0.10763
0.30427 0.00096 0.10970
0.30478 0.00094 0.11136
0.30528 0.00095 0.11054
0.30579 0.00094 0.11148
0.30630 0.00094 0.11275
0.30680 0.00095 0.10921
0.30731 0.00095 0.11300
0.30782 0.00095 0.11059
0.30832 0.00094 0.10952
0.30883 0.00094 0.10998
0.30934 0.00093 0.10988
0.30984 0.00093 0.11103
0.31035 0.00095 0.11441
0.31086 0.00094 0.11615
0.31136 0.00095 0.11523
0.31187 0.00094 0.11822
0.31238 0.00094 0.11725
0.31288 0.00094 0.11705
0.31339 0.00093 0.11665
0.31390 0.00093 0.11882
0.31440 0.00096 0.11860
0.31491 0.00093 0.11493
0.31542 0.00093 0.12155
0.31592 0.00093 0.11907
0.31643 0.00093 0.11897
0.31694 0.00095 0.12355
0.31744 0.00094 0.11951
0.31795 0.00094 0.12463
0.31845 0.00093 0.12017
0.31896 0.00094 0.12094
0.31947 0.00094 0.12290
0.31998 0.00093 0.11759
0.32048 0.00093 0.12181
0.32099 0.00093 0.12296
0.32149 0.00095 0.12768
0.32200 0.00093 0.12013
0.32251 0.00094 0.12313
0.32301 0.00096 0.12235
0.32352 0.00093 0.11814
0.32403 0.00094 0.12233
0.32453 0.00095 0.12299
0.32504 0.00095 0.12355
0.32555 0.00093 0.12116
0.32605 0.00093 0.12032
0.32656 0.00093 0.12052
0.32707 0.00093 0.12043
0.32757 0.00091 0.12088
0.32808 0.00094 0.12121
0.32859 0.00092 0.12187
0.32909 0.00093 0.12123
0.32960 0.00092 0.12295
0.33010 0.00091 0.11804
0.33061 0.00092 0.11855
0.33112 0.00094 0.12621
0.33162 0.00095 0.12154
0.33213 0.00094 0.12042
0.33264 0.00096 0.12484
0.33314 0.00095 0.12378
0.33365 0.00095 0.12629
0.33416 0.00094 0.12455
0.33466 0.00094 0.12424
0.33517 0.00095 0.12327
0.33568 0.00090 0.12131
0.33618 0.00093 0.12405
0.33669 0.00093 0.12189
0.33720 0.00093 0.12378
0.33770 0.00091 0.12437
0.33821 0.00093 0.12588
0.33871 0.00091 0.12330
0.33922 0.00092 0.12376
0.33973 0.00093 0.12485
0.34024 0.00093 0.12602
0.34074 0.00093 0.12537
0.34125 0.00094 0.12525
0.34175 0.00094 0.12705
0.34226 0.00094 0.12673
0.34277 0.00093 0.12433
0.34327 0.00092 0.12405
0.34378 0.00094 0.12529
0.34429 0.00094 0.12746
0.34479 0.00092 0.12208
0.34530 0.00094 0.12751
0.34581 0.00092 0.12407
0.34631 0.00091 0.12648
0.34682 0.00092 0.12624
0.34732 0.00092 0.12416
0.34783 0.00092 0.12779
0.34834 0.00094 0.12650
0.34885 0.00091 0.12620
0.34935 0.00093 0.12260
0.34986 0.00092 0.12480
0.35036 0.00093 0.12643
0.35087 0.00094 0.12712
0.35138 0.00092 0.12509
0.35188 0.00092 0.12544
0.35239 0.00093 0.12849
0.35290 0.00093 0.12729
0.35340 0.00094 0.13000
0.35391 0.00093 0.12486
0.35442 0.00093 0.12560
0.35492 0.00091 0.12394
0.35543 0.00092 0.12327
0.35594 0.00091 0.11879
0.35644 0.00092 0.12209
0.35695 0.00092 0.11815
0.35746 0.00091 0.11811
0.35796 0.00093 0.12117
0.35847 0.00092 0.11868
0.35897 0.00094 0.11879
0.35948 0.00092 0.11890
0.35999 0.00091 0.11975
0.36049 0.00092 0.11977
0.36100 0.00092 0.12426
0.36151 0.00092 0.12207
0.36201 0.00092 0.12295
0.36252 0.00092 0.11903
0.36303 0.00093 0.12282
0.36353 0.00091 0.12044
0.36404 0.00092 0.12369
0.36455 0.00091 0.11952
0.36505 0.00093 0.12295
0.36556 0.00091 0.12064
0.36606 0.00090 0.12209
0.36657 0.00092 0.12201
0.36708 0.00092 0.12497
0.36758 0.00091 0.12189
0.36809 0.00091 0.12376
0.36860 0.00090 0.12433
0.36910 0.00092 0.12820
0.36961 0.00090 0.12838
0.37012 0.00092 0.13264
0.37062 0.00090 0.12642
0.37113 0.00092 0.12668
0.37163 0.00089 0.12946
0.37214 0.00091 0.12816
0.37265 0.00090 0.12938
0.37316 0.00091 0.12931
0.37366 0.00091 0.13056
0.37417 0.00092 0.13323
0.37467 0.00091 0.13100
0.37518 0.00091 0.12930
0.37569 0.00090 0.13051
0.37619 0.00091 0.13411
0.37670 0.00089 0.12686
0.37721 0.00091 0.13289
0.37771 0.00089 0.12582
0.37822 0.00091 0.13220
0.37872 0.00091 0.13342
0.37923 0.00089 0.13452
0.37974 0.00089 0.13416
0.38024 0.00090 0.13276
0.38075 0.00090 0.13486
0.38126 0.00090 0.13591
0.38176 0.00089 0.13944
0.38227 0.00088 0.13631
0.38278 0.00090 0.13828
0.38328 0.00091 0.13770
0.38379 0.00090 0.13801
0.38430 0.00090 0.14239
0.38480 0.00090 0.14215
0.38531 0.00089 0.14414
0.38582 0.00090 0.14469
0.38632 0.00091 0.14369
0.38683 0.00089 0.14261
0.38733 0.00089 0.14744
0.38784 0.00090 0.14127
0.38835 0.00091 0.14646
0.38885 0.00088 0.14106
0.38936 0.00089 0.14702
0.38987 0.00089 0.14863
0.39037 0.00089 0.15114
0.39088 0.00090 0.14853
0.39138 0.00089 0.14649
0.39189 0.00088 0.15165
0.39240 0.00092 0.14926
0.39291 0.00088 0.14991
0.39341 0.00087 0.15167
0.39392 0.00090 0.15512
0.39442 0.00091 0.16592
0.39493 0.00089 0.15085
0.39544 0.00090 0.15849
0.39594 0.00091 0.15646
0.39645 0.00092 0.16181
0.39696 0.00089 0.15369
0.39746 0.00088 0.16125
0.39797 0.00090 0.16577
0.39848 0.00090 0.15683
0.39898 0.00089 0.16128
0.39949 0.00087 0.15591
0.39999 0.00090 0.16216
0.40050 0.00087 0.15775
0.40101 0.00088 0.15840
0.40151 0.00089 0.16926
0.40202 0.00085 0.15728
0.40253 0.00089 0.16337
0.40303 0.00087 0.16338
0.40354 0.00091 0.16787
0.40404 0.00088 0.17217
0.40455 0.00088 0.16727
0.40506 0.00089 0.15771
0.40556 0.00087 0.16712
0.40607 0.00087 0.17165
0.40658 0.00089 0.16352
0.40708 0.00089 0.16600
0.40759 0.00086 0.16813
0.40810 0.00087 0.16898
0.40860 0.00089 0.16999
0.40911 0.00085 0.16695
0.40962 0.00087 0.16870
0.41012 0.00088 0.16618
0.41063 0.00090 0.17279
0.41113 0.00086 0.16964
0.41164 0.00086 0.17223
0.41215 0.00090 0.17278
0.41265 0.00087 0.17026
0.41316 0.00087 0.17149
0.41367 0.00085 0.17272
0.41417 0.00084 0.16837
0.41468 0.00087 0.17360
0.41519 0.00087 0.17421
0.41569 0.00084 0.17957
0.41620 0.00087 0.17842
0.41670 0.00087 0.17461
0.41721 0.00088 0.17736
0.41772 0.00086 0.17629
0.41822 0.00085 0.17734
0.41873 0.00088 0.17777
0.41924 0.00088 0.18847
0.41974 0.00083 0.17974
0.42025 0.00086 0.17557
0.42075 0.00087 0.17989
0.42126 0.00087 0.17903
0.42177 0.00089 0.18221
0.42227 0.00085 0.19283
0.42278 0.00084 0.18233
0.42329 0.00087 0.18808
0.42379 0.00086 0.18289
0.42430 0.00085 0.18695
0.42480 0.00083 0.18264
0.42531 0.00084 0.18149
0.42582 0.00083 0.18382
0.42632 0.00086 0.19669
0.42683 0.00086 0.19277
0.42734 0.00086 0.18745
0.42784 0.00086 0.19637
0.42835 0.00087 0.20455
0.42886 0.00086 0.20069
0.42936 0.00088 0.19355
0.42987 0.00088 0.20795
0.43038 0.00087 0.19915
0.43088 0.00086 0.19570
0.43139 0.00087 0.20022
0.43189 0.00086 0.21865
0.43240 0.00086 0.21012
0.43291 0.00086 0.21087
0.43341 0.00085 0.21164
0.43392 0.00086 0.22000
0.43443 0.00089 0.21298
0.43493 0.00087 0.22425
0.43544 0.00086 0.21337
0.43594 0.00087 0.21666
0.43645 0.00088 0.22559
0.43696 0.00083 0.22828
0.43746 0.00087 0.22752
0.43797 0.00083 0.23178
0.43848 0.00085 0.23482
0.43898 0.00087 0.21949
0.43949 0.00087 0.23085
0.44000 0.00083 0.22786
