0.00988 0.22712 85.11472
0.01039 0.15500 47.90699
0.01090 0.14469 46.08313
0.01140 0.12104 33.86093
0.01191 0.07231 21.27522
0.01242 0.08500 20.58222
0.01292 0.05917 12.40401
0.01343 0.05340 11.64504
0.01394 0.04431 7.54541
0.01444 0.03948 6.28931
0.01495 0.03639 3.54112
0.01546 0.03229 2.91876
0.01596 0.03132 2.42434
0.01647 0.02721 1.73972
0.01698 0.02617 1.43474
0.01748 0.02556 1.40453
0.01799 0.02389 0.96274
0.01850 0.02193 0.79611
0.01900 0.02168 0.77536
0.01951 0.02056 0.72890
0.02002 0.01891 0.67260
0.02052 0.01797 0.64172
0.02103 0.01817 0.62375
0.02154 0.01670 0.58509
0.02204 0.01669 0.57426
0.02255 0.01628 0.55153
0.02306 0.01601 0.53466
0.02356 0.01532 0.55604
0.02407 0.01550 0.51600
0.02458 0.01462 0.47702
0.02508 0.01430 0.45316
0.02559 0.01384 0.50777
0.02610 0.01395 0.46353
0.02661 0.01350 0.42541
0.02711 0.01311 0.39932
0.02762 0.01286 0.40970
0.02813 0.01274 0.40054
0.02863 0.01302 0.39753
0.02914 0.01304 0.41148
0.02965 0.01264 0.39219
0.03015 0.01248 0.36327
0.03066 0.01241 0.37398
0.03117 0.01224 0.35280
0.03167 0.01195 0.35478
0.03218 0.01220 0.36335
0.03269 0.01205 0.35758
0.03319 0.01202 0.34731
0.03370 0.01159 0.33077
0.03421 0.01141 0.33431
0.03471 0.01174 0.34181
0.03522 0.01145 0.32280
0.03573 0.01131 0.30557
0.03623 0.01146 0.33779
0.03674 0.01151 0.33208
0.03725 0.01137 0.31116
0.03775 0.01112 0.31751
0.03826 0.01100 0.30317
0.03877 0.01121 0.30940
0.03927 0.01096 0.30734
0.03978 0.01048 0.31047
0.04029 0.01096 0.29743
0.04079 0.01067 0.28791
0.04130 0.01084 0.29074
0.04181 0.01064 0.29477
0.04231 0.01058 0.28559
0.04282 0.01081 0.28264
0.04333 0.01034 0.29179
0.04384 0.01035 0.29601
0.04434 0.01046 0.27180
0.04485 0.01028 0.28347
0.04536 0.01012 0.28315
0.04586 0.01051 0.28142
0.04637 0.01012 0.27339
0.04688 0.01002 0.26419
0.04738 0.01048 0.26895
0.04789 0.01013 0.27032
0.04840 0.01039 0.28032
0.04890 0.01032 0.26758
0.04941 0.01018 0.27175
0.04992 0.01026 0.26151
0.05042 0.01000 0.27537
0.05093 0.00994 0.24019
0.05144 0.01024 0.25661
0.05194 0.01004 0.25737
0.05245 0.00987 0.25685
0.05296 0.01007 0.24220
0.05346 0.01005 0.24566
0.05397 0.00978 0.23891
0.05448 0.00995 0.23189
0.05498 0.00991 0.23683
0.05549 0.01013 0.24517
0.05600 0.00992 0.24137
0.05650 0.00977 0.24358
0.05701 0.00991 0.23302
0.05752 0.00985 0.23767
0.05803 0.00993 0.24107
0.05853 0.00985 0.24019
0.05904 0.00976 0.22574
0.05955 0.00978 0.23600
0.06005 0.01000 0.23578
0.06056 0.00963 0.22474
0.06107 0.00967 0.22044
0.06157 0.00984 0.22748
0.06208 0.00977 0.21688
0.06259 0.00967 0.22563
0.06309 0.00985 0.22670
0.06360 0.00979 0.22220
0.06411 0.00977 0.22622
0.06461 0.00956 0.21326
0.06512 0.00950 0.21734
0.06563 0.00975 0.21899
0.06613 0.00976 0.21768
0.06664 0.00943 0.21814
0.06715 0.00957 0.21427
0.06765 0.00970 0.21020
0.06816 0.00977 0.21806
0.06867 0.00957 0.21048
0.06917 0.00961 0.22176
0.06968 0.00933 0.21272
0.07019 0.00958 0.20830
0.07069 0.00965 0.21150
0.07120 0.00949 0.21000
0.07171 0.00947 0.21651
0.07222 0.00934 0.20579
0.07272 0.00962 0.20237
0.07323 0.00965 0.20816
0.07373 0.00958 0.20374
0.07424 0.00940 0.19687
0.07475 0.00966 0.20920
0.07526 0.00951 0.19447
0.07576 0.00917 0.19676
0.07627 0.00936 0.19910
0.07678 0.00931 0.20572
0.07728 0.00963 0.19735
0.07779 0.00948 0.20081
0.07830 0.00948 0.20160
0.07880 0.00932 0.19377
0.07931 0.00940 0.19812
0.07982 0.00958 0.19287
0.08032 0.00952 0.20298
0.08083 0.00938 0.19933
0.08134 0.00930 0.19992
0.08184 0.00950 0.20245
0.08235 0.00929 0.19335
0.08286 0.00934 0.20245
0.08336 0.00909 0.19810
0.08387 0.00932 0.19904
0.08438 0.00957 0.20524
0.08488 0.00935 0.20372
0.08539 0.00937 0.19659
0.08590 0.00943 0.20206
0.08640 0.00920 0.19777
0.08691 0.00947 0.19234
0.08742 0.00932 0.20118
0.08792 0.00933 0.19720
0.08843 0.00933 0.19652
0.08894 0.00939 0.19908
0.08944 0.00919 0.19708
0.08995 0.00927 0.19681
0.09046 0.00896 0.19462
0.09097 0.00943 0.19772
0.09147 0.00931 0.19670
0.09198 0.00903 0.20062
0.09248 0.00904 0.20307
0.09299 0.00910 0.20090
0.09350 0.00944 0.20487
0.09401 0.00936 0.19664
0.09451 0.00904 0.20065
0.09502 0.00899 0.19172
0.09552 0.00926 0.19560
0.09603 0.00903 0.18967
0.09654 0.00914 0.18699
0.09705 0.00933 0.20680
0.09755 0.00906 0.19101
0.09806 0.00918 0.19208
0.09857 0.00906 0.19258
0.09907 0.00910 0.19362
0.09958 0.00916 0.19405
0.10009 0.00922 0.18949
0.10059 0.00912 0.19514
0.10110 0.00906 0.19179
0.10161 0.00904 0.18853
0.10211 0.00894 0.18962
0.10262 0.00916 0.19131
0.10313 0.00912 0.19771
0.10363 0.00917 0.19854
0.10414 0.00893 0.20219
0.10465 0.00912 0.19677
0.10515 0.00900 0.19176
0.10566 0.00903 0.19320
0.10617 0.00902 0.19644
0.10667 0.00915 0.18820
0.10718 0.00920 0.19531
0.10769 0.00907 0.18693
0.10819 0.00887 0.17913
0.10870 0.00896 0.18100
0.10921 0.00912 0.18301
0.10971 0.00895 0.18057
0.11022 0.00909 0.18023
0.11073 0.00887 0.17242
0.11124 0.00888 0.17595
0.11174 0.00896 0.17686
0.11225 0.00903 0.17625
0.11275 0.00913 0.18092
0.11326 0.00886 0.17254
0.11377 0.00895 0.17047
0.11428 0.00890 0.17362
0.11478 0.00895 0.17066
0.11529 0.00896 0.17051
0.11579 0.00893 0.17023
0.11630 0.00901 0.16815
0.11681 0.00892 0.17097
0.11732 0.00901 0.16436
0.11782 0.00886 0.16594
0.11833 0.00896 0.16866
0.11884 0.00886 0.16798
0.11934 0.00874 0.16627
0.11985 0.00899 0.16542
0.12036 0.00875 0.16616
0.12086 0.00887 0.16390
0.12137 0.00879 0.16157
0.12188 0.00887 0.16867
0.12238 0.00882 0.16360
0.12289 0.00889 0.16315
0.12340 0.00889 0.16623
0.12390 0.00886 0.16370
0.12441 0.00881 0.16155
0.12492 0.00885 0.15939
0.12542 0.00863 0.15616
0.12593 0.00871 0.16194
0.12644 0.00891 0.15707
0.12694 0.00887 0.15428
0.12745 0.00865 0.15538
0.12796 0.00889 0.15797
0.12846 0.00879 0.15625
0.12897 0.00890 0.15464
0.12948 0.00880 0.15643
0.12998 0.00879 0.15870
0.13049 0.00863 0.15312
0.13100 0.00865 0.15679
0.13150 0.00887 0.15061
0.13201 0.00880 0.15677
0.13252 0.00902 0.15416
0.13302 0.00892 0.15178
0.13353 0.00872 0.15428
0.13404 0.00867 0.14797
0.13454 0.00884 0.14765
0.13505 0.00891 0.15130
0.13556 0.00883 0.14790
0.13606 0.00872 0.14987
0.13657 0.00856 0.14670
0.13708 0.00879 0.14938
0.13759 0.00878 0.14899
0.13809 0.00880 0.14633
0.13860 0.00869 0.14864
0.13911 0.00881 0.14860
0.13961 0.00874 0.14673
0.14012 0.00865 0.14495
0.14062 0.00876 0.14449
0.14113 0.00880 0.14613
0.14164 0.00870 0.14041
0.14214 0.00874 0.14197
0.14265 0.00880 0.14473
0.14316 0.00864 0.14511
0.14367 0.00869 0.14446
0.14417 0.00863 0.14249
0.14468 0.00859 0.14191
0.14519 0.00873 0.14589
0.14569 0.00883 0.14088
0.14620 0.00866 0.13971
0.14671 0.00867 0.13822
0.14721 0.00879 0.14215
0.14772 0.00862 0.14091
0.14823 0.00863 0.13977
0.14873 0.00872 0.14356
0.14924 0.00859 0.13661
0.14975 0.00859 0.14025
0.15025 0.00851 0.13857
0.15076 0.00855 0.13815
0.15127 0.00877 0.14163
0.15177 0.00860 0.14003
0.15228 0.00864 0.13801
0.15279 0.00854 0.13939
0.15329 0.00836 0.13568
0.15380 0.00860 0.13948
0.15431 0.00850 0.13405
0.15481 0.00869 0.13532
0.15532 0.00841 0.13722
0.15583 0.00863 0.13630
0.15633 0.00848 0.13375
0.15684 0.00839 0.13444
0.15735 0.00847 0.13215
0.15785 0.00857 0.13432
0.15836 0.00859 0.13559
0.15887 0.00855 0.13666
0.15937 0.00857 0.13696
0.15988 0.00847 0.13521
0.16039 0.00859 0.13379
0.16089 0.00851 0.13027
0.16140 0.00852 0.13547
0.16191 0.00852 0.13257
0.16241 0.00843 0.12967
0.16292 0.00854 0.13498
0.16343 0.00833 0.13004
0.16393 0.00851 0.12943
0.16444 0.00853 0.13300
0.16495 0.00855 0.13295
0.16545 0.00849 0.13203
0.16596 0.00836 0.12882
0.16647 0.00837 0.12964
0.16697 0.00849 0.12897
0.16748 0.00834 0.13067
0.16799 0.00843 0.12919
0.16850 0.00853 0.13383
0.16900 0.00856 0.13638
0.16951 0.00837 0.12657
0.17001 0.00849 0.13576
0.17052 0.00852 0.13101
0.17103 0.00836 0.13027
0.17153 0.00859 0.13321
0.17204 0.00856 0.13596
0.17255 0.00852 0.13250
0.17305 0.00853 0.13697
0.17356 0.00856 0.13116
0.17407 0.00843 0.13482
0.17458 0.00840 0.13279
0.17508 0.00844 0.13282
0.17559 0.00843 0.13762
0.17610 0.00841 0.13637
0.17660 0.00836 0.13341
0.17711 0.00848 0.13641
0.17761 0.00834 0.13293
0.17812 0.00840 0.13166
0.17863 0.00839 0.13184
0.17913 0.00852 0.13354
0.17964 0.00833 0.12919
0.18015 0.00844 0.13470
0.18066 0.00859 0.13379
0.18116 0.00834 0.12982
0.18167 0.00836 0.13370
0.18218 0.00853 0.13820
0.18268 0.00840 0.13472
0.18319 0.00830 0.13654
0.18369 0.00844 0.13629
0.18420 0.00846 0.13192
0.18471 0.00841 0.13458
0.18522 0.00836 0.13863
0.18572 0.00850 0.13864
0.18623 0.00835 0.14022
0.18674 0.00833 0.13470
0.18724 0.00842 0.13430
0.18775 0.00827 0.14013
0.18826 0.00845 0.14237
0.18876 0.00850 0.14023
0.18927 0.00837 0.13818
0.18978 0.00835 0.14397
0.19028 0.00830 0.14097
0.19079 0.00838 0.14230
0.19130 0.00844 0.13989
0.19180 0.00819 0.13754
0.19231 0.00841 0.14157
0.19282 0.00851 0.14171
0.19332 0.00829 0.14040
0.19383 0.00844 0.14234
0.19434 0.00837 0.14569
0.19484 0.00853 0.14534
0.19535 0.00838 0.14389
0.19586 0.00841 0.14560
0.19636 0.00847 0.14114
0.19687 0.00831 0.13918
0.19738 0.00834 0.14311
0.19788 0.00841 0.14768
0.19839 0.00848 0.14397
0.19890 0.00832 0.14324
0.19940 0.00839 0.14585
0.19991 0.00834 0.14629
0.20042 0.00828 0.14668
0.20092 0.00848 0.14854
0.20143 0.00832 0.14313
0.20194 0.00815 0.14226
0.20244 0.00829 0.13866
0.20295 0.00842 0.14630
0.20346 0.00823 0.14336
0.20396 0.00845 0.14678
0.20447 0.00841 0.14545
0.20498 0.00842 0.14410
0.20548 0.00836 0.14210
0.20599 0.00822 0.14387
0.20650 0.00824 0.14770
0.20700 0.00845 0.14356
0.20751 0.00825 0.14376
0.20802 0.00843 0.14850
0.20852 0.00836 0.14412
0.20903 0.00817 0.14259
0.20954 0.00835 0.14403
0.21004 0.00833 0.14702
0.21055 0.00840 0.14721
0.21106 0.00826 0.14724
0.21156 0.00826 0.14422
0.21207 0.00815 0.14225
0.21258 0.00817 0.14584
0.21308 0.00820 0.14575
0.21359 0.00834 0.14327
0.21410 0.00818 0.14349
0.21460 0.00822 0.14261
0.21511 0.00824 0.14278
0.21562 0.00813 0.14354
0.21612 0.00821 0.14075
0.21663 0.00810 0.14557
0.21714 0.00824 0.14257
0.21764 0.00828 0.14376
0.21815 0.00814 0.14386
0.21866 0.00811 0.14133
0.21916 0.00826 0.14159
0.21967 0.00823 0.14460
0.22018 0.00821 0.14294
0.22068 0.00812 0.13950
0.22119 0.00816 0.14362
0.22170 0.00832 0.14132
0.22220 0.00813 0.14329
0.22271 0.00813 0.13861
0.22322 0.00800 0.14458
0.22372 0.00815 0.14097
0.22423 0.00814 0.14084
0.22474 0.00819 0.14386
0.22524 0.00820 0.14351
0.22575 0.00818 0.14051
0.22626 0.00807 0.13562
0.22676 0.00804 0.13616
0.22727 0.00814 0.14224
0.22778 0.00822 0.13912
0.22828 0.00794 0.14022
0.22879 0.00824 0.14251
0.22930 0.00821 0.13682
0.22980 0.00823 0.13674
0.23031 0.00816 0.13982
0.23082 0.00816 0.13860
0.23132 0.00813 0.13677
0.23183 0.00821 0.13406
0.23234 0.00805 0.13563
0.23284 0.00812 0.13492
0.23335 0.00804 0.13321
0.23386 0.00801 0.13504
0.23436 0.00810 0.13688
0.23487 0.00814 0.13638
0.23538 0.00813 0.13179
0.23588 0.00814 0.12969
0.23639 0.00806 0.12867
0.23689 0.00798 0.13265
0.23740 0.00814 0.13358
0.23791 0.00804 0.13521
0.23841 0.00806 0.13348
0.23892 0.00809 0.13132
0.23943 0.00808 0.13120
0.23994 0.00814 0.13945
0.24044 0.00800 0.12992
0.24095 0.00802 0.13031
0.24146 0.00813 0.13228
0.24196 0.00814 0.13011
0.24247 0.00811 0.12981
0.24297 0.00817 0.13041
0.24348 0.00792 0.12870
0.24399 0.00800 0.13264
0.24449 0.00799 0.12869
0.24500 0.00793 0.12662
0.24551 0.00795 0.12833
0.24602 0.00800 0.12752
0.24652 0.00791 0.12783
0.24703 0.00799 0.12961
0.24753 0.00801 0.12704
0.24804 0.00807 0.13124
0.24855 0.00790 0.12719
0.24905 0.00802 0.12827
0.24956 0.00793 0.12609
0.25007 0.00800 0.12558
0.25057 0.00794 0.12427
0.25108 0.00799 0.12715
0.25159 0.00793 0.12595
0.25209 0.00795 0.12733
0.25260 0.00799 0.12338
0.25311 0.00794 0.12685
0.25361 0.00800 0.12319
0.25412 0.00795 0.12407
0.25463 0.00797 0.12355
0.25513 0.00797 0.12328
0.25564 0.00789 0.12322
0.25615 0.00797 0.12572
0.25665 0.00796 0.12335
0.25716 0.00794 0.12201
0.25767 0.00787 0.12494
0.25817 0.00799 0.12156
0.25868 0.00798 0.12186
0.25919 0.00796 0.11867
0.25969 0.00807 0.11873
0.26020 0.00794 0.12153
0.26071 0.00800 0.12168
0.26121 0.00785 0.11911
0.26172 0.00799 0.11926
0.26223 0.00787 0.12140
0.26273 0.00793 0.12057
0.26324 0.00796 0.12263
0.26375 0.00783 0.11656
0.26425 0.00789 0.11785
0.26476 0.00791 0.11795
0.26527 0.00794 0.11749
0.26577 0.00803 0.12108
0.26628 0.00795 0.11761
0.26679 0.00796 0.11987
0.26729 0.00796 0.11787
0.26780 0.00796 0.11548
0.26831 0.00780 0.11645
0.26881 0.00797 0.11894
0.26932 0.00784 0.11814
0.26982 0.00787 0.12054
0.27033 0.00789 0.11867
0.27084 0.00793 0.11783
0.27135 0.00778 0.11529
0.27185 0.00785 0.11840
0.27236 0.00786 0.11655
0.27287 0.00786 0.11535
0.27337 0.00777 0.11555
0.27388 0.00780 0.11614
0.27438 0.00769 0.11645
0.27489 0.00774 0.11471
0.27540 0.00792 0.11770
0.27590 0.00777 0.11624
0.27641 0.00771 0.11313
0.27692 0.00795 0.11524
0.27742 0.00788 0.11429
0.27793 0.00792 0.11634
0.27844 0.00776 0.11339
0.27894 0.00789 0.11391
0.27945 0.00769 0.11422
0.27996 0.00780 0.11498
0.28046 0.00767 0.11220
0.28097 0.00785 0.11493
0.28148 0.00780 0.11352
0.28198 0.00772 0.11393
0.28249 0.00787 0.11220
0.28300 0.00767 0.11270
0.28350 0.00771 0.11163
0.28401 0.00781 0.11432
0.28452 0.00769 0.11184
0.28502 0.00779 0.11647
0.28553 0.00771 0.11132
0.28604 0.00771 0.11195
0.28654 0.00781 0.11164
0.28705 0.00772 0.11252
0.28756 0.00773 0.11125
0.28806 0.00768 0.11050
0.28857 0.00769 0.11445
0.28908 0.00777 0.11229
0.28958 0.00775 0.11075
0.29009 0.00774 0.11253
0.29059 0.00778 0.11334
0.29110 0.00771 0.11371
0.29161 0.00772 0.10943
0.29212 0.00776 0.11037
0.29262 0.00763 0.10945
0.29313 0.00776 0.11345
0.29363 0.00758 0.11049
0.29414 0.00763 0.11014
0.29465 0.00763 0.11061
0.29515 0.00766 0.11281
0.29566 0.00766 0.11105
0.29617 0.00753 0.11216
0.29667 0.00762 0.11155
0.29718 0.00770 0.11222
0.29769 0.00779 0.11446
0.29819 0.00762 0.11264
0.29870 0.00762 0.11229
0.29921 0.00768 0.11148
0.29971 0.00759 0.10864
0.30022 0.00769 0.11276
0.30073 0.00764 0.11221
0.30123 0.00776 0.11235
0.30174 0.00764 0.11055
0.30225 0.00759 0.11155
0.30275 0.00758 0.11030
0.30326 0.00754 0.11097
0.30377 0.00753 0.11059
0.30427 0.00756 0.11055
0.30478 0.00761 0.11047
0.30528 0.00760 0.10822
0.30579 0.00763 0.11089
0.30630 0.00758 0.10929
0.30680 0.00757 0.10829
0.30731 0.00744 0.11187
0.30782 0.00760 0.11189
0.30832 0.00766 0.11271
0.30883 0.00750 0.10901
0.30934 0.00756 0.11003
0.30984 0.00756 0.11358
0.31035 0.00763 0.11375
0.31086 0.00754 0.11083
0.31136 0.00748 0.11398
0.31187 0.00731 0.11262
0.31238 0.00758 0.11503
0.31288 0.00756 0.11837
0.31339 0.00758 0.11774
0.31390 0.00775 0.12073
0.31440 0.00765 0.11692
0.31491 0.00758 0.11898
0.31542 0.00753 0.12099
0.31592 0.00748 0.11741
0.31643 0.00750 0.11868
0.31694 0.00756 0.11796
0.31744 0.00767 0.11922
0.31795 0.00754 0.11934
0.31845 0.00746 0.12114
0.31896 0.00751 0.12046
0.31947 0.00754 0.12187
0.31998 0.00753 0.11715
0.32048 0.00736 0.12205
0.32099 0.00750 0.12086
0.32149 0.00751 0.13043
0.32200 0.00753 0.11964
0.32251 0.00755 0.12292
0.32301 0.00751 0.12020
0.32352 0.00771 0.12083
0.32403 0.00758 0.12079
0.32453 0.00755 0.12177
0.32504 0.00754 0.11724
0.32555 0.00757 0.12073
0.32605 0.00752 0.12262
0.32656 0.00760 0.11876
0.32707 0.00758 0.12111
0.32757 0.00761 0.12351
0.32808 0.00763 0.12349
0.32859 0.00760 0.12120
0.32909 0.00750 0.12431
0.32960 0.00764 0.12566
0.33010 0.00764 0.12419
0.33061 0.00762 0.12399
0.33112 0.00745 0.12456
0.33162 0.00762 0.12144
0.33213 0.00754 0.12087
0.33264 0.00752 0.12320
0.33314 0.00737 0.12057
0.33365 0.00753 0.12183
0.33416 0.00755 0.12491
0.33466 0.00752 0.12370
0.33517 0.00757 0.12286
0.33568 0.00752 0.12148
0.33618 0.00739 0.11996
0.33669 0.00762 0.12817
0.33720 0.00758 0.12489
0.33770 0.00754 0.12349
0.33821 0.00752 0.12457
0.33871 0.00752 0.12395
0.33922 0.00752 0.12345
0.33973 0.00749 0.12157
0.34024 0.00752 0.12487
0.34074 0.00750 0.12326
0.34125 0.00771 0.12861
0.34175 0.00754 0.12261
0.34226 0.00748 0.12181
0.34277 0.00734 0.12519
0.34327 0.00737 0.12173
0.34378 0.00738 0.12476
0.34429 0.00762 0.12957
0.34479 0.00742 0.12437
0.34530 0.00754 0.12533
0.34581 0.00741 0.12415
0.34631 0.00743 0.12458
0.34682 0.00739 0.12405
0.34732 0.00748 0.12968
0.34783 0.00746 0.12606
0.34834 0.00740 0.12504
0.34885 0.00733 0.12542
0.34935 0.00738 0.12425
0.34986 0.00722 0.12309
0.35036 0.00733 0.12437
0.35087 0.00739 0.12592
0.35138 0.00753 0.12202
0.35188 0.00754 0.12529
0.35239 0.00733 0.12563
0.35290 0.00738 0.12466
0.35340 0.00748 0.12292
0.35391 0.00741 0.12484
0.35442 0.00737 0.12725
0.35492 0.00744 0.12337
0.35543 0.00748 0.12218
0.35594 0.00729 0.12066
0.35644 0.00725 0.11901
0.35695 0.00733 0.11774
0.35746 0.00748 0.11987
0.35796 0.00747 0.11860
0.35847 0.00743 0.11952
0.35897 0.00739 0.11825
0.35948 0.00735 0.12049
0.35999 0.00746 0.12065
0.36049 0.00737 0.11651
0.36100 0.00740 0.12187
0.36151 0.00742 0.12129
0.36201 0.00734 0.12188
0.36252 0.00751 0.11938
0.36303 0.00739 0.11927
0.36353 0.00748 0.12291
0.36404 0.00744 0.12429
0.36455 0.00750 0.12175
0.36505 0.00735 0.12301
0.36556 0.00742 0.12108
0.36606 0.00735 0.12179
0.36657 0.00733 0.12037
0.36708 0.00735 0.12289
0.36758 0.00729 0.12271
0.36809 0.00725 0.12358
0.36860 0.00731 0.12322
0.36910 0.00728 0.12688
0.36961 0.00727 0.12569
0.37012 0.00730 0.12475
0.37062 0.00734 0.12606
0.37113 0.00726 0.12759
0.37163 0.00714 0.12378
0.37214 0.00718 0.13171
0.37265 0.00740 0.12994
0.37316 0.00725 0.12624
0.37366 0.00718 0.12404
0.37417 0.00736 0.12886
0.37467 0.00730 0.13222
0.37518 0.00733 0.13008
0.37569 0.00729 0.12618
0.37619 0.00725 0.13207
0.37670 0.00741 0.13084
0.37721 0.00740 0.13206
0.37771 0.00719 0.13213
0.37822 0.00739 0.13453
0.37872 0.00727 0.13413
0.37923 0.00732 0.13361
0.37974 0.00722 0.13611
0.38024 0.00735 0.13533
0.38075 0.00729 0.14063
0.38126 0.00725 0.13256
0.38176 0.00721 0.14002
0.38227 0.00733 0.13977
0.38278 0.00731 0.13521
0.38328 0.00722 0.13648
0.38379 0.00720 0.13956
0.38430 0.00724 0.14062
0.38480 0.00734 0.14218
0.38531 0.00713 0.13814
0.38582 0.00722 0.14350
0.38632 0.00732 0.14263
0.38683 0.00727 0.14175
0.38733 0.00706 0.14339
0.38784 0.00726 0.14478
0.38835 0.00720 0.14254
0.38885 0.00709 0.14261
0.38936 0.00728 0.14551
0.38987 0.00710 0.14637
0.39037 0.00717 0.15001
0.39088 0.00726 0.14785
0.39138 0.00732 0.15316
0.39189 0.00726 0.15192
0.39240 0.00714 0.14986
0.39291 0.00716 0.15254
0.39341 0.00718 0.14957
0.39392 0.00709 0.14670
0.39442 0.00718 0.14954
0.39493 0.00722 0.15603
0.39544 0.00714 0.15260
0.39594 0.00733 0.15356
0.39645 0.00715 0.15396
0.39696 0.00705 0.15678
0.39746 0.00723 0.15989
0.39797 0.00706 0.15476
0.39848 0.00715 0.15766
0.39898 0.00726 0.16582
0.39949 0.00718 0.15662
0.39999 0.00721 0.15910
0.40050 0.00717 0.15693
0.40101 0.00727 0.16508
0.40151 0.00722 0.16498
0.40202 0.00695 0.16310
0.40253 0.00720 0.16808
0.40303 0.00733 0.16786
0.40354 0.00731 0.16445
0.40404 0.00707 0.16996
0.40455 0.00720 0.16726
0.40506 0.00709 0.16638
0.40556 0.00693 0.16329
0.40607 0.00707 0.16465
0.40658 0.00697 0.16737
0.40708 0.00716 0.16320
0.40759 0.00719 0.16327
0.40810 0.00697 0.16759
0.40860 0.00714 0.17251
0.40911 0.00724 0.17221
0.40962 0.00717 0.17790
0.41012 0.00706 0.17213
0.41063 0.00714 0.17163
0.41113 0.00699 0.16873
0.41164 0.00699 0.17043
0.41215 0.00727 0.17943
0.41265 0.00700 0.17896
0.41316 0.00705 0.17111
0.41367 0.00704 0.17494
0.41417 0.00699 0.17682
0.41468 0.00706 0.17040
0.41519 0.00684 0.17896
0.41569 0.00709 0.18153
0.41620 0.00711 0.18102
0.41670 0.00706 0.17375
0.41721 0.00708 0.18132
0.41772 0.00696 0.18078
0.41822 0.00709 0.17466
0.41873 0.00687 0.17999
0.41924 0.00685 0.17625
0.41974 0.00704 0.18098
0.42025 0.00705 0.17000
0.42075 0.00706 0.18205
0.42126 0.00685 0.18158
0.42177 0.00700 0.17672
0.42227 0.00708 0.17862
0.42278 0.00690 0.18115
0.42329 0.00691 0.18498
0.42379 0.00687 0.17885
0.42430 0.00709 0.19317
0.42480 0.00691 0.19022
0.42531 0.00712 0.17735
0.42582 0.00700 0.19247
0.42632 0.00688 0.19496
0.42683 0.00698 0.18720
0.42734 0.00707 0.19153
0.42784 0.00707 0.20298
0.42835 0.00692 0.19623
0.42886 0.00712 0.19420
0.42936 0.00716 0.20201
0.42987 0.00689 0.19337
0.43038 0.00703 0.20174
0.43088 0.00678 0.18795
0.43139 0.00694 0.21486
0.43189 0.00694 0.20762
0.43240 0.00693 0.20388
0.43291 0.00692 0.21221
0.43341 0.00703 0.21459
0.43392 0.00684 0.21158
0.43443 0.00704 0.21490
0.43493 0.00699 0.21274
0.43544 0.00696 0.22418
0.43594 0.00711 0.21626
0.43645 0.00722 0.22581
0.43696 0.00686 0.23723
0.43746 0.00709 0.23285
0.43797 0.00698 0.22650
0.43848 0.00682 0.23215
0.43898 0.00673 0.24184
0.43949 0.00688 0.23534
0.44000 0.00714 0.24330
