0.00988 0.17572 83.16304
0.01039 0.11881 47.54793
0.01090 0.11586 46.54010
0.01140 0.09629 36.37567
0.01191 0.05686 21.17522
0.01242 0.05895 21.67787
0.01292 0.04482 14.43640
0.01343 0.03598 12.11335
0.01394 0.03361 7.80999
0.01444 0.03074 5.94402
0.01495 0.02731 3.12635
0.01546 0.02537 3.03827
0.01596 0.02286 2.31069
0.01647 0.02105 1.91591
0.01698 0.02012 1.29031
0.01748 0.01872 1.29624
0.01799 0.01771 0.95192
0.01850 0.01733 0.87858
0.01900 0.01603 0.73641
0.01951 0.01522 0.69812
0.02002 0.01515 0.67850
0.02052 0.01484 0.68309
0.02103 0.01400 0.67137
0.02154 0.01290 0.58004
0.02204 0.01308 0.53287
0.02255 0.01203 0.54343
0.02306 0.01253 0.55530
0.02356 0.01152 0.49942
0.02407 0.01140 0.49980
0.02458 0.01099 0.47980
0.02508 0.01132 0.50133
0.02559 0.01099 0.47283
0.02610 0.01052 0.45390
0.02661 0.01050 0.43493
0.02711 0.01022 0.40809
0.02762 0.01068 0.43756
0.02813 0.01018 0.41083
0.02863 0.01012 0.38801
0.02914 0.00998 0.40109
0.02965 0.00946 0.38902
0.03015 0.00944 0.41719
0.03066 0.00977 0.39902
0.03117 0.00935 0.39379
0.03167 0.00909 0.36800
0.03218 0.00899 0.35662
0.03269 0.00937 0.37693
0.03319 0.00914 0.32833
0.03370 0.00908 0.36927
0.03421 0.00872 0.34665
0.03471 0.00886 0.34520
0.03522 0.00883 0.33199
0.03573 0.00839 0.33566
0.03623 0.00878 0.31999
0.03674 0.00858 0.32471
0.03725 0.00849 0.31829
0.03775 0.00856 0.29487
0.03826 0.00878 0.31325
0.03877 0.00847 0.31058
0.03927 0.00821 0.30393
0.03978 0.00845 0.30060
0.04029 0.00847 0.30840
0.04079 0.00846 0.29053
0.04130 0.00839 0.30070
0.04181 0.00819 0.29280
0.04231 0.00811 0.28087
0.04282 0.00809 0.30412
0.04333 0.00813 0.29219
0.04384 0.00808 0.27505
0.04434 0.00835 0.28906
0.04485 0.00802 0.27165
0.04536 0.00797 0.27828
0.04586 0.00778 0.27953
0.04637 0.00797 0.27685
0.04688 0.00786 0.25698
0.04738 0.00797 0.28317
0.04789 0.00766 0.26531
0.04840 0.00771 0.26253
0.04890 0.00801 0.27771
0.04941 0.00774 0.25997
0.04992 0.00783 0.26300
0.05042 0.00761 0.26094
0.05093 0.00781 0.25281
0.05144 0.00756 0.25118
0.05194 0.00804 0.26334
0.05245 0.00769 0.24599
0.05296 0.00774 0.24786
0.05346 0.00768 0.24077
0.05397 0.00767 0.24801
0.05448 0.00751 0.24057
0.05498 0.00760 0.25195
0.05549 0.00755 0.24831
0.05600 0.00765 0.24838
0.05650 0.00744 0.23793
0.05701 0.00750 0.23814
0.05752 0.00758 0.25176
0.05803 0.00742 0.23717
0.05853 0.00768 0.23491
0.05904 0.00743 0.22977
0.05955 0.00761 0.23937
0.06005 0.00768 0.24127
0.06056 0.00750 0.23247
0.06107 0.00749 0.23032
0.06157 0.00757 0.22547
0.06208 0.00744 0.23546
0.06259 0.00750 0.23602
0.06309 0.00758 0.22765
0.06360 0.00728 0.22220
0.06411 0.00753 0.22050
0.06461 0.00744 0.21974
0.06512 0.00758 0.22807
0.06563 0.00725 0.22065
0.06613 0.00733 0.21387
0.06664 0.00748 0.21792
0.06715 0.00735 0.22280
0.06765 0.00723 0.21678
0.06816 0.00754 0.21676
0.06867 0.00729 0.21595
0.06917 0.00742 0.21590
0.06968 0.00738 0.21702
0.07019 0.00732 0.21505
0.07069 0.00741 0.21087
0.07120 0.00744 0.20655
0.07171 0.00730 0.20666
0.07222 0.00737 0.20862
0.07272 0.00736 0.20289
0.07323 0.00727 0.19862
0.07373 0.00732 0.19775
0.07424 0.00726 0.19753
0.07475 0.00725 0.20707
0.07526 0.00698 0.20229
0.07576 0.00734 0.19752
0.07627 0.00724 0.19854
0.07678 0.00724 0.20220
0.07728 0.00723 0.19883
0.07779 0.00728 0.20424
0.07830 0.00723 0.19148
0.07880 0.00751 0.20346
0.07931 0.00728 0.20578
0.07982 0.00733 0.19442
0.08032 0.00696 0.19570
0.08083 0.00705 0.18579
0.08134 0.00717 0.20926
0.08184 0.00737 0.19772
0.08235 0.00727 0.21239
0.08286 0.00729 0.20647
0.08336 0.00739 0.20164
0.08387 0.00717 0.20365
0.08438 0.00732 0.20746
0.08488 0.00716 0.20361
0.08539 0.00717 0.20382
0.08590 0.00721 0.20660
0.08640 0.00716 0.19951
0.08691 0.00703 0.19601
0.08742 0.00731 0.20301
0.08792 0.00715 0.19982
0.08843 0.00714 0.19752
0.08894 0.00711 0.20167
0.08944 0.00719 0.19915
0.08995 0.00724 0.19773
0.09046 0.00706 0.19815
0.09097 0.00727 0.20785
0.09147 0.00696 0.20006
0.09198 0.00720 0.20101
0.09248 0.00723 0.20019
0.09299 0.00707 0.19381
0.09350 0.00708 0.19822
0.09401 0.00693 0.19466
0.09451 0.00714 0.19709
0.09502 0.00706 0.19585
0.09552 0.00702 0.19415
0.09603 0.00704 0.19656
0.09654 0.00711 0.19524
0.09705 0.00712 0.20010
0.09755 0.00709 0.20091
0.09806 0.00705 0.19188
0.09857 0.00703 0.19568
0.09907 0.00702 0.19666
0.09958 0.00699 0.19452
0.10009 0.00698 0.18623
0.10059 0.00697 0.18604
0.10110 0.00715 0.20031
0.10161 0.00715 0.18829
0.10211 0.00696 0.19031
0.10262 0.00701 0.19189
0.10313 0.00700 0.18961
0.10363 0.00691 0.19808
0.10414 0.00705 0.19825
0.10465 0.00708 0.19382
0.10515 0.00703 0.20527
0.10566 0.00690 0.19323
0.10617 0.00695 0.18825
0.10667 0.00696 0.18585
0.10718 0.00695 0.18647
0.10769 0.00692 0.18687
0.10819 0.00672 0.17787
0.10870 0.00691 0.18304
0.10921 0.00706 0.19089
0.10971 0.00681 0.18198
0.11022 0.00697 0.18025
0.11073 0.00693 0.17906
0.11124 0.00685 0.17797
0.11174 0.00674 0.17652
0.11225 0.00703 0.17191
0.11275 0.00691 0.17989
0.11326 0.00684 0.17353
0.11377 0.00691 0.16893
0.11428 0.00678 0.17496
0.11478 0.00688 0.17099
0.11529 0.00686 0.16814
0.11579 0.00690 0.16960
0.11630 0.00689 0.17026
0.11681 0.00681 0.17654
0.11732 0.00685 0.16454
0.11782 0.00686 0.16522
0.11833 0.00691 0.17142
0.11884 0.00688 0.16709
0.11934 0.00686 0.16674
0.11985 0.00679 0.16679
0.12036 0.00679 0.16118
0.12086 0.00688 0.16370
0.12137 0.00672 0.16579
0.12188 0.00692 0.16813
0.12238 0.00693 0.16366
0.12289 0.00687 0.16231
0.12340 0.00675 0.16184
0.12390 0.00673 0.16159
0.12441 0.00688 0.16191
0.12492 0.00684 0.15839
0.12542 0.00671 0.15752
0.12593 0.00694 0.16435
0.12644 0.00677 0.15613
0.12694 0.00687 0.15606
0.12745 0.00688 0.16149
0.12796 0.00675 0.15928
0.12846 0.00678 0.15480
0.12897 0.00676 0.15776
0.12948 0.00668 0.15784
0.12998 0.00681 0.15829
0.13049 0.00693 0.15291
0.13100 0.00666 0.15004
0.13150 0.00671 0.15128
0.13201 0.00663 0.15104
0.13252 0.00675 0.15052
0.13302 0.00684 0.15304
0.13353 0.00675 0.14933
0.13404 0.00667 0.15136
0.13454 0.00674 0.14982
0.13505 0.00672 0.15342
0.13556 0.00672 0.15063
0.13606 0.00684 0.15046
0.13657 0.00670 0.15254
0.13708 0.00679 0.15256
0.13759 0.00674 0.15357
0.13809 0.00662 0.14803
0.13860 0.00668 0.14762
0.13911 0.00671 0.14373
0.13961 0.00666 0.14767
0.14012 0.00669 0.14451
0.14062 0.00662 0.14676
0.14113 0.00676 0.14415
0.14164 0.00664 0.14511
0.14214 0.00675 0.14746
0.14265 0.00672 0.14383
0.14316 0.00671 0.14691
0.14367 0.00668 0.14232
0.14417 0.00661 0.13735
0.14468 0.00677 0.14327
0.14519 0.00671 0.14354
0.14569 0.00673 0.14337
0.14620 0.00675 0.14292
0.14671 0.00661 0.14087
0.14721 0.00655 0.14111
0.14772 0.00665 0.14077
0.14823 0.00659 0.13831
0.14873 0.00669 0.13963
0.14924 0.00664 0.14021
0.14975 0.00651 0.13701
0.15025 0.00670 0.14074
0.15076 0.00664 0.14083
0.15127 0.00662 0.14166
0.15177 0.00648 0.13756
0.15228 0.00664 0.13864
0.15279 0.00665 0.13997
0.15329 0.00665 0.14340
0.15380 0.00656 0.13799
0.15431 0.00661 0.13978
0.15481 0.00657 0.13630
0.15532 0.00655 0.13681
0.15583 0.00662 0.13973
0.15633 0.00652 0.13236
0.15684 0.00661 0.13390
0.15735 0.00660 0.13300
0.15785 0.00648 0.13160
0.15836 0.00655 0.13321
0.15887 0.00657 0.13396
0.15937 0.00656 0.13331
0.15988 0.00657 0.13587
0.16039 0.00650 0.13336
0.16089 0.00653 0.13026
0.16140 0.00654 0.13335
0.16191 0.00658 0.13457
0.16241 0.00648 0.13156
0.16292 0.00652 0.13421
0.16343 0.00657 0.13250
0.16393 0.00651 0.13258
0.16444 0.00648 0.12915
0.16495 0.00651 0.13078
0.16545 0.00655 0.13206
0.16596 0.00652 0.13274
0.16647 0.00662 0.13271
0.16697 0.00652 0.12998
0.16748 0.00655 0.13171
0.16799 0.00638 0.12816
0.16850 0.00645 0.13044
0.16900 0.00654 0.13173
0.16951 0.00636 0.13037
0.17001 0.00640 0.13278
0.17052 0.00648 0.13258
0.17103 0.00658 0.13413
0.17153 0.00652 0.13307
0.17204 0.00647 0.13008
0.17255 0.00653 0.13519
0.17305 0.00646 0.13227
0.17356 0.00650 0.12816
0.17407 0.00644 0.13078
0.17458 0.00656 0.13423
0.17508 0.00650 0.12995
0.17559 0.00640 0.13213
0.17610 0.00659 0.13328
0.17660 0.00643 0.13282
0.17711 0.00643 0.13295
0.17761 0.00645 0.13393
0.17812 0.00639 0.13085
0.17863 0.00641 0.13391
0.17913 0.00634 0.13223
0.17964 0.00648 0.13387
0.18015 0.00652 0.13009
0.18066 0.00655 0.13443
0.18116 0.00639 0.13446
0.18167 0.00650 0.13265
0.18218 0.00652 0.13243
0.18268 0.00644 0.13710
0.18319 0.00648 0.13471
0.18369 0.00645 0.13718
0.18420 0.00661 0.13977
0.18471 0.00640 0.13685
0.18522 0.00637 0.13878
0.18572 0.00647 0.14110
0.18623 0.00645 0.13924
0.18674 0.00654 0.13974
0.18724 0.00649 0.13617
0.18775 0.00639 0.13750
0.18826 0.00651 0.14405
0.18876 0.00642 0.14007
0.18927 0.00648 0.14238
0.18978 0.00634 0.14288
0.19028 0.00643 0.14043
0.19079 0.00646 0.14253
0.19130 0.00637 0.14154
0.19180 0.00641 0.14046
0.19231 0.00648 0.14176
0.19282 0.00648 0.14055
0.19332 0.00645 0.13846
0.19383 0.00640 0.14185
0.19434 0.00649 0.14642
0.19484 0.00640 0.14070
0.19535 0.00637 0.13820
0.19586 0.00645 0.14480
0.19636 0.00647 0.14907
0.19687 0.00645 0.14213
0.19738 0.00641 0.14524
0.19788 0.00639 0.14762
0.19839 0.00643 0.14600
0.19890 0.00628 0.14269
0.19940 0.00647 0.14456
0.19991 0.00636 0.14344
0.20042 0.00631 0.14518
0.20092 0.00647 0.14222
0.20143 0.00647 0.14804
0.20194 0.00642 0.14494
0.20244 0.00658 0.14808
0.20295 0.00638 0.14974
0.20346 0.00645 0.14410
0.20396 0.00642 0.14665
0.20447 0.00641 0.14644
0.20498 0.00641 0.14492
0.20548 0.00636 0.14384
0.20599 0.00639 0.14530
0.20650 0.00654 0.14705
0.20700 0.00643 0.14456
0.20751 0.00635 0.14497
0.20802 0.00637 0.14123
0.20852 0.00631 0.14046
0.20903 0.00642 0.14551
0.20954 0.00644 0.14484
0.21004 0.00647 0.14909
0.21055 0.00637 0.14300
0.21106 0.00633 0.13976
0.21156 0.00625 0.14162
0.21207 0.00644 0.14379
0.21258 0.00634 0.14412
0.21308 0.00632 0.14556
0.21359 0.00628 0.14181
0.21410 0.00633 0.14595
0.21460 0.00640 0.14862
0.21511 0.00646 0.14856
0.21562 0.00641 0.14245
0.21612 0.00625 0.14698
0.21663 0.00637 0.14469
0.21714 0.00632 0.14351
0.21764 0.00618 0.14009
0.21815 0.00626 0.14091
0.21866 0.00626 0.14036
0.21916 0.00620 0.14163
0.21967 0.00615 0.14138
0.22018 0.00621 0.14480
0.22068 0.00623 0.14185
0.22119 0.00629 0.14152
0.22170 0.00639 0.14627
0.22220 0.00621 0.14070
0.22271 0.00620 0.14272
0.22322 0.00639 0.14693
0.22372 0.00626 0.14101
0.22423 0.00633 0.14327
0.22474 0.00629 0.14105
0.22524 0.00619 0.13946
0.22575 0.00618 0.14129
0.22626 0.00627 0.13937
0.22676 0.00626 0.13997
0.22727 0.00637 0.14160
0.22778 0.00629 0.13401
0.22828 0.00624 0.13697
0.22879 0.00620 0.13981
0.22930 0.00631 0.13696
0.22980 0.00621 0.13426
0.23031 0.00620 0.13873
0.23082 0.00628 0.14048
0.23132 0.00619 0.13858
0.23183 0.00628 0.13560
0.23234 0.00621 0.13686
0.23284 0.00615 0.13596
0.23335 0.00614 0.13222
0.23386 0.00616 0.13217
0.23436 0.00614 0.13459
0.23487 0.00621 0.13255
0.23538 0.00613 0.13162
0.23588 0.00612 0.13137
0.23639 0.00629 0.13077
0.23689 0.00617 0.13636
0.23740 0.00619 0.13573
0.23791 0.00612 0.13142
0.23841 0.00619 0.13413
0.23892 0.00624 0.13775
0.23943 0.00610 0.13052
0.23994 0.00618 0.13070
0.24044 0.00627 0.13103
0.24095 0.00620 0.12983
0.24146 0.00617 0.13106
0.24196 0.00621 0.13212
0.24247 0.00621 0.13318
0.24297 0.00607 0.13106
0.24348 0.00615 0.13079
0.24399 0.00624 0.12918
0.24449 0.00621 0.12967
0.24500 0.00613 0.12932
0.24551 0.00612 0.12810
0.24602 0.00625 0.13033
0.24652 0.00613 0.13002
0.24703 0.00622 0.12921
0.24753 0.00612 0.12827
0.24804 0.00621 0.12873
0.24855 0.00624 0.12657
0.24905 0.00614 0.12562
0.24956 0.00607 0.12504
0.25007 0.00611 0.12888
0.25057 0.00611 0.12619
0.25108 0.00607 0.12379
0.25159 0.00614 0.12681
0.25209 0.00614 0.12690
0.25260 0.00613 0.12436
0.25311 0.00610 0.12401
0.25361 0.00613 0.12442
0.25412 0.00612 0.12657
0.25463 0.00616 0.12259
0.25513 0.00614 0.12444
0.25564 0.00618 0.12292
0.25615 0.00611 0.12297
0.25665 0.00611 0.12256
0.25716 0.00600 0.12298
0.25767 0.00616 0.12139
0.25817 0.00603 0.12152
0.25868 0.00609 0.12294
0.25919 0.00612 0.11717
0.25969 0.00610 0.12336
0.26020 0.00615 0.12544
0.26071 0.00613 0.11853
0.26121 0.00613 0.12088
0.26172 0.00610 0.12051
0.26223 0.00619 0.11905
0.26273 0.00609 0.12120
0.26324 0.00603 0.12110
0.26375 0.00602 0.12076
0.26425 0.00609 0.11904
0.26476 0.00606 0.11868
0.26527 0.00611 0.12009
0.26577 0.00604 0.11892
0.26628 0.00612 0.11978
0.26679 0.00613 0.11630
0.26729 0.00598 0.11584
0.26780 0.00609 0.11906
0.26831 0.00592 0.11744
0.26881 0.00604 0.11843
0.26932 0.00607 0.11598
0.26982 0.00600 0.11397
0.27033 0.00604 0.11661
0.27084 0.00599 0.11774
0.27135 0.00596 0.11501
0.27185 0.00604 0.11716
0.27236 0.00599 0.11799
0.27287 0.00604 0.11640
0.27337 0.00612 0.11655
0.27388 0.00601 0.11469
0.27438 0.00589 0.11486
0.27489 0.00599 0.11543
0.27540 0.00598 0.11591
0.27590 0.00605 0.11562
0.27641 0.00614 0.11427
0.27692 0.00604 0.11541
0.27742 0.00596 0.11350
0.27793 0.00603 0.11218
0.27844 0.00598 0.11680
0.27894 0.00595 0.11455
0.27945 0.00594 0.11470
0.27996 0.00603 0.11412
0.28046 0.00596 0.11342
0.28097 0.00601 0.11119
0.28148 0.00598 0.11332
0.28198 0.00599 0.11425
0.28249 0.00592 0.11241
0.28300 0.00599 0.11527
0.28350 0.00591 0.11078
0.28401 0.00603 0.11026
0.28452 0.00603 0.10962
0.28502 0.00595 0.11035
0.28553 0.00590 0.10977
0.28604 0.00598 0.11281
0.28654 0.00599 0.11023
0.28705 0.00599 0.11189
0.28756 0.00592 0.11250
0.28806 0.00600 0.11493
0.28857 0.00585 0.10998
0.28908 0.00596 0.11239
0.28958 0.00602 0.11176
0.29009 0.00594 0.11128
0.29059 0.00596 0.11339
0.29110 0.00596 0.11262
0.29161 0.00604 0.11455
0.29212 0.00585 0.11323
0.29262 0.00588 0.11276
0.29313 0.00593 0.11005
0.29363 0.00600 0.11379
0.29414 0.00575 0.11198
0.29465 0.00588 0.10921
0.29515 0.00578 0.11144
0.29566 0.00589 0.11043
0.29617 0.00591 0.11229
0.29667 0.00589 0.11320
0.29718 0.00577 0.11211
0.29769 0.00590 0.11210
0.29819 0.00586 0.11231
0.29870 0.00589 0.11500
0.29921 0.00598 0.11224
0.29971 0.00596 0.11234
0.30022 0.00588 0.10962
0.30073 0.00592 0.11262
0.30123 0.00590 0.11397
0.30174 0.00589 0.11231
0.30225 0.00596 0.11170
0.30275 0.00590 0.11184
0.30326 0.00587 0.11456
0.30377 0.00574 0.10921
0.30427 0.00581 0.11044
0.30478 0.00582 0.11075
0.30528 0.00570 0.10902
0.30579 0.00582 0.11154
0.30630 0.00577 0.10928
0.30680 0.00583 0.11065
0.30731 0.00568 0.11029
0.30782 0.00574 0.11089
0.30832 0.00576 0.11109
0.30883 0.00579 0.10963
0.30934 0.00581 0.10889
0.30984 0.00580 0.11098
0.31035 0.00585 0.11253
0.31086 0.00590 0.11522
0.31136 0.00583 0.11462
0.31187 0.00590 0.11845
0.31238 0.00585 0.11632
0.31288 0.00574 0.11773
0.31339 0.00590 0.11770
0.31390 0.00587 0.11659
0.31440 0.00575 0.11519
0.31491 0.00583 0.11796
0.31542 0.00575 0.12020
0.31592 0.00576 0.11641
0.31643 0.00586 0.11974
0.31694 0.00576 0.11927
0.31744 0.00585 0.11965
0.31795 0.00579 0.11962
0.31845 0.00577 0.12040
0.31896 0.00578 0.12176
0.31947 0.00595 0.12389
0.31998 0.00572 0.12095
0.32048 0.00587 0.12043
0.32099 0.00582 0.11863
0.32149 0.00575 0.13155
0.32200 0.00584 0.12031
0.32251 0.00582 0.12138
0.32301 0.00581 0.12075
0.32352 0.00579 0.11997
0.32403 0.00579 0.11934
0.32453 0.00578 0.12092
0.32504 0.00580 0.11861
0.32555 0.00589 0.12272
0.32605 0.00581 0.12012
0.32656 0.00582 0.11928
0.32707 0.00579 0.12010
0.32757 0.00578 0.11943
0.32808 0.00578 0.12216
0.32859 0.00585 0.11872
0.32909 0.00582 0.12190
0.32960 0.00573 0.12116
0.33010 0.00574 0.12268
0.33061 0.00585 0.11992
0.33112 0.00578 0.12162
0.33162 0.00571 0.12204
0.33213 0.00569 0.11889
0.33264 0.00585 0.12070
0.33314 0.00580 0.12050
0.33365 0.00583 0.12515
0.33416 0.00570 0.12352
0.33466 0.00578 0.12529
0.33517 0.00575 0.12529
0.33568 0.00579 0.12547
0.33618 0.00574 0.12169
0.33669 0.00568 0.12475
0.33720 0.00574 0.12509
0.33770 0.00579 0.12117
0.33821 0.00585 0.12484
0.33871 0.00574 0.12147
0.33922 0.00565 0.12020
0.33973 0.00577 0.12531
0.34024 0.00575 0.12542
0.34074 0.00575 0.12411
0.34125 0.00580 0.12508
0.34175 0.00586 0.12494
0.34226 0.00571 0.12630
0.34277 0.00571 0.12612
0.34327 0.00578 0.12489
0.34378 0.00573 0.12688
0.34429 0.00572 0.12410
0.34479 0.00581 0.12851
0.34530 0.00576 0.12488
0.34581 0.00565 0.12531
0.34631 0.00584 0.12457
0.34682 0.00575 0.13023
0.34732 0.00570 0.12481
0.34783 0.00569 0.12615
0.34834 0.00570 0.13017
0.34885 0.00568 0.12700
0.34935 0.00584 0.12809
0.34986 0.00572 0.12797
0.35036 0.00577 0.12677
0.35087 0.00576 0.12753
0.35138 0.00570 0.12456
0.35188 0.00573 0.12542
0.35239 0.00574 0.12758
0.35290 0.00577 0.12607
0.35340 0.00564 0.12428
0.35391 0.00573 0.12927
0.35442 0.00568 0.12611
0.35492 0.00575 0.12339
0.35543 0.00558 0.12147
0.35594 0.00563 0.12218
0.35644 0.00575 0.12068
0.35695 0.00565 0.11881
0.35746 0.00565 0.11878
0.35796 0.00567 0.11670
0.35847 0.00574 0.11960
0.35897 0.00562 0.11738
0.35948 0.00576 0.12139
0.35999 0.00570 0.12028
0.36049 0.00559 0.12052
0.36100 0.00579 0.12219
0.36151 0.00567 0.12235
0.36201 0.00577 0.12086
0.36252 0.00564 0.12012
0.36303 0.00564 0.12091
0.36353 0.00566 0.12240
0.36404 0.00561 0.12308
0.36455 0.00570 0.12285
0.36505 0.00568 0.12295
0.36556 0.00556 0.11832
0.36606 0.00561 0.12202
0.36657 0.00573 0.12294
0.36708 0.00561 0.12413
0.36758 0.00564 0.12136
0.36809 0.00559 0.12326
0.36860 0.00574 0.12457
0.36910 0.00565 0.12812
0.36961 0.00552 0.12718
0.37012 0.00555 0.12595
0.37062 0.00557 0.12621
0.37113 0.00554 0.12694
0.37163 0.00559 0.12770
0.37214 0.00554 0.12557
0.37265 0.00563 0.12993
0.37316 0.00565 0.13179
0.37366 0.00566 0.12764
0.37417 0.00550 0.12669
0.37467 0.00569 0.13076
0.37518 0.00558 0.12834
0.37569 0.00571 0.12886
0.37619 0.00562 0.13114
0.37670 0.00564 0.13081
0.37721 0.00570 0.13257
0.37771 0.00571 0.13571
0.37822 0.00571 0.13811
0.37872 0.00568 0.13669
0.37923 0.00566 0.13557
0.37974 0.00569 0.13972
0.38024 0.00562 0.13285
0.38075 0.00556 0.13241
0.38126 0.00553 0.13429
0.38176 0.00563 0.14565
0.38227 0.00552 0.13670
0.38278 0.00548 0.13925
0.38328 0.00551 0.13554
0.38379 0.00555 0.14008
0.38430 0.00566 0.14567
0.38480 0.00569 0.14459
0.38531 0.00553 0.13701
0.38582 0.00562 0.14362
0.38632 0.00562 0.14605
0.38683 0.00561 0.14650
0.38733 0.00561 0.14547
0.38784 0.00552 0.14279
0.38835 0.00553 0.14674
0.38885 0.00557 0.14818
0.38936 0.00568 0.14822
0.38987 0.00555 0.14728
0.39037 0.00558 0.14647
0.39088 0.00568 0.14951
0.39138 0.00565 0.14952
0.39189 0.00563 0.15351
0.39240 0.00551 0.15215
0.39291 0.00555 0.15140
0.39341 0.00553 0.15618
0.39392 0.00556 0.14859
0.39442 0.00541 0.17738
0.39493 0.00545 0.15729
0.39544 0.00549 0.15401
0.39594 0.00558 0.16248
0.39645 0.00553 0.15392
0.39696 0.00571 0.16086
0.39746 0.00560 0.15993
0.39797 0.00554 0.15782
0.39848 0.00559 0.16414
0.39898 0.00554 0.16411
0.39949 0.00550 0.15631
0.39999 0.00556 0.16452
0.40050 0.00552 0.15952
0.40101 0.00568 0.17385
0.40151 0.00548 0.16298
0.40202 0.00554 0.16322
0.40253 0.00552 0.16641
0.40303 0.00545 0.16271
0.40354 0.00548 0.16596
0.40404 0.00539 0.16383
0.40455 0.00542 0.17024
0.40506 0.00557 0.16510
0.40556 0.00541 0.16249
0.40607 0.00545 0.16732
0.40658 0.00543 0.16717
0.40708 0.00553 0.16806
0.40759 0.00537 0.16580
0.40810 0.00540 0.17716
0.40860 0.00542 0.16903
0.40911 0.00544 0.16424
0.40962 0.00550 0.17815
0.41012 0.00548 0.17669
0.41063 0.00536 0.16929
0.41113 0.00548 0.16730
0.41164 0.00531 0.17336
0.41215 0.00542 0.17705
0.41265 0.00543 0.17370
0.41316 0.00522 0.17161
0.41367 0.00548 0.17841
0.41417 0.00532 0.17653
0.41468 0.00540 0.17408
0.41519 0.00551 0.17803
0.41569 0.00538 0.18268
0.41620 0.00535 0.17541
0.41670 0.00550 0.17628
0.41721 0.00531 0.17554
0.41772 0.00531 0.18358
0.41822 0.00542 0.18307
0.41873 0.00533 0.18215
0.41924 0.00525 0.17825
0.41974 0.00542 0.17678
0.42025 0.00535 0.17332
0.42075 0.00545 0.18834
0.42126 0.00537 0.18918
0.42177 0.00551 0.18786
0.42227 0.00539 0.18797
0.42278 0.00524 0.17854
0.42329 0.00538 0.18409
0.42379 0.00535 0.18245
0.42430 0.00560 0.19610
0.42480 0.00528 0.19313
0.42531 0.00541 0.19277
0.42582 0.00535 0.18883
0.42632 0.00529 0.19454
0.42683 0.00536 0.19046
0.42734 0.00533 0.19759
0.42784 0.00525 0.19891
0.42835 0.00554 0.20026
0.42886 0.00525 0.19647
0.42936 0.00534 0.19171
0.42987 0.00531 0.19842
0.43038 0.00522 0.19575
0.43088 0.00533 0.19640
0.43139 0.00548 0.21720
0.43189 0.00552 0.21154
0.43240 0.00539 0.21030
0.43291 0.00544 0.21159
0.43341 0.00527 0.21523
0.43392 0.00535 0.21837
0.43443 0.00541 0.21615
0.43493 0.00547 0.22641
0.43544 0.00550 0.23458
0.43594 0.00547 0.22241
0.43645 0.00520 0.22929
0.43696 0.00538 0.22728
0.43746 0.00551 0.23291
0.43797 0.00518 0.21228
0.43848 0.00535 0.23344
0.43898 0.00541 0.23075
0.43949 0.00528 0.24337
0.44000 0.00543 0.24279
