0.00988 0.53501 81.29867
0.01039 0.37749 48.63881
0.01090 0.35497 47.00739
0.01140 0.29531 38.13124
0.01191 0.16585 18.73160
0.01242 0.20096 22.16316
0.01292 0.14601 12.95693
0.01343 0.11610 12.24754
0.01394 0.10683 8.41018
0.01444 0.09727 5.71210
0.01495 0.08533 3.25949
0.01546 0.07316 2.76763
0.01596 0.07086 2.33884
0.01647 0.06829 1.84007
0.01698 0.06418 1.25443
0.01748 0.05870 1.33423
0.01799 0.05608 0.99030
0.01850 0.05114 0.83657
0.01900 0.05047 0.77254
0.01951 0.04504 0.71999
0.02002 0.04566 0.63224
0.02052 0.04378 0.61495
0.02103 0.04263 0.59727
0.02154 0.04240 0.59062
0.02204 0.03986 0.59601
0.02255 0.03868 0.54759
0.02306 0.03787 0.51159
0.02356 0.03632 0.51540
0.02407 0.03619 0.48685
0.02458 0.03524 0.49255
0.02508 0.03420 0.47570
0.02559 0.03344 0.46545
0.02610 0.03375 0.45059
0.02661 0.03245 0.41295
0.02711 0.03193 0.42237
0.02762 0.03137 0.41636
0.02813 0.03142 0.39610
0.02863 0.03178 0.42416
0.02914 0.03040 0.38855
0.02965 0.03027 0.37980
0.03015 0.03026 0.39517
0.03066 0.02943 0.38968
0.03117 0.02904 0.39156
0.03167 0.02821 0.37123
0.03218 0.02861 0.35427
0.03269 0.02794 0.35413
0.03319 0.02800 0.34502
0.03370 0.02848 0.34469
0.03421 0.02715 0.34545
0.03471 0.02736 0.34541
0.03522 0.02771 0.35005
0.03573 0.02605 0.32989
0.03623 0.02617 0.34483
0.03674 0.02609 0.31213
0.03725 0.02607 0.31343
0.03775 0.02663 0.32537
0.03826 0.02607 0.31973
0.03877 0.02591 0.31269
0.03927 0.02578 0.30734
0.03978 0.02578 0.30763
0.04029 0.02588 0.30343
0.04079 0.02574 0.31327
0.04130 0.02574 0.30151
0.04181 0.02567 0.30275
0.04231 0.02524 0.28779
0.04282 0.02558 0.30000
0.04333 0.02482 0.28997
0.04384 0.02552 0.28122
0.04434 0.02504 0.28118
0.04485 0.02534 0.27630
0.04536 0.02498 0.27926
0.04586 0.02468 0.28956
0.04637 0.02518 0.28070
0.04688 0.02465 0.26748
0.04738 0.02423 0.26426
0.04789 0.02419 0.25755
0.04840 0.02424 0.25939
0.04890 0.02455 0.26280
0.04941 0.02404 0.25221
0.04992 0.02494 0.26571
0.05042 0.02422 0.26622
0.05093 0.02416 0.26062
0.05144 0.02440 0.24137
0.05194 0.02422 0.24525
0.05245 0.02384 0.25478
0.05296 0.02416 0.25200
0.05346 0.02447 0.25395
0.05397 0.02371 0.24292
0.05448 0.02392 0.24191
0.05498 0.02354 0.24047
0.05549 0.02361 0.23381
0.05600 0.02362 0.24341
0.05650 0.02324 0.23792
0.05701 0.02295 0.23303
0.05752 0.02351 0.23502
0.05803 0.02332 0.23210
0.05853 0.02387 0.23857
0.05904 0.02316 0.23852
0.05955 0.02338 0.23100
0.06005 0.02311 0.22891
0.06056 0.02262 0.22909
0.06107 0.02349 0.23541
0.06157 0.02305 0.22915
0.06208 0.02280 0.23044
0.06259 0.02291 0.22475
0.06309 0.02306 0.22466
0.06360 0.02327 0.22126
0.06411 0.02314 0.21664
0.06461 0.02247 0.22738
0.06512 0.02310 0.22466
0.06563 0.02252 0.21692
0.06613 0.02248 0.21368
0.06664 0.02266 0.21950
0.06715 0.02264 0.21592
0.06765 0.02279 0.21119
0.06816 0.02263 0.21194
0.06867 0.02222 0.20733
0.06917 0.02272 0.21261
0.06968 0.02281 0.21258
0.07019 0.02267 0.20962
0.07069 0.02296 0.20709
0.07120 0.02260 0.20912
0.07171 0.02271 0.20906
0.07222 0.02277 0.20321
0.07272 0.02260 0.20137
0.07323 0.02287 0.20788
0.07373 0.02258 0.20593
0.07424 0.02271 0.20137
0.07475 0.02230 0.20661
0.07526 0.02236 0.20610
0.07576 0.02219 0.19471
0.07627 0.02282 0.19320
0.07678 0.02223 0.18993
0.07728 0.02250 0.19432
0.07779 0.02228 0.20153
0.07830 0.02214 0.19528
0.07880 0.02252 0.18899
0.07931 0.02192 0.19187
0.07982 0.02231 0.20191
0.08032 0.02220 0.20460
0.08083 0.02241 0.19391
0.08134 0.02224 0.19491
0.08184 0.02201 0.19709
0.08235 0.02159 0.20269
0.08286 0.02210 0.19768
0.08336 0.02255 0.20167
0.08387 0.02213 0.19713
0.08438 0.02242 0.20319
0.08488 0.02231 0.20692
0.08539 0.02257 0.20106
0.08590 0.02188 0.20407
0.08640 0.02182 0.19549
0.08691 0.02197 0.19905
0.08742 0.02212 0.19577
0.08792 0.02178 0.19627
0.08843 0.02285 0.19764
0.08894 0.02202 0.20020
0.08944 0.02181 0.19502
0.08995 0.02163 0.19570
0.09046 0.02144 0.19599
0.09097 0.02197 0.19677
0.09147 0.02198 0.19660
0.09198 0.02260 0.20304
0.09248 0.02202 0.19784
0.09299 0.02168 0.19536
0.09350 0.02179 0.20523
0.09401 0.02187 0.19725
0.09451 0.02182 0.19665
0.09502 0.02156 0.20486
0.09552 0.02191 0.19422
0.09603 0.02166 0.19257
0.09654 0.02166 0.19876
0.09705 0.02180 0.19708
0.09755 0.02160 0.19380
0.09806 0.02128 0.19006
0.09857 0.02172 0.19974
0.09907 0.02222 0.19649
0.09958 0.02136 0.19563
0.10009 0.02136 0.19063
0.10059 0.02155 0.19435
0.10110 0.02187 0.19491
0.10161 0.02136 0.19109
0.10211 0.02177 0.19244
0.10262 0.02153 0.19110
0.10313 0.02176 0.19659
0.10363 0.02212 0.20414
0.10414 0.02165 0.19680
0.10465 0.02143 0.19636
0.10515 0.02189 0.19495
0.10566 0.02143 0.19478
0.10617 0.02104 0.19373
0.10667 0.02149 0.18631
0.10718 0.02163 0.19536
0.10769 0.02154 0.18493
0.10819 0.02153 0.18744
0.10870 0.02182 0.18218
0.10921 0.02166 0.18412
0.10971 0.02156 0.17869
0.11022 0.02074 0.18379
0.11073 0.02167 0.17873
0.11124 0.02146 0.18503
0.11174 0.02058 0.17356
0.11225 0.02114 0.17555
0.11275 0.02139 0.17202
0.11326 0.02118 0.17810
0.11377 0.02154 0.18094
0.11428 0.02120 0.16380
0.11478 0.02101 0.17139
0.11529 0.02116 0.17804
0.11579 0.02117 0.17038
0.11630 0.02077 0.16784
0.11681 0.02141 0.17464
0.11732 0.02133 0.16701
0.11782 0.02125 0.16614
0.11833 0.02121 0.17210
0.11884 0.02103 0.17179
0.11934 0.02082 0.16587
0.11985 0.02065 0.16109
0.12036 0.02089 0.16353
0.12086 0.02106 0.16166
0.12137 0.02072 0.16381
0.12188 0.02083 0.16517
0.12238 0.02164 0.17115
0.12289 0.02084 0.15984
0.12340 0.02099 0.16215
0.12390 0.02099 0.16620
0.12441 0.02067 0.15860
0.12492 0.02112 0.15796
0.12542 0.02085 0.15897
0.12593 0.02129 0.15868
0.12644 0.02098 0.16030
0.12694 0.02070 0.15626
0.12745 0.02105 0.15910
0.12796 0.02089 0.15808
0.12846 0.02105 0.15672
0.12897 0.02075 0.15531
0.12948 0.02066 0.15059
0.12998 0.02093 0.15479
0.13049 0.02072 0.15247
0.13100 0.02050 0.15678
0.13150 0.02086 0.15706
0.13201 0.02090 0.15164
0.13252 0.02108 0.15170
0.13302 0.02121 0.15076
0.13353 0.02060 0.14782
0.13404 0.02064 0.14829
0.13454 0.02091 0.14943
0.13505 0.02050 0.14982
0.13556 0.02089 0.15033
0.13606 0.02095 0.15086
0.13657 0.02116 0.15233
0.13708 0.02093 0.15081
0.13759 0.02080 0.15194
0.13809 0.02049 0.14515
0.13860 0.02084 0.14990
0.13911 0.02050 0.14613
0.13961 0.02058 0.14441
0.14012 0.02041 0.14351
0.14062 0.02068 0.14486
0.14113 0.02070 0.14956
0.14164 0.02022 0.14206
0.14214 0.02072 0.14351
0.14265 0.02062 0.14610
0.14316 0.02092 0.14663
0.14367 0.02049 0.14079
0.14417 0.02053 0.14370
0.14468 0.02072 0.14351
0.14519 0.02053 0.14333
0.14569 0.02040 0.13739
0.14620 0.02074 0.14471
0.14671 0.02051 0.14233
0.14721 0.02049 0.13900
0.14772 0.02032 0.14263
0.14823 0.02077 0.13958
0.14873 0.02098 0.14233
0.14924 0.02031 0.13946
0.14975 0.02088 0.14369
0.15025 0.02040 0.14199
0.15076 0.02046 0.14366
0.15127 0.02038 0.14410
0.15177 0.02030 0.13889
0.15228 0.02066 0.14150
0.15279 0.02033 0.13681
0.15329 0.02016 0.13529
0.15380 0.02042 0.13409
0.15431 0.02050 0.14261
0.15481 0.02063 0.14010
0.15532 0.02037 0.13762
0.15583 0.01988 0.13308
0.15633 0.01994 0.13278
0.15684 0.02022 0.13463
0.15735 0.02036 0.13584
0.15785 0.02031 0.13645
0.15836 0.02043 0.13194
0.15887 0.02041 0.13497
0.15937 0.02002 0.13383
0.15988 0.02064 0.13643
0.16039 0.02013 0.13385
0.16089 0.01994 0.13313
0.16140 0.02061 0.13423
0.16191 0.02000 0.13031
0.16241 0.02049 0.13116
0.16292 0.02010 0.12999
0.16343 0.02008 0.12924
0.16393 0.02016 0.13024
0.16444 0.02032 0.13155
0.16495 0.01989 0.12921
0.16545 0.02035 0.13355
0.16596 0.02009 0.13049
0.16647 0.01993 0.13275
0.16697 0.01995 0.12962
0.16748 0.02008 0.12908
0.16799 0.02036 0.13083
0.16850 0.02011 0.13187
0.16900 0.01986 0.12921
0.16951 0.02039 0.13526
0.17001 0.02025 0.13119
0.17052 0.02024 0.13612
0.17103 0.02013 0.13127
0.17153 0.02049 0.13359
0.17204 0.01997 0.13205
0.17255 0.01993 0.13169
0.17305 0.01959 0.13027
0.17356 0.02004 0.13482
0.17407 0.02016 0.13556
0.17458 0.02014 0.13199
0.17508 0.01989 0.12917
0.17559 0.02037 0.13821
0.17610 0.02014 0.13303
0.17660 0.02013 0.13349
0.17711 0.02010 0.13382
0.17761 0.01995 0.13402
0.17812 0.02000 0.13665
0.17863 0.01962 0.13367
0.17913 0.01969 0.13412
0.17964 0.01996 0.13225
0.18015 0.01972 0.13012
0.18066 0.02011 0.13433
0.18116 0.02010 0.13622
0.18167 0.02015 0.13459
0.18218 0.02003 0.13371
0.18268 0.02010 0.13799
0.18319 0.01994 0.13949
0.18369 0.01988 0.13590
0.18420 0.01995 0.13603
0.18471 0.01940 0.13626
0.18522 0.02043 0.13957
0.18572 0.01986 0.13861
0.18623 0.01963 0.13968
0.18674 0.01993 0.14340
0.18724 0.02001 0.13770
0.18775 0.02024 0.14018
0.18826 0.01963 0.14120
0.18876 0.02007 0.14120
0.18927 0.02017 0.14701
0.18978 0.01980 0.14127
0.19028 0.01998 0.14380
0.19079 0.02010 0.13857
0.19130 0.02004 0.14463
0.19180 0.02012 0.13970
0.19231 0.01972 0.14242
0.19282 0.01972 0.14230
0.19332 0.01993 0.14275
0.19383 0.01992 0.14810
0.19434 0.01975 0.14197
0.19484 0.01993 0.14361
0.19535 0.02000 0.14660
0.19586 0.01976 0.14497
0.19636 0.01998 0.14706
0.19687 0.01998 0.14620
0.19738 0.01985 0.14543
0.19788 0.01973 0.14244
0.19839 0.01998 0.14756
0.19890 0.01968 0.14662
0.19940 0.02000 0.14996
0.19991 0.02024 0.14539
0.20042 0.02047 0.14789
0.20092 0.01968 0.14691
0.20143 0.02012 0.14938
0.20194 0.01985 0.14141
0.20244 0.01980 0.14484
0.20295 0.02013 0.14711
0.20346 0.01997 0.14608
0.20396 0.01976 0.14863
0.20447 0.01978 0.14797
0.20498 0.01961 0.14454
0.20548 0.01979 0.14655
0.20599 0.01980 0.14623
0.20650 0.01951 0.14375
0.20700 0.01978 0.13909
0.20751 0.01977 0.14146
0.20802 0.01967 0.14367
0.20852 0.01990 0.14243
0.20903 0.01969 0.14525
0.20954 0.01958 0.14526
0.21004 0.01949 0.14145
0.21055 0.01955 0.14624
0.21106 0.01959 0.14400
0.21156 0.01954 0.14477
0.21207 0.01982 0.14739
0.21258 0.01929 0.14338
0.21308 0.01969 0.14685
0.21359 0.01940 0.14101
0.21410 0.01919 0.14227
0.21460 0.01955 0.14597
0.21511 0.01969 0.14342
0.21562 0.01973 0.14020
0.21612 0.01927 0.14172
0.21663 0.01911 0.14292
0.21714 0.01941 0.14285
0.21764 0.01945 0.14338
0.21815 0.01965 0.14604
0.21866 0.01953 0.14085
0.21916 0.01963 0.14748
0.21967 0.01951 0.14440
0.22018 0.01924 0.14433
0.22068 0.01919 0.13674
0.22119 0.01897 0.13957
0.22170 0.01961 0.14512
0.22220 0.01939 0.14518
0.22271 0.01941 0.14369
0.22322 0.01944 0.14272
0.22372 0.01927 0.14337
0.22423 0.01931 0.14124
0.22474 0.01942 0.14228
0.22524 0.01958 0.13967
0.22575 0.01920 0.14181
0.22626 0.01923 0.14234
0.22676 0.01966 0.13963
0.22727 0.01929 0.13791
0.22778 0.01947 0.13556
0.22828 0.01953 0.13835
0.22879 0.01948 0.14064
0.22930 0.01936 0.13879
0.22980 0.01935 0.14084
0.23031 0.01942 0.14162
0.23082 0.01915 0.13658
0.23132 0.01935 0.13760
0.23183 0.01946 0.13795
0.23234 0.01951 0.13918
0.23284 0.01880 0.13349
0.23335 0.01901 0.13009
0.23386 0.01952 0.13146
0.23436 0.01934 0.13216
0.23487 0.01909 0.13393
0.23538 0.01926 0.13307
0.23588 0.01936 0.13200
0.23639 0.01903 0.13057
0.23689 0.01953 0.13504
0.23740 0.01887 0.12941
0.23791 0.01903 0.13250
0.23841 0.01902 0.13215
0.23892 0.01894 0.13022
0.23943 0.01925 0.13315
0.23994 0.01921 0.13266
0.24044 0.01901 0.12968
0.24095 0.01904 0.13273
0.24146 0.01935 0.13202
0.24196 0.01911 0.13092
0.24247 0.01898 0.12690
0.24297 0.01906 0.13019
0.24348 0.01919 0.13017
0.24399 0.01913 0.12659
0.24449 0.01890 0.12927
0.24500 0.01897 0.12723
0.24551 0.01899 0.12767
0.24602 0.01898 0.12870
0.24652 0.01913 0.12734
0.24703 0.01909 0.12907
0.24753 0.01868 0.12791
0.24804 0.01910 0.12880
0.24855 0.01902 0.12611
0.24905 0.01888 0.12789
0.24956 0.01885 0.12683
0.25007 0.01878 0.12470
0.25057 0.01883 0.12654
0.25108 0.01880 0.12440
0.25159 0.01925 0.12571
0.25209 0.01890 0.12396
0.25260 0.01883 0.12587
0.25311 0.01897 0.12426
0.25361 0.01904 0.12653
0.25412 0.01881 0.12176
0.25463 0.01894 0.12367
0.25513 0.01886 0.12406
0.25564 0.01905 0.12361
0.25615 0.01916 0.12698
0.25665 0.01863 0.12559
0.25716 0.01891 0.12114
0.25767 0.01898 0.12474
0.25817 0.01917 0.12173
0.25868 0.01896 0.12125
0.25919 0.01863 0.11960
0.25969 0.01889 0.12355
0.26020 0.01855 0.11893
0.26071 0.01895 0.11942
0.26121 0.01889 0.12114
0.26172 0.01892 0.11886
0.26223 0.01885 0.11969
0.26273 0.01878 0.11790
0.26324 0.01883 0.11914
0.26375 0.01840 0.11740
0.26425 0.01900 0.11711
0.26476 0.01883 0.11844
0.26527 0.01864 0.11905
0.26577 0.01851 0.12019
0.26628 0.01898 0.11951
0.26679 0.01875 0.11725
0.26729 0.01892 0.12087
0.26780 0.01866 0.11760
0.26831 0.01876 0.11454
0.26881 0.01908 0.11985
0.26932 0.01914 0.11780
0.26982 0.01891 0.11841
0.27033 0.01882 0.12065
0.27084 0.01858 0.11675
0.27135 0.01865 0.11635
0.27185 0.01884 0.11645
0.27236 0.01895 0.11891
0.27287 0.01875 0.11656
0.27337 0.01860 0.11641
0.27388 0.01847 0.11731
0.27438 0.01846 0.11544
0.27489 0.01856 0.11600
0.27540 0.01840 0.11359
0.27590 0.01815 0.11542
0.27641 0.01836 0.11338
0.27692 0.01856 0.11394
0.27742 0.01856 0.11277
0.27793 0.01854 0.11508
0.27844 0.01868 0.11475
0.27894 0.01835 0.11394
0.27945 0.01840 0.11337
0.27996 0.01816 0.11408
0.28046 0.01842 0.11043
0.28097 0.01825 0.11182
0.28148 0.01880 0.11544
0.28198 0.01842 0.11487
0.28249 0.01867 0.11363
0.28300 0.01839 0.11353
0.28350 0.01870 0.11480
0.28401 0.01848 0.11272
0.28452 0.01852 0.11114
0.28502 0.01842 0.11176
0.28553 0.01872 0.11419
0.28604 0.01863 0.11168
0.28654 0.01842 0.11492
0.28705 0.01843 0.11014
0.28756 0.01853 0.11037
0.28806 0.01839 0.11156
0.28857 0.01815 0.11222
0.28908 0.01859 0.11295
0.28958 0.01831 0.11173
0.29009 0.01852 0.11289
0.29059 0.01797 0.11185
0.29110 0.01815 0.11151
0.29161 0.01829 0.11079
0.29212 0.01839 0.11333
0.29262 0.01820 0.11394
0.29313 0.01826 0.11008
0.29363 0.01835 0.11254
0.29414 0.01828 0.11230
0.29465 0.01810 0.11218
0.29515 0.01852 0.11644
0.29566 0.01830 0.11243
0.29617 0.01804 0.11065
0.29667 0.01817 0.11243
0.29718 0.01829 0.11236
0.29769 0.01825 0.11459
0.29819 0.01819 0.10838
0.29870 0.01813 0.11198
0.29921 0.01800 0.11172
0.29971 0.01771 0.11315
0.30022 0.01803 0.11330
0.30073 0.01823 0.11185
0.30123 0.01805 0.11232
0.30174 0.01792 0.10966
0.30225 0.01831 0.11323
0.30275 0.01809 0.11299
0.30326 0.01806 0.11121
0.30377 0.01830 0.11155
0.30427 0.01778 0.10990
0.30478 0.01824 0.11273
0.30528 0.01781 0.10815
0.30579 0.01812 0.11268
0.30630 0.01800 0.11289
0.30680 0.01783 0.10843
0.30731 0.01791 0.10840
0.30782 0.01785 0.11046
0.30832 0.01793 0.10878
0.30883 0.01797 0.11050
0.30934 0.01817 0.11129
0.30984 0.01790 0.10960
0.31035 0.01828 0.11437
0.31086 0.01802 0.11260
0.31136 0.01784 0.11588
0.31187 0.01795 0.11515
0.31238 0.01779 0.11665
0.31288 0.01824 0.11597
0.31339 0.01792 0.11759
0.31390 0.01789 0.11946
0.31440 0.01812 0.11815
0.31491 0.01787 0.11848
0.31542 0.01795 0.12062
0.31592 0.01790 0.11877
0.31643 0.01794 0.11758
0.31694 0.01829 0.12209
0.31744 0.01784 0.12052
0.31795 0.01796 0.11915
0.31845 0.01815 0.12183
0.31896 0.01784 0.12146
0.31947 0.01802 0.11911
0.31998 0.01813 0.12298
0.32048 0.01813 0.12084
0.32099 0.01786 0.11855
0.32149 0.01796 0.12658
0.32200 0.01758 0.11918
0.32251 0.01800 0.12134
0.32301 0.01773 0.11730
0.32352 0.01783 0.11872
0.32403 0.01779 0.12096
0.32453 0.01787 0.12243
0.32504 0.01776 0.11886
0.32555 0.01797 0.12022
0.32605 0.01794 0.12066
0.32656 0.01789 0.11978
0.32707 0.01823 0.12183
0.32757 0.01760 0.12017
0.32808 0.01751 0.12028
0.32859 0.01797 0.12096
0.32909 0.01809 0.12423
0.32960 0.01799 0.12351
0.33010 0.01789 0.11940
0.33061 0.01808 0.12422
0.33112 0.01769 0.12167
0.33162 0.01748 0.12141
0.33213 0.01798 0.12054
0.33264 0.01793 0.12196
0.33314 0.01793 0.12315
0.33365 0.01780 0.12086
0.33416 0.01779 0.12619
0.33466 0.01782 0.12027
0.33517 0.01789 0.12203
0.33568 0.01785 0.12172
0.33618 0.01809 0.12392
0.33669 0.01784 0.12730
0.33720 0.01768 0.12068
0.33770 0.01796 0.12499
0.33821 0.01797 0.12408
0.33871 0.01777 0.12318
0.33922 0.01783 0.12292
0.33973 0.01789 0.12221
0.34024 0.01783 0.12570
0.34074 0.01779 0.12479
0.34125 0.01773 0.12506
0.34175 0.01806 0.12993
0.34226 0.01765 0.12083
0.34277 0.01746 0.12251
0.34327 0.01781 0.12134
0.34378 0.01812 0.12800
0.34429 0.01788 0.12718
0.34479 0.01765 0.12587
0.34530 0.01744 0.12469
0.34581 0.01780 0.12457
0.34631 0.01809 0.12609
0.34682 0.01776 0.12295
0.34732 0.01789 0.12480
0.34783 0.01794 0.12528
0.34834 0.01785 0.12659
0.34885 0.01779 0.12540
0.34935 0.01768 0.12471
0.34986 0.01759 0.12225
0.35036 0.01756 0.12434
0.35087 0.01785 0.12926
0.35138 0.01735 0.12690
0.35188 0.01740 0.12524
0.35239 0.01776 0.12625
0.35290 0.01776 0.12501
0.35340 0.01772 0.12611
0.35391 0.01766 0.12467
0.35442 0.01749 0.12678
0.35492 0.01754 0.12168
0.35543 0.01734 0.11769
0.35594 0.01718 0.12057
0.35644 0.01772 0.12315
0.35695 0.01768 0.11972
0.35746 0.01765 0.11852
0.35796 0.01743 0.11788
0.35847 0.01740 0.11937
0.35897 0.01777 0.12275
0.35948 0.01788 0.12217
0.35999 0.01760 0.11881
0.36049 0.01765 0.12101
0.36100 0.01782 0.11992
0.36151 0.01760 0.11577
0.36201 0.01710 0.11751
0.36252 0.01747 0.11954
0.36303 0.01756 0.11965
0.36353 0.01774 0.12004
0.36404 0.01755 0.12140
0.36455 0.01757 0.12416
0.36505 0.01776 0.11976
0.36556 0.01783 0.12080
0.36606 0.01718 0.11856
0.36657 0.01733 0.12275
0.36708 0.01740 0.12430
0.36758 0.01755 0.12540
0.36809 0.01723 0.12061
0.36860 0.01727 0.12272
0.36910 0.01731 0.12598
0.36961 0.01722 0.12650
0.37012 0.01714 0.12655
0.37062 0.01732 0.12534
0.37113 0.01723 0.12582
0.37163 0.01720 0.12944
0.37214 0.01714 0.12663
0.37265 0.01739 0.13172
0.37316 0.01754 0.13003
0.37366 0.01746 0.13166
0.37417 0.01720 0.12776
0.37467 0.01757 0.13132
0.37518 0.01743 0.12936
0.37569 0.01728 0.12576
0.37619 0.01768 0.13112
0.37670 0.01760 0.12953
0.37721 0.01758 0.13444
0.37771 0.01745 0.12975
0.37822 0.01695 0.13310
0.37872 0.01757 0.13438
0.37923 0.01734 0.13298
0.37974 0.01713 0.13451
0.38024 0.01717 0.13921
0.38075 0.01730 0.13785
0.38126 0.01737 0.13913
0.38176 0.01754 0.14119
0.38227 0.01726 0.13534
0.38278 0.01714 0.13741
0.38328 0.01706 0.13675
0.38379 0.01657 0.13441
0.38430 0.01756 0.14228
0.38480 0.01713 0.13780
0.38531 0.01704 0.14206
0.38582 0.01731 0.14508
0.38632 0.01729 0.14234
0.38683 0.01736 0.14236
0.38733 0.01725 0.14325
0.38784 0.01725 0.14011
0.38835 0.01734 0.14461
0.38885 0.01725 0.14426
0.38936 0.01719 0.14619
0.38987 0.01770 0.14838
0.39037 0.01712 0.14897
0.39088 0.01751 0.15099
0.39138 0.01768 0.15094
0.39189 0.01731 0.14875
0.39240 0.01712 0.15154
0.39291 0.01743 0.14461
0.39341 0.01736 0.15676
0.39392 0.01698 0.14979
0.39442 0.01729 0.16657
0.39493 0.01702 0.15880
0.39544 0.01712 0.15530
0.39594 0.01695 0.15867
0.39645 0.01693 0.15113
0.39696 0.01715 0.15695
0.39746 0.01739 0.15990
0.39797 0.01676 0.15862
0.39848 0.01705 0.16341
0.39898 0.01741 0.16222
0.39949 0.01716 0.16222
0.39999 0.01714 0.16350
0.40050 0.01722 0.15919
0.40101 0.01705 0.16515
0.40151 0.01719 0.17199
0.40202 0.01705 0.16636
0.40253 0.01729 0.16963
0.40303 0.01652 0.16315
0.40354 0.01689 0.16036
0.40404 0.01673 0.16589
0.40455 0.01679 0.16637
0.40506 0.01671 0.16190
0.40556 0.01621 0.16138
0.40607 0.01686 0.16664
0.40658 0.01655 0.17121
0.40708 0.01692 0.16760
0.40759 0.01680 0.16814
0.40810 0.01693 0.17081
0.40860 0.01690 0.17272
0.40911 0.01675 0.16949
0.40962 0.01660 0.16763
0.41012 0.01678 0.17572
0.41063 0.01653 0.17066
0.41113 0.01625 0.16726
0.41164 0.01674 0.17401
0.41215 0.01717 0.17639
0.41265 0.01668 0.16831
0.41316 0.01665 0.17810
0.41367 0.01651 0.17789
0.41417 0.01654 0.16979
0.41468 0.01666 0.17427
0.41519 0.01644 0.17073
0.41569 0.01669 0.17992
0.41620 0.01636 0.17614
0.41670 0.01623 0.17552
0.41721 0.01652 0.18322
0.41772 0.01631 0.18046
0.41822 0.01633 0.17856
0.41873 0.01589 0.17151
0.41924 0.01644 0.17829
0.41974 0.01694 0.17839
0.42025 0.01672 0.18483
0.42075 0.01646 0.17992
0.42126 0.01633 0.18179
0.42177 0.01645 0.17900
0.42227 0.01714 0.18490
0.42278 0.01635 0.18607
0.42329 0.01677 0.18469
0.42379 0.01651 0.18342
0.42430 0.01665 0.18940
0.42480 0.01602 0.18724
0.42531 0.01636 0.18353
0.42582 0.01658 0.18582
0.42632 0.01639 0.19971
0.42683 0.01670 0.18373
0.42734 0.01698 0.19418
0.42784 0.01658 0.19601
0.42835 0.01627 0.20457
0.42886 0.01707 0.20249
0.42936 0.01635 0.19528
0.42987 0.01634 0.21046
0.43038 0.01665 0.20202
0.43088 0.01661 0.20883
0.43139 0.01628 0.20284
0.43189 0.01658 0.21143
0.43240 0.01694 0.20490
0.43291 0.01646 0.20818
0.43341 0.01669 0.21784
0.43392 0.01663 0.21036
0.43443 0.01682 0.21791
0.43493 0.01642 0.21535
0.43544 0.01677 0.22039
0.43594 0.01676 0.22287
0.43645 0.01656 0.22427
0.43696 0.01668 0.22776
0.43746 0.01600 0.22594
0.43797 0.01669 0.22461
0.43848 0.01696 0.24161
0.43898 0.01674 0.23803
0.43949 0.01649 0.22851
0.44000 0.01653 0.23590
