0.00988 0.29072 85.98447
0.01039 0.19568 47.03070
0.01090 0.18461 45.49041
0.01140 0.16010 35.59412
0.01191 0.08826 19.68802
0.01242 0.09644 20.86552
0.01292 0.07667 12.55652
0.01343 0.05822 12.64637
0.01394 0.05592 6.97961
0.01444 0.05058 5.79566
0.01495 0.04449 3.37143
0.01546 0.04019 3.30401
0.01596 0.03558 2.18783
0.01647 0.03573 1.97443
0.01698 0.03292 1.33470
0.01748 0.03076 1.15729
0.01799 0.02976 1.07820
0.01850 0.02801 0.86636
0.01900 0.02639 0.77234
0.01951 0.02466 0.72172
0.02002 0.02360 0.63626
0.02052 0.02296 0.69329
0.02103 0.02280 0.64570
0.02154 0.02098 0.54435
0.02204 0.02119 0.60124
0.02255 0.02012 0.57091
0.02306 0.01983 0.52427
0.02356 0.01965 0.51353
0.02407 0.01933 0.51904
0.02458 0.01981 0.52357
0.02508 0.01815 0.45683
0.02559 0.01762 0.47130
0.02610 0.01774 0.42814
0.02661 0.01668 0.42513
0.02711 0.01753 0.43233
0.02762 0.01600 0.41654
0.02813 0.01737 0.40793
0.02863 0.01717 0.42618
0.02914 0.01665 0.41174
0.02965 0.01628 0.38033
0.03015 0.01527 0.35419
0.03066 0.01502 0.37586
0.03117 0.01517 0.35913
0.03167 0.01526 0.37592
0.03218 0.01478 0.36305
0.03269 0.01448 0.36199
0.03319 0.01456 0.35059
0.03370 0.01477 0.33946
0.03421 0.01468 0.35663
0.03471 0.01452 0.33170
0.03522 0.01433 0.34801
0.03573 0.01469 0.33616
0.03623 0.01382 0.31067
0.03674 0.01437 0.32946
0.03725 0.01379 0.31388
0.03775 0.01392 0.32669
0.03826 0.01386 0.32501
0.03877 0.01385 0.30019
0.03927 0.01382 0.30480
0.03978 0.01368 0.29591
0.04029 0.01392 0.32735
0.04079 0.01359 0.30347
0.04130 0.01368 0.29155
0.04181 0.01325 0.28624
0.04231 0.01371 0.30906
0.04282 0.01334 0.29382
0.04333 0.01313 0.28618
0.04384 0.01330 0.29175
0.04434 0.01324 0.27898
0.04485 0.01368 0.28171
0.04536 0.01287 0.28017
0.04586 0.01315 0.28091
0.04637 0.01291 0.28058
0.04688 0.01288 0.26657
0.04738 0.01303 0.26244
0.04789 0.01279 0.26395
0.04840 0.01293 0.27621
0.04890 0.01275 0.26065
0.04941 0.01268 0.25515
0.04992 0.01310 0.26356
0.05042 0.01289 0.26424
0.05093 0.01256 0.26394
0.05144 0.01280 0.24813
0.05194 0.01236 0.24495
0.05245 0.01266 0.25292
0.05296 0.01268 0.24128
0.05346 0.01288 0.25219
0.05397 0.01261 0.24489
0.05448 0.01241 0.23898
0.05498 0.01249 0.24153
0.05549 0.01252 0.23734
0.05600 0.01255 0.25120
0.05650 0.01254 0.24120
0.05701 0.01228 0.23321
0.05752 0.01231 0.23892
0.05803 0.01250 0.22934
0.05853 0.01213 0.23470
0.05904 0.01243 0.23451
0.05955 0.01225 0.22636
0.06005 0.01227 0.23068
0.06056 0.01246 0.23216
0.06107 0.01235 0.22874
0.06157 0.01216 0.22198
0.06208 0.01208 0.22988
0.06259 0.01193 0.21874
0.06309 0.01233 0.22712
0.06360 0.01190 0.22139
0.06411 0.01199 0.22366
0.06461 0.01235 0.21948
0.06512 0.01217 0.21929
0.06563 0.01225 0.21346
0.06613 0.01215 0.21624
0.06664 0.01227 0.21921
0.06715 0.01199 0.20907
0.06765 0.01209 0.21119
0.06816 0.01211 0.21309
0.06867 0.01186 0.19887
0.06917 0.01205 0.20951
0.06968 0.01209 0.21074
0.07019 0.01212 0.21704
0.07069 0.01230 0.20735
0.07120 0.01213 0.21496
0.07171 0.01224 0.20869
0.07222 0.01217 0.21098
0.07272 0.01209 0.20375
0.07323 0.01192 0.19748
0.07373 0.01187 0.19367
0.07424 0.01200 0.20257
0.07475 0.01179 0.19917
0.07526 0.01167 0.20018
0.07576 0.01239 0.19663
0.07627 0.01200 0.20708
0.07678 0.01200 0.19850
0.07728 0.01208 0.19180
0.07779 0.01180 0.19611
0.07830 0.01212 0.20528
0.07880 0.01196 0.20275
0.07931 0.01203 0.19527
0.07982 0.01182 0.19745
0.08032 0.01198 0.19672
0.08083 0.01179 0.19842
0.08134 0.01197 0.20509
0.08184 0.01207 0.19297
0.08235 0.01185 0.20126
0.08286 0.01180 0.19760
0.08336 0.01148 0.19451
0.08387 0.01158 0.20303
0.08438 0.01213 0.20141
0.08488 0.01167 0.20380
0.08539 0.01176 0.19697
0.08590 0.01169 0.20005
0.08640 0.01188 0.20255
0.08691 0.01190 0.20406
0.08742 0.01172 0.19896
0.08792 0.01155 0.19267
0.08843 0.01156 0.20052
0.08894 0.01196 0.20014
0.08944 0.01165 0.19621
0.08995 0.01164 0.19061
0.09046 0.01176 0.20143
0.09097 0.01174 0.20491
0.09147 0.01154 0.19741
0.09198 0.01160 0.20125
0.09248 0.01188 0.20217
0.09299 0.01144 0.19776
0.09350 0.01172 0.19529
0.09401 0.01158 0.20165
0.09451 0.01168 0.18998
0.09502 0.01147 0.19433
0.09552 0.01183 0.19791
0.09603 0.01183 0.20473
0.09654 0.01158 0.19048
0.09705 0.01162 0.19178
0.09755 0.01174 0.19296
0.09806 0.01155 0.18989
0.09857 0.01156 0.19089
0.09907 0.01161 0.19595
0.09958 0.01142 0.18738
0.10009 0.01139 0.19066
0.10059 0.01160 0.18841
0.10110 0.01169 0.18703
0.10161 0.01166 0.19165
0.10211 0.01131 0.19135
0.10262 0.01175 0.19826
0.10313 0.01148 0.18980
0.10363 0.01169 0.19690
0.10414 0.01133 0.20181
0.10465 0.01133 0.19323
0.10515 0.01148 0.19475
0.10566 0.01147 0.18586
0.10617 0.01138 0.19524
0.10667 0.01152 0.19623
0.10718 0.01143 0.18707
0.10769 0.01125 0.17908
0.10819 0.01144 0.18291
0.10870 0.01140 0.18107
0.10921 0.01123 0.17967
0.10971 0.01124 0.17666
0.11022 0.01114 0.17624
0.11073 0.01130 0.17763
0.11124 0.01147 0.17199
0.11174 0.01141 0.18200
0.11225 0.01143 0.17549
0.11275 0.01114 0.17173
0.11326 0.01097 0.16813
0.11377 0.01132 0.17520
0.11428 0.01121 0.17010
0.11478 0.01115 0.16992
0.11529 0.01134 0.17130
0.11579 0.01116 0.16806
0.11630 0.01125 0.17409
0.11681 0.01115 0.17268
0.11732 0.01133 0.16906
0.11782 0.01114 0.16715
0.11833 0.01141 0.17053
0.11884 0.01103 0.16863
0.11934 0.01113 0.16506
0.11985 0.01099 0.16607
0.12036 0.01132 0.16643
0.12086 0.01108 0.17061
0.12137 0.01119 0.16626
0.12188 0.01117 0.16295
0.12238 0.01117 0.16585
0.12289 0.01125 0.16346
0.12340 0.01138 0.16340
0.12390 0.01113 0.16165
0.12441 0.01125 0.15721
0.12492 0.01132 0.16735
0.12542 0.01116 0.16580
0.12593 0.01100 0.16211
0.12644 0.01125 0.15860
0.12694 0.01124 0.15820
0.12745 0.01095 0.15564
0.12796 0.01123 0.15805
0.12846 0.01094 0.15443
0.12897 0.01094 0.15438
0.12948 0.01128 0.15553
0.12998 0.01120 0.15277
0.13049 0.01094 0.15440
0.13100 0.01119 0.15873
0.13150 0.01098 0.15152
0.13201 0.01110 0.15389
0.13252 0.01111 0.15085
0.13302 0.01108 0.15397
0.13353 0.01114 0.15050
0.13404 0.01123 0.15039
0.13454 0.01108 0.14907
0.13505 0.01111 0.15243
0.13556 0.01087 0.15042
0.13606 0.01094 0.14958
0.13657 0.01110 0.15298
0.13708 0.01096 0.14804
0.13759 0.01113 0.15200
0.13809 0.01087 0.14788
0.13860 0.01092 0.14535
0.13911 0.01113 0.14851
0.13961 0.01093 0.14741
0.14012 0.01092 0.14074
0.14062 0.01107 0.14384
0.14113 0.01122 0.14742
0.14164 0.01105 0.14362
0.14214 0.01091 0.14473
0.14265 0.01120 0.14389
0.14316 0.01098 0.14497
0.14367 0.01107 0.14298
0.14417 0.01090 0.14269
0.14468 0.01112 0.14676
0.14519 0.01078 0.14462
0.14569 0.01095 0.14095
0.14620 0.01098 0.14033
0.14671 0.01096 0.14108
0.14721 0.01097 0.14256
0.14772 0.01092 0.14255
0.14823 0.01082 0.14252
0.14873 0.01076 0.13840
0.14924 0.01103 0.14059
0.14975 0.01085 0.13880
0.15025 0.01108 0.14048
0.15076 0.01089 0.14474
0.15127 0.01092 0.13623
0.15177 0.01088 0.13651
0.15228 0.01078 0.13848
0.15279 0.01080 0.13878
0.15329 0.01092 0.13972
0.15380 0.01072 0.13396
0.15431 0.01078 0.13768
0.15481 0.01085 0.13866
0.15532 0.01082 0.13715
0.15583 0.01082 0.13652
0.15633 0.01086 0.13509
0.15684 0.01087 0.13581
0.15735 0.01093 0.13701
0.15785 0.01114 0.13388
0.15836 0.01091 0.13288
0.15887 0.01074 0.13169
0.15937 0.01073 0.13063
0.15988 0.01076 0.13274
0.16039 0.01096 0.13501
0.16089 0.01064 0.12997
0.16140 0.01063 0.13215
0.16191 0.01081 0.13202
0.16241 0.01085 0.13510
0.16292 0.01081 0.13395
0.16343 0.01068 0.13310
0.16393 0.01073 0.13081
0.16444 0.01087 0.13138
0.16495 0.01076 0.13301
0.16545 0.01076 0.13054
0.16596 0.01067 0.13011
0.16647 0.01065 0.12923
0.16697 0.01065 0.13001
0.16748 0.01080 0.13196
0.16799 0.01072 0.12889
0.16850 0.01090 0.13334
0.16900 0.01058 0.13029
0.16951 0.01080 0.13391
0.17001 0.01066 0.13243
0.17052 0.01076 0.13726
0.17103 0.01069 0.12878
0.17153 0.01068 0.13368
0.17204 0.01065 0.13139
0.17255 0.01069 0.13265
0.17305 0.01048 0.13045
0.17356 0.01070 0.13248
0.17407 0.01059 0.13153
0.17458 0.01061 0.13283
0.17508 0.01078 0.13486
0.17559 0.01067 0.13143
0.17610 0.01079 0.13854
0.17660 0.01069 0.13433
0.17711 0.01065 0.13411
0.17761 0.01064 0.13431
0.17812 0.01058 0.13250
0.17863 0.01068 0.12935
0.17913 0.01063 0.13348
0.17964 0.01040 0.13160
0.18015 0.01075 0.13376
0.18066 0.01062 0.12939
0.18116 0.01051 0.13411
0.18167 0.01075 0.13751
0.18218 0.01077 0.13745
0.18268 0.01069 0.13598
0.18319 0.01057 0.13779
0.18369 0.01061 0.13539
0.18420 0.01059 0.13665
0.18471 0.01050 0.13822
0.18522 0.01066 0.13679
0.18572 0.01045 0.13759
0.18623 0.01050 0.13608
0.18674 0.01072 0.14366
0.18724 0.01071 0.14089
0.18775 0.01037 0.14082
0.18826 0.01047 0.13867
0.18876 0.01046 0.14058
0.18927 0.01076 0.14175
0.18978 0.01050 0.13744
0.19028 0.01044 0.13791
0.19079 0.01053 0.14034
0.19130 0.01067 0.14120
0.19180 0.01089 0.14491
0.19231 0.01057 0.14152
0.19282 0.01050 0.14004
0.19332 0.01071 0.14221
0.19383 0.01084 0.14681
0.19434 0.01079 0.14370
0.19484 0.01078 0.14514
0.19535 0.01046 0.14414
0.19586 0.01069 0.14825
0.19636 0.01050 0.14336
0.19687 0.01051 0.14187
0.19738 0.01048 0.14174
0.19788 0.01034 0.14184
0.19839 0.01046 0.14690
0.19890 0.01032 0.14450
0.19940 0.01061 0.14199
0.19991 0.01060 0.14704
0.20042 0.01048 0.14327
0.20092 0.01048 0.14434
0.20143 0.01052 0.14522
0.20194 0.01055 0.14888
0.20244 0.01038 0.14167
0.20295 0.01050 0.14522
0.20346 0.01074 0.14220
0.20396 0.01066 0.14761
0.20447 0.01038 0.14536
0.20498 0.01054 0.13888
0.20548 0.01050 0.14763
0.20599 0.01067 0.15391
0.20650 0.01058 0.14594
0.20700 0.01055 0.14292
0.20751 0.01060 0.14738
0.20802 0.01045 0.14407
0.20852 0.01051 0.14125
0.20903 0.01057 0.14542
0.20954 0.01056 0.14345
0.21004 0.01045 0.14075
0.21055 0.01042 0.14110
0.21106 0.01033 0.14431
0.21156 0.01045 0.14183
0.21207 0.01036 0.14543
0.21258 0.01058 0.14354
0.21308 0.01039 0.14395
0.21359 0.01032 0.14285
0.21410 0.01038 0.14635
0.21460 0.01039 0.14466
0.21511 0.01046 0.14188
0.21562 0.01054 0.14442
0.21612 0.01024 0.14299
0.21663 0.01039 0.14569
0.21714 0.01052 0.14436
0.21764 0.01039 0.14377
0.21815 0.01022 0.14131
0.21866 0.01044 0.14628
0.21916 0.01036 0.14294
0.21967 0.01021 0.14153
0.22018 0.01042 0.14351
0.22068 0.01013 0.13611
0.22119 0.01032 0.14421
0.22170 0.01022 0.14132
0.22220 0.01020 0.14396
0.22271 0.01029 0.14213
0.22322 0.01026 0.14146
0.22372 0.01027 0.14208
0.22423 0.01024 0.13785
0.22474 0.01031 0.14332
0.22524 0.01035 0.14298
0.22575 0.01036 0.14486
0.22626 0.01026 0.13851
0.22676 0.01020 0.14010
0.22727 0.01028 0.14012
0.22778 0.01037 0.13962
0.22828 0.01011 0.13741
0.22879 0.01024 0.13773
0.22930 0.01025 0.14125
0.22980 0.01017 0.13588
0.23031 0.01039 0.14026
0.23082 0.01007 0.13537
0.23132 0.01004 0.13566
0.23183 0.01018 0.13502
0.23234 0.01035 0.13842
0.23284 0.01027 0.13538
0.23335 0.01023 0.13628
0.23386 0.01046 0.13484
0.23436 0.01041 0.13359
0.23487 0.01005 0.13172
0.23538 0.01034 0.13373
0.23588 0.01008 0.13569
0.23639 0.01021 0.13061
0.23689 0.01040 0.13098
0.23740 0.01010 0.12893
0.23791 0.00994 0.12944
0.23841 0.01024 0.13282
0.23892 0.01020 0.13281
0.23943 0.01017 0.13231
0.23994 0.01001 0.12853
0.24044 0.01028 0.12934
0.24095 0.01008 0.13193
0.24146 0.01017 0.13113
0.24196 0.01016 0.13000
0.24247 0.01018 0.13310
0.24297 0.01020 0.13367
0.24348 0.01030 0.12706
0.24399 0.01001 0.12944
0.24449 0.01014 0.12904
0.24500 0.01001 0.12743
0.24551 0.01002 0.12621
0.24602 0.01001 0.12883
0.24652 0.01019 0.12752
0.24703 0.01012 0.12603
0.24753 0.01008 0.12424
0.24804 0.01020 0.12966
0.24855 0.01014 0.12634
0.24905 0.01011 0.12699
0.24956 0.01011 0.12567
0.25007 0.00999 0.12709
0.25057 0.01007 0.12600
0.25108 0.01009 0.12520
0.25159 0.01002 0.12460
0.25209 0.00995 0.12531
0.25260 0.01014 0.12441
0.25311 0.01025 0.12809
0.25361 0.01002 0.12296
0.25412 0.01011 0.12471
0.25463 0.01007 0.12332
0.25513 0.01026 0.12724
0.25564 0.01011 0.12399
0.25615 0.01020 0.12542
0.25665 0.01006 0.12048
0.25716 0.01001 0.12107
0.25767 0.01001 0.12212
0.25817 0.01011 0.12255
0.25868 0.01015 0.12293
0.25919 0.01026 0.12309
0.25969 0.01011 0.12071
0.26020 0.00997 0.12128
0.26071 0.00990 0.12137
0.26121 0.00998 0.12302
0.26172 0.01007 0.12394
0.26223 0.00998 0.11945
0.26273 0.01012 0.12177
0.26324 0.01001 0.12129
0.26375 0.00999 0.11776
0.26425 0.01006 0.12107
0.26476 0.00998 0.11816
0.26527 0.01007 0.12039
0.26577 0.01008 0.11701
0.26628 0.00995 0.11803
0.26679 0.00990 0.11645
0.26729 0.01002 0.11934
0.26780 0.01009 0.11815
0.26831 0.00997 0.11951
0.26881 0.00998 0.11636
0.26932 0.00993 0.11692
0.26982 0.00986 0.11830
0.27033 0.00984 0.11753
0.27084 0.01004 0.12075
0.27135 0.00990 0.11617
0.27185 0.00997 0.11761
0.27236 0.00995 0.11616
0.27287 0.00997 0.11608
0.27337 0.00981 0.11469
0.27388 0.00982 0.11456
0.27438 0.00988 0.11428
0.27489 0.00989 0.11741
0.27540 0.00990 0.11537
0.27590 0.00991 0.11553
0.27641 0.00986 0.11360
0.27692 0.00987 0.11382
0.27742 0.00974 0.11361
0.27793 0.00992 0.11436
0.27844 0.00997 0.11471
0.27894 0.00974 0.11043
0.27945 0.00974 0.11337
0.27996 0.00983 0.11151
0.28046 0.00980 0.11298
0.28097 0.00991 0.11467
0.28148 0.00993 0.11403
0.28198 0.00996 0.11484
0.28249 0.00987 0.11333
0.28300 0.00967 0.11228
0.28350 0.00983 0.11079
0.28401 0.00979 0.11016
0.28452 0.00972 0.11068
0.28502 0.01000 0.11301
0.28553 0.00993 0.11538
0.28604 0.00982 0.11333
0.28654 0.00980 0.11404
0.28705 0.00990 0.11300
0.28756 0.00988 0.11145
0.28806 0.00981 0.11551
0.28857 0.00999 0.11405
0.28908 0.00969 0.11111
0.28958 0.00990 0.11262
0.29009 0.00976 0.11219
0.29059 0.00970 0.11186
0.29110 0.00979 0.10967
0.29161 0.00979 0.11170
0.29212 0.00975 0.11402
0.29262 0.00977 0.11270
0.29313 0.00971 0.11402
0.29363 0.00982 0.11419
0.29414 0.00967 0.11209
0.29465 0.00973 0.11118
0.29515 0.00965 0.11277
0.29566 0.00963 0.11343
0.29617 0.00968 0.11289
0.29667 0.00969 0.11245
0.29718 0.00972 0.11440
0.29769 0.00966 0.11211
0.29819 0.00955 0.11038
0.29870 0.00940 0.11191
0.29921 0.00955 0.10972
0.29971 0.00962 0.11360
0.30022 0.00952 0.11044
0.30073 0.00967 0.11072
0.30123 0.00982 0.11315
0.30174 0.00963 0.11283
0.30225 0.00973 0.11292
0.30275 0.00954 0.10973
0.30326 0.00949 0.11159
0.30377 0.00954 0.10923
0.30427 0.00962 0.10881
0.30478 0.00979 0.11261
0.30528 0.00963 0.11043
0.30579 0.00951 0.10910
0.30630 0.00949 0.11168
0.30680 0.00945 0.11096
0.30731 0.00955 0.11242
0.30782 0.00965 0.11004
0.30832 0.00958 0.10930
0.30883 0.00959 0.10909
0.30934 0.00937 0.10682
0.30984 0.00946 0.10890
0.31035 0.00952 0.11405
0.31086 0.00939 0.11164
0.31136 0.00940 0.11414
0.31187 0.00968 0.11583
0.31238 0.00958 0.11565
0.31288 0.00950 0.11422
0.31339 0.00957 0.11998
0.31390 0.00963 0.11618
0.31440 0.00950 0.11579
0.31491 0.00957 0.11970
0.31542 0.00954 0.12068
0.31592 0.00949 0.11949
0.31643 0.00954 0.12040
0.31694 0.00964 0.12132
0.31744 0.00963 0.11962
0.31795 0.00956 0.12262
0.31845 0.00957 0.11997
0.31896 0.00953 0.11884
0.31947 0.00964 0.11890
0.31998 0.00965 0.12136
0.32048 0.00959 0.11923
0.32099 0.00962 0.12311
0.32149 0.00944 0.12450
0.32200 0.00942 0.12133
0.32251 0.00948 0.12200
0.32301 0.00952 0.11897
0.32352 0.00955 0.12296
0.32403 0.00963 0.12598
0.32453 0.00950 0.12016
0.32504 0.00958 0.12110
0.32555 0.00953 0.12389
0.32605 0.00957 0.11938
0.32656 0.00938 0.11983
0.32707 0.00955 0.12194
0.32757 0.00963 0.12260
0.32808 0.00946 0.11623
0.32859 0.00948 0.12044
0.32909 0.00959 0.11966
0.32960 0.00941 0.11964
0.33010 0.00944 0.12052
0.33061 0.00948 0.11965
0.33112 0.00956 0.12236
0.33162 0.00955 0.12266
0.33213 0.00972 0.12156
0.33264 0.00943 0.12068
0.33314 0.00945 0.12139
0.33365 0.00944 0.12324
0.33416 0.00950 0.12461
0.33466 0.00956 0.12542
0.33517 0.00965 0.12368
0.33568 0.00967 0.12482
0.33618 0.00948 0.12197
0.33669 0.00938 0.12463
0.33720 0.00950 0.12366
0.33770 0.00958 0.12694
0.33821 0.00953 0.12278
0.33871 0.00956 0.12131
0.33922 0.00966 0.12356
0.33973 0.00952 0.12642
0.34024 0.00952 0.12592
0.34074 0.00943 0.12170
0.34125 0.00950 0.12335
0.34175 0.00957 0.12517
0.34226 0.00945 0.12289
0.34277 0.00938 0.12340
0.34327 0.00944 0.12503
0.34378 0.00953 0.12592
0.34429 0.00939 0.12631
0.34479 0.00932 0.12332
0.34530 0.00938 0.12774
0.34581 0.00953 0.12607
0.34631 0.00935 0.12442
0.34682 0.00938 0.12746
0.34732 0.00934 0.12521
0.34783 0.00947 0.12716
0.34834 0.00962 0.12549
0.34885 0.00919 0.12627
0.34935 0.00955 0.12541
0.34986 0.00929 0.12252
0.35036 0.00936 0.12666
0.35087 0.00965 0.13054
0.35138 0.00939 0.12754
0.35188 0.00940 0.12356
0.35239 0.00928 0.12912
0.35290 0.00939 0.13085
0.35340 0.00944 0.12740
0.35391 0.00943 0.12689
0.35442 0.00947 0.13054
0.35492 0.00933 0.12303
0.35543 0.00940 0.12297
0.35594 0.00934 0.12072
0.35644 0.00934 0.11922
0.35695 0.00926 0.11937
0.35746 0.00921 0.11309
0.35796 0.00929 0.11795
0.35847 0.00932 0.11999
0.35897 0.00934 0.11823
0.35948 0.00917 0.11854
0.35999 0.00932 0.12256
0.36049 0.00931 0.11565
0.36100 0.00933 0.11761
0.36151 0.00929 0.12188
0.36201 0.00932 0.11997
0.36252 0.00939 0.12193
0.36303 0.00933 0.12314
0.36353 0.00925 0.12164
0.36404 0.00939 0.12129
0.36455 0.00923 0.12203
0.36505 0.00931 0.12393
0.36556 0.00937 0.12378
0.36606 0.00927 0.12286
0.36657 0.00939 0.12696
0.36708 0.00921 0.12340
0.36758 0.00922 0.12552
0.36809 0.00938 0.12795
0.36860 0.00934 0.12271
0.36910 0.00924 0.12624
0.36961 0.00928 0.12887
0.37012 0.00922 0.12428
0.37062 0.00911 0.12695
0.37113 0.00931 0.12458
0.37163 0.00927 0.12959
0.37214 0.00913 0.12593
0.37265 0.00930 0.13122
0.37316 0.00908 0.12869
0.37366 0.00922 0.12904
0.37417 0.00928 0.13045
0.37467 0.00924 0.13100
0.37518 0.00949 0.13116
0.37569 0.00930 0.13380
0.37619 0.00941 0.13208
0.37670 0.00923 0.13389
0.37721 0.00929 0.13166
0.37771 0.00931 0.13178
0.37822 0.00937 0.13759
0.37872 0.00921 0.13302
0.37923 0.00935 0.13752
0.37974 0.00906 0.13209
0.38024 0.00936 0.13403
0.38075 0.00909 0.13753
0.38126 0.00926 0.13715
0.38176 0.00935 0.13694
0.38227 0.00906 0.13415
0.38278 0.00931 0.13903
0.38328 0.00913 0.13668
0.38379 0.00940 0.14181
0.38430 0.00924 0.14237
0.38480 0.00897 0.13571
0.38531 0.00919 0.14282
0.38582 0.00920 0.14343
0.38632 0.00940 0.14660
0.38683 0.00920 0.14370
0.38733 0.00916 0.14204
0.38784 0.00903 0.14469
0.38835 0.00914 0.14451
0.38885 0.00924 0.14721
0.38936 0.00900 0.14295
0.38987 0.00919 0.14791
0.39037 0.00915 0.14300
0.39088 0.00925 0.14883
0.39138 0.00906 0.14754
0.39189 0.00940 0.15477
0.39240 0.00894 0.14502
0.39291 0.00918 0.15147
0.39341 0.00912 0.14824
0.39392 0.00920 0.15271
0.39442 0.00898 0.15815
0.39493 0.00898 0.15364
0.39544 0.00889 0.15488
0.39594 0.00891 0.15305
0.39645 0.00918 0.14902
0.39696 0.00906 0.15658
0.39746 0.00893 0.15284
0.39797 0.00885 0.15577
0.39848 0.00904 0.16031
0.39898 0.00932 0.16324
0.39949 0.00888 0.15783
0.39999 0.00912 0.16047
0.40050 0.00900 0.15635
0.40101 0.00904 0.16522
0.40151 0.00900 0.15827
0.40202 0.00923 0.16323
0.40253 0.00895 0.16261
0.40303 0.00907 0.16536
0.40354 0.00901 0.16506
0.40404 0.00933 0.17157
0.40455 0.00901 0.16386
0.40506 0.00898 0.16402
0.40556 0.00935 0.16901
0.40607 0.00878 0.16297
0.40658 0.00913 0.17683
0.40708 0.00900 0.16822
0.40759 0.00892 0.16929
0.40810 0.00901 0.17108
0.40860 0.00900 0.16828
0.40911 0.00901 0.17233
0.40962 0.00897 0.16793
0.41012 0.00896 0.17363
0.41063 0.00890 0.17298
0.41113 0.00864 0.16715
0.41164 0.00892 0.17302
0.41215 0.00892 0.17235
0.41265 0.00915 0.17195
0.41316 0.00892 0.18060
0.41367 0.00873 0.17526
0.41417 0.00872 0.17401
0.41468 0.00874 0.17329
0.41519 0.00891 0.17470
0.41569 0.00879 0.17775
0.41620 0.00921 0.17474
0.41670 0.00872 0.17494
0.41721 0.00872 0.18044
0.41772 0.00877 0.18325
0.41822 0.00882 0.18486
0.41873 0.00895 0.18154
0.41924 0.00882 0.17847
0.41974 0.00896 0.18319
0.42025 0.00895 0.17934
0.42075 0.00872 0.17912
0.42126 0.00851 0.17491
0.42177 0.00878 0.17881
0.42227 0.00897 0.18151
0.42278 0.00889 0.18895
0.42329 0.00891 0.18630
0.42379 0.00903 0.19147
0.42430 0.00882 0.18660
0.42480 0.00910 0.19243
0.42531 0.00898 0.19136
0.42582 0.00879 0.18960
0.42632 0.00876 0.18865
0.42683 0.00871 0.19388
0.42734 0.00900 0.18955
0.42784 0.00896 0.19451
0.42835 0.00875 0.18710
0.42886 0.00883 0.20246
0.42936 0.00895 0.20157
0.42987 0.00876 0.19640
0.43038 0.00897 0.20992
0.43088 0.00876 0.20195
0.43139 0.00880 0.20723
0.43189 0.00889 0.20873
0.43240 0.00867 0.20776
0.43291 0.00900 0.21207
0.43341 0.00896 0.21681
0.43392 0.00860 0.21751
0.43443 0.00877 0.22098
0.43493 0.00860 0.21683
0.43544 0.00884 0.21868
0.43594 0.00866 0.21687
0.43645 0.00869 0.22144
0.43696 0.00897 0.22309
0.43746 0.00884 0.23063
0.43797 0.00872 0.22265
0.43848 0.00874 0.22103
0.43898 0.00863 0.22466
0.43949 0.00918 0.24836
0.44000 0.00883 0.23240
