0.00988 -0.03483 84.87411
0.01039 -0.02361 45.06355
0.01090 -0.02256 46.12651
0.01140 -0.01832 34.57725
0.01191 -0.01046 22.82168
0.01242 -0.01271 20.43489
0.01292 -0.00902 11.90322
0.01343 -0.00794 12.25201
0.01394 -0.00643 7.26179
0.01444 -0.00601 6.14520
0.01495 -0.00533 3.61675
0.01546 -0.00510 2.60728
0.01596 -0.00454 2.01970
0.01647 -0.00403 2.08957
0.01698 -0.00389 1.46794
0.01748 -0.00368 1.21563
0.01799 -0.00349 1.03473
0.01850 -0.00333 0.76060
0.01900 -0.00326 0.74593
0.01951 -0.00299 0.69652
0.02002 -0.00288 0.67448
0.02052 -0.00276 0.66364
0.02103 -0.00277 0.63392
0.02154 -0.00265 0.56580
0.02204 -0.00250 0.56176
0.02255 -0.00241 0.49433
0.02306 -0.00237 0.51457
0.02356 -0.00243 0.51930
0.02407 -0.00231 0.53611
0.02458 -0.00233 0.46743
0.02508 -0.00217 0.46800
0.02559 -0.00204 0.48094
0.02610 -0.00212 0.46522
0.02661 -0.00209 0.43631
0.02711 -0.00209 0.41878
0.02762 -0.00198 0.42127
0.02813 -0.00202 0.40940
0.02863 -0.00199 0.38180
0.02914 -0.00195 0.41498
0.02965 -0.00195 0.40636
0.03015 -0.00188 0.37260
0.03066 -0.00189 0.37846
0.03117 -0.00188 0.39933
0.03167 -0.00184 0.36607
0.03218 -0.00184 0.37192
0.03269 -0.00179 0.35491
0.03319 -0.00177 0.34887
0.03370 -0.00175 0.35486
0.03421 -0.00180 0.37437
0.03471 -0.00176 0.33285
0.03522 -0.00177 0.35439
0.03573 -0.00173 0.32811
0.03623 -0.00175 0.32193
0.03674 -0.00174 0.34167
0.03725 -0.00164 0.30925
0.03775 -0.00170 0.33114
0.03826 -0.00173 0.31622
0.03877 -0.00175 0.32138
0.03927 -0.00161 0.29478
0.03978 -0.00164 0.30929
0.04029 -0.00161 0.31687
0.04079 -0.00167 0.31017
0.04130 -0.00167 0.31056
0.04181 -0.00163 0.29989
0.04231 -0.00163 0.29172
0.04282 -0.00159 0.29612
0.04333 -0.00161 0.29052
0.04384 -0.00161 0.28787
0.04434 -0.00157 0.28222
0.04485 -0.00160 0.28255
0.04536 -0.00159 0.29221
0.04586 -0.00156 0.27885
0.04637 -0.00155 0.27159
0.04688 -0.00162 0.27712
0.04738 -0.00154 0.27287
0.04789 -0.00162 0.27085
0.04840 -0.00158 0.26426
0.04890 -0.00158 0.26367
0.04941 -0.00153 0.25872
0.04992 -0.00156 0.25727
0.05042 -0.00155 0.25215
0.05093 -0.00159 0.25099
0.05144 -0.00156 0.25535
0.05194 -0.00156 0.23820
0.05245 -0.00152 0.26077
0.05296 -0.00152 0.24881
0.05346 -0.00151 0.25258
0.05397 -0.00150 0.24352
0.05448 -0.00152 0.24724
0.05498 -0.00154 0.24136
0.05549 -0.00151 0.25180
0.05600 -0.00145 0.24375
0.05650 -0.00148 0.23137
0.05701 -0.00148 0.23234
0.05752 -0.00151 0.23101
0.05803 -0.00149 0.23921
0.05853 -0.00151 0.23350
0.05904 -0.00154 0.23039
0.05955 -0.00149 0.23679
0.06005 -0.00147 0.21977
0.06056 -0.00150 0.23197
0.06107 -0.00146 0.23152
0.06157 -0.00148 0.22219
0.06208 -0.00149 0.23042
0.06259 -0.00145 0.22561
0.06309 -0.00147 0.21697
0.06360 -0.00150 0.22386
0.06411 -0.00150 0.21771
0.06461 -0.00149 0.22477
0.06512 -0.00145 0.22398
0.06563 -0.00146 0.21520
0.06613 -0.00147 0.21598
0.06664 -0.00145 0.22010
0.06715 -0.00147 0.22575
0.06765 -0.00147 0.22404
0.06816 -0.00148 0.21618
0.06867 -0.00146 0.21443
0.06917 -0.00147 0.21774
0.06968 -0.00146 0.21483
0.07019 -0.00148 0.21257
0.07069 -0.00146 0.20811
0.07120 -0.00146 0.21848
0.07171 -0.00147 0.20940
0.07222 -0.00144 0.20738
0.07272 -0.00147 0.21043
0.07323 -0.00147 0.21385
0.07373 -0.00145 0.20276
0.07424 -0.00145 0.20230
0.07475 -0.00145 0.20172
0.07526 -0.00147 0.20568
0.07576 -0.00145 0.20459
0.07627 -0.00145 0.20334
0.07678 -0.00143 0.20451
0.07728 -0.00148 0.20303
0.07779 -0.00146 0.19751
0.07830 -0.00147 0.19730
0.07880 -0.00146 0.19820
0.07931 -0.00145 0.19031
0.07982 -0.00141 0.19811
0.08032 -0.00142 0.19139
0.08083 -0.00143 0.19047
0.08134 -0.00141 0.19783
0.08184 -0.00144 0.19894
0.08235 -0.00143 0.19498
0.08286 -0.00142 0.19560
0.08336 -0.00141 0.19867
0.08387 -0.00141 0.20124
0.08438 -0.00140 0.19381
0.08488 -0.00143 0.19643
0.08539 -0.00141 0.20296
0.08590 -0.00143 0.19910
0.08640 -0.00144 0.20271
0.08691 -0.00141 0.20434
0.08742 -0.00142 0.19179
0.08792 -0.00141 0.19866
0.08843 -0.00146 0.20129
0.08894 -0.00141 0.19992
0.08944 -0.00143 0.19984
0.08995 -0.00141 0.20469
0.09046 -0.00142 0.19292
0.09097 -0.00140 0.19454
0.09147 -0.00139 0.19383
0.09198 -0.00138 0.19863
0.09248 -0.00140 0.19993
0.09299 -0.00143 0.19908
0.09350 -0.00142 0.19797
0.09401 -0.00143 0.20018
0.09451 -0.00138 0.19635
0.09502 -0.00141 0.19788
0.09552 -0.00138 0.19846
0.09603 -0.00137 0.19807
0.09654 -0.00140 0.19089
0.09705 -0.00140 0.19743
0.09755 -0.00139 0.19012
0.09806 -0.00138 0.18568
0.09857 -0.00141 0.19827
0.09907 -0.00139 0.20065
0.09958 -0.00139 0.19032
0.10009 -0.00136 0.19400
0.10059 -0.00138 0.19083
0.10110 -0.00141 0.19671
0.10161 -0.00140 0.19332
0.10211 -0.00138 0.18772
0.10262 -0.00142 0.18606
0.10313 -0.00141 0.19355
0.10363 -0.00140 0.19541
0.10414 -0.00140 0.19283
0.10465 -0.00139 0.19537
0.10515 -0.00138 0.19357
0.10566 -0.00139 0.19227
0.10617 -0.00138 0.19551
0.10667 -0.00140 0.19223
0.10718 -0.00139 0.18810
0.10769 -0.00136 0.18328
0.10819 -0.00138 0.18396
0.10870 -0.00138 0.18278
0.10921 -0.00141 0.18690
0.10971 -0.00137 0.18493
0.11022 -0.00135 0.17985
0.11073 -0.00135 0.17607
0.11124 -0.00137 0.17399
0.11174 -0.00135 0.17469
0.11225 -0.00139 0.17463
0.11275 -0.00138 0.17061
0.11326 -0.00139 0.18087
0.11377 -0.00137 0.17343
0.11428 -0.00136 0.16872
0.11478 -0.00136 0.16725
0.11529 -0.00137 0.17083
0.11579 -0.00135 0.16754
0.11630 -0.00135 0.16707
0.11681 -0.00138 0.17176
0.11732 -0.00136 0.16357
0.11782 -0.00137 0.17076
0.11833 -0.00137 0.16877
0.11884 -0.00137 0.17209
0.11934 -0.00135 0.16350
0.11985 -0.00137 0.16755
0.12036 -0.00133 0.16388
0.12086 -0.00138 0.16725
0.12137 -0.00136 0.16792
0.12188 -0.00139 0.16952
0.12238 -0.00137 0.15879
0.12289 -0.00138 0.16205
0.12340 -0.00137 0.16220
0.12390 -0.00133 0.16303
0.12441 -0.00138 0.16091
0.12492 -0.00136 0.16062
0.12542 -0.00134 0.16384
0.12593 -0.00135 0.16374
0.12644 -0.00135 0.15861
0.12694 -0.00133 0.15747
0.12745 -0.00132 0.15874
0.12796 -0.00134 0.15624
0.12846 -0.00136 0.15751
0.12897 -0.00134 0.15844
0.12948 -0.00135 0.15354
0.12998 -0.00136 0.15356
0.13049 -0.00134 0.15532
0.13100 -0.00136 0.15545
0.13150 -0.00135 0.15476
0.13201 -0.00132 0.14672
0.13252 -0.00134 0.14941
0.13302 -0.00134 0.14585
0.13353 -0.00134 0.14888
0.13404 -0.00134 0.14815
0.13454 -0.00134 0.14914
0.13505 -0.00134 0.15231
0.13556 -0.00135 0.15149
0.13606 -0.00131 0.14440
0.13657 -0.00131 0.14884
0.13708 -0.00133 0.15491
0.13759 -0.00134 0.15098
0.13809 -0.00134 0.14686
0.13860 -0.00135 0.14875
0.13911 -0.00133 0.14511
0.13961 -0.00133 0.14076
0.14012 -0.00135 0.14286
0.14062 -0.00134 0.14892
0.14113 -0.00134 0.14331
0.14164 -0.00134 0.14352
0.14214 -0.00131 0.14499
0.14265 -0.00133 0.14160
0.14316 -0.00134 0.14451
0.14367 -0.00132 0.14188
0.14417 -0.00133 0.14217
0.14468 -0.00131 0.14599
0.14519 -0.00134 0.14260
0.14569 -0.00133 0.14155
0.14620 -0.00132 0.14365
0.14671 -0.00133 0.14143
0.14721 -0.00130 0.13939
0.14772 -0.00132 0.14159
0.14823 -0.00133 0.14309
0.14873 -0.00134 0.14051
0.14924 -0.00133 0.14112
0.14975 -0.00131 0.13969
0.15025 -0.00132 0.14264
0.15076 -0.00131 0.14019
0.15127 -0.00132 0.13733
0.15177 -0.00130 0.13540
0.15228 -0.00133 0.13653
0.15279 -0.00131 0.13672
0.15329 -0.00131 0.13675
0.15380 -0.00132 0.13704
0.15431 -0.00132 0.13929
0.15481 -0.00135 0.13858
0.15532 -0.00132 0.13930
0.15583 -0.00132 0.13783
0.15633 -0.00128 0.13321
0.15684 -0.00129 0.13532
0.15735 -0.00133 0.13339
0.15785 -0.00129 0.13164
0.15836 -0.00129 0.13469
0.15887 -0.00131 0.13183
0.15937 -0.00131 0.13265
0.15988 -0.00129 0.13341
0.16039 -0.00131 0.13723
0.16089 -0.00130 0.13136
0.16140 -0.00131 0.13373
0.16191 -0.00132 0.13631
0.16241 -0.00130 0.13457
0.16292 -0.00129 0.13114
0.16343 -0.00128 0.13074
0.16393 -0.00127 0.13209
0.16444 -0.00129 0.12976
0.16495 -0.00130 0.12714
0.16545 -0.00129 0.12982
0.16596 -0.00128 0.13073
0.16647 -0.00130 0.12987
0.16697 -0.00129 0.12993
0.16748 -0.00130 0.12809
0.16799 -0.00129 0.12678
0.16850 -0.00129 0.13186
0.16900 -0.00129 0.12779
0.16951 -0.00129 0.12963
0.17001 -0.00129 0.13022
0.17052 -0.00129 0.13108
0.17103 -0.00128 0.12986
0.17153 -0.00129 0.13015
0.17204 -0.00130 0.13345
0.17255 -0.00130 0.13316
0.17305 -0.00129 0.13418
0.17356 -0.00130 0.13364
0.17407 -0.00128 0.13462
0.17458 -0.00128 0.13310
0.17508 -0.00130 0.13255
0.17559 -0.00127 0.13225
0.17610 -0.00127 0.13154
0.17660 -0.00129 0.13179
0.17711 -0.00129 0.13521
0.17761 -0.00128 0.13196
0.17812 -0.00130 0.13335
0.17863 -0.00129 0.13224
0.17913 -0.00125 0.13266
0.17964 -0.00129 0.13563
0.18015 -0.00130 0.13652
0.18066 -0.00129 0.13202
0.18116 -0.00131 0.13667
0.18167 -0.00128 0.13739
0.18218 -0.00130 0.13771
0.18268 -0.00130 0.13693
0.18319 -0.00130 0.13840
0.18369 -0.00129 0.13447
0.18420 -0.00130 0.13700
0.18471 -0.00129 0.14119
0.18522 -0.00129 0.13640
0.18572 -0.00130 0.13583
0.18623 -0.00130 0.14284
0.18674 -0.00127 0.14079
0.18724 -0.00130 0.13759
0.18775 -0.00126 0.14312
0.18826 -0.00130 0.14576
0.18876 -0.00127 0.13911
0.18927 -0.00128 0.14138
0.18978 -0.00130 0.14296
0.19028 -0.00126 0.13915
0.19079 -0.00127 0.14118
0.19130 -0.00129 0.14393
0.19180 -0.00127 0.14018
0.19231 -0.00127 0.13999
0.19282 -0.00128 0.14087
0.19332 -0.00128 0.13773
0.19383 -0.00126 0.14006
0.19434 -0.00129 0.14452
0.19484 -0.00128 0.14096
0.19535 -0.00126 0.14221
0.19586 -0.00129 0.14246
0.19636 -0.00127 0.14682
0.19687 -0.00129 0.14413
0.19738 -0.00128 0.14693
0.19788 -0.00126 0.14726
0.19839 -0.00126 0.14413
0.19890 -0.00126 0.13950
0.19940 -0.00127 0.14105
0.19991 -0.00127 0.14431
0.20042 -0.00125 0.14340
0.20092 -0.00130 0.14959
0.20143 -0.00129 0.14804
0.20194 -0.00127 0.14352
0.20244 -0.00128 0.14595
0.20295 -0.00128 0.14803
0.20346 -0.00128 0.14659
0.20396 -0.00127 0.14391
0.20447 -0.00128 0.14855
0.20498 -0.00126 0.14228
0.20548 -0.00126 0.14622
0.20599 -0.00129 0.14640
0.20650 -0.00129 0.14667
0.20700 -0.00130 0.14687
0.20751 -0.00126 0.14529
0.20802 -0.00123 0.13830
0.20852 -0.00126 0.14365
0.20903 -0.00127 0.14101
0.20954 -0.00126 0.14513
0.21004 -0.00126 0.14272
0.21055 -0.00128 0.14828
0.21106 -0.00127 0.14460
0.21156 -0.00129 0.14669
0.21207 -0.00129 0.14370
0.21258 -0.00127 0.14433
0.21308 -0.00125 0.14582
0.21359 -0.00125 0.14565
0.21410 -0.00126 0.14479
0.21460 -0.00124 0.14396
0.21511 -0.00126 0.14265
0.21562 -0.00123 0.14174
0.21612 -0.00127 0.14327
0.21663 -0.00127 0.14525
0.21714 -0.00125 0.14039
0.21764 -0.00125 0.14444
0.21815 -0.00125 0.14235
0.21866 -0.00126 0.14384
0.21916 -0.00126 0.14585
0.21967 -0.00126 0.14602
0.22018 -0.00126 0.14547
0.22068 -0.00127 0.14155
0.22119 -0.00122 0.14390
0.22170 -0.00126 0.14380
0.22220 -0.00124 0.14290
0.22271 -0.00124 0.14577
0.22322 -0.00125 0.14596
0.22372 -0.00124 0.14144
0.22423 -0.00122 0.13906
0.22474 -0.00121 0.13612
0.22524 -0.00126 0.14080
0.22575 -0.00125 0.14263
0.22626 -0.00122 0.14100
0.22676 -0.00123 0.13670
0.22727 -0.00126 0.14367
0.22778 -0.00123 0.13652
0.22828 -0.00124 0.13843
0.22879 -0.00125 0.13925
0.22930 -0.00124 0.13515
0.22980 -0.00123 0.13670
0.23031 -0.00124 0.13990
0.23082 -0.00126 0.14019
0.23132 -0.00126 0.13672
0.23183 -0.00124 0.13873
0.23234 -0.00125 0.13565
0.23284 -0.00121 0.13266
0.23335 -0.00126 0.13398
0.23386 -0.00125 0.13191
0.23436 -0.00124 0.13228
0.23487 -0.00124 0.13626
0.23538 -0.00123 0.13807
0.23588 -0.00124 0.13603
0.23639 -0.00125 0.13403
0.23689 -0.00124 0.13439
0.23740 -0.00123 0.13070
0.23791 -0.00122 0.13358
0.23841 -0.00122 0.12965
0.23892 -0.00121 0.13222
0.23943 -0.00123 0.12800
0.23994 -0.00125 0.13130
0.24044 -0.00123 0.13273
0.24095 -0.00123 0.13162
0.24146 -0.00123 0.13266
0.24196 -0.00123 0.13102
0.24247 -0.00122 0.12933
0.24297 -0.00124 0.12829
0.24348 -0.00121 0.12633
0.24399 -0.00121 0.13089
0.24449 -0.00122 0.12812
0.24500 -0.00122 0.12959
0.24551 -0.00122 0.13015
0.24602 -0.00123 0.12679
0.24652 -0.00122 0.12861
0.24703 -0.00121 0.12755
0.24753 -0.00124 0.13146
0.24804 -0.00122 0.13023
0.24855 -0.00123 0.12613
0.24905 -0.00122 0.12485
0.24956 -0.00121 0.12445
0.25007 -0.00122 0.12800
0.25057 -0.00121 0.12421
0.25108 -0.00123 0.12832
0.25159 -0.00123 0.12178
0.25209 -0.00121 0.12153
0.25260 -0.00123 0.12374
0.25311 -0.00120 0.12141
0.25361 -0.00123 0.12559
0.25412 -0.00122 0.12322
0.25463 -0.00121 0.12276
0.25513 -0.00121 0.12319
0.25564 -0.00121 0.12677
0.25615 -0.00122 0.12465
0.25665 -0.00123 0.12676
0.25716 -0.00121 0.12029
0.25767 -0.00121 0.12369
0.25817 -0.00121 0.12119
0.25868 -0.00121 0.12001
0.25919 -0.00122 0.12086
0.25969 -0.00121 0.11924
0.26020 -0.00123 0.12385
0.26071 -0.00122 0.12210
0.26121 -0.00123 0.11984
0.26172 -0.00124 0.12200
0.26223 -0.00122 0.11999
0.26273 -0.00122 0.12008
0.26324 -0.00121 0.11945
0.26375 -0.00123 0.12326
0.26425 -0.00121 0.11572
0.26476 -0.00122 0.12163
0.26527 -0.00120 0.11889
0.26577 -0.00120 0.11826
0.26628 -0.00120 0.11641
0.26679 -0.00119 0.11738
0.26729 -0.00122 0.11774
0.26780 -0.00120 0.11856
0.26831 -0.00119 0.11760
0.26881 -0.00120 0.11630
0.26932 -0.00121 0.11868
0.26982 -0.00120 0.11687
0.27033 -0.00118 0.11821
0.27084 -0.00120 0.11936
0.27135 -0.00119 0.11386
0.27185 -0.00122 0.11760
0.27236 -0.00119 0.11838
0.27287 -0.00119 0.11664
0.27337 -0.00121 0.11877
0.27388 -0.00121 0.11658
0.27438 -0.00122 0.11643
0.27489 -0.00121 0.11682
0.27540 -0.00120 0.11540
0.27590 -0.00121 0.11692
0.27641 -0.00119 0.11507
0.27692 -0.00120 0.11459
0.27742 -0.00120 0.11276
0.27793 -0.00119 0.11534
0.27844 -0.00119 0.11352
0.27894 -0.00121 0.11609
0.27945 -0.00123 0.11541
0.27996 -0.00119 0.11293
0.28046 -0.00117 0.11449
0.28097 -0.00119 0.11304
0.28148 -0.00120 0.11407
0.28198 -0.00120 0.11576
0.28249 -0.00119 0.11342
0.28300 -0.00118 0.11291
0.28350 -0.00119 0.11262
0.28401 -0.00119 0.11282
0.28452 -0.00119 0.11204
0.28502 -0.00119 0.11165
0.28553 -0.00120 0.10967
0.28604 -0.00120 0.11320
0.28654 -0.00117 0.11060
0.28705 -0.00119 0.11461
0.28756 -0.00118 0.11036
0.28806 -0.00117 0.11020
0.28857 -0.00118 0.11112
0.28908 -0.00116 0.11051
0.28958 -0.00117 0.11147
0.29009 -0.00116 0.11247
0.29059 -0.00118 0.11139
0.29110 -0.00117 0.11246
0.29161 -0.00119 0.11215
0.29212 -0.00117 0.11226
0.29262 -0.00120 0.11351
0.29313 -0.00117 0.11290
0.29363 -0.00118 0.11484
0.29414 -0.00117 0.11039
0.29465 -0.00118 0.11230
0.29515 -0.00117 0.11181
0.29566 -0.00116 0.11304
0.29617 -0.00116 0.11048
0.29667 -0.00117 0.11499
0.29718 -0.00118 0.11258
0.29769 -0.00116 0.11302
0.29819 -0.00116 0.11413
0.29870 -0.00117 0.11053
0.29921 -0.00116 0.11186
0.29971 -0.00117 0.11391
0.30022 -0.00117 0.11025
0.30073 -0.00117 0.11364
0.30123 -0.00115 0.10942
0.30174 -0.00114 0.11125
0.30225 -0.00116 0.11059
0.30275 -0.00115 0.11101
0.30326 -0.00116 0.10973
0.30377 -0.00118 0.11121
0.30427 -0.00116 0.11139
0.30478 -0.00119 0.11098
0.30528 -0.00115 0.10951
0.30579 -0.00118 0.11119
0.30630 -0.00116 0.10777
0.30680 -0.00114 0.10955
0.30731 -0.00115 0.10959
0.30782 -0.00117 0.11024
0.30832 -0.00116 0.11094
0.30883 -0.00117 0.11002
0.30934 -0.00116 0.11050
0.30984 -0.00116 0.10906
0.31035 -0.00114 0.11172
0.31086 -0.00116 0.11284
0.31136 -0.00117 0.11434
0.31187 -0.00114 0.11333
0.31238 -0.00115 0.11753
0.31288 -0.00116 0.11532
0.31339 -0.00114 0.11772
0.31390 -0.00117 0.12041
0.31440 -0.00114 0.11468
0.31491 -0.00118 0.12032
0.31542 -0.00115 0.12097
0.31592 -0.00116 0.11838
0.31643 -0.00117 0.12040
0.31694 -0.00117 0.12481
0.31744 -0.00117 0.12209
0.31795 -0.00114 0.11891
0.31845 -0.00117 0.12273
0.31896 -0.00116 0.11654
0.31947 -0.00114 0.12054
0.31998 -0.00115 0.11716
0.32048 -0.00116 0.12520
0.32099 -0.00115 0.12033
0.32149 -0.00115 0.12553
0.32200 -0.00116 0.12233
0.32251 -0.00114 0.12007
0.32301 -0.00117 0.12047
0.32352 -0.00119 0.12342
0.32403 -0.00115 0.12287
0.32453 -0.00117 0.12249
0.32504 -0.00115 0.11903
0.32555 -0.00115 0.12014
0.32605 -0.00114 0.11986
0.32656 -0.00117 0.12121
0.32707 -0.00116 0.12113
0.32757 -0.00116 0.11735
0.32808 -0.00115 0.12027
0.32859 -0.00118 0.12574
0.32909 -0.00114 0.12019
0.32960 -0.00116 0.12375
0.33010 -0.00114 0.12091
0.33061 -0.00114 0.12109
0.33112 -0.00115 0.12287
0.33162 -0.00114 0.12199
0.33213 -0.00115 0.12123
0.33264 -0.00114 0.12163
0.33314 -0.00116 0.12163
0.33365 -0.00114 0.11845
0.33416 -0.00115 0.12222
0.33466 -0.00115 0.12202
0.33517 -0.00115 0.12243
0.33568 -0.00114 0.12255
0.33618 -0.00114 0.12169
0.33669 -0.00114 0.12210
0.33720 -0.00115 0.12654
0.33770 -0.00115 0.12525
0.33821 -0.00114 0.12523
0.33871 -0.00115 0.12441
0.33922 -0.00115 0.12086
0.33973 -0.00114 0.12377
0.34024 -0.00115 0.12309
0.34074 -0.00115 0.12554
0.34125 -0.00115 0.12356
0.34175 -0.00115 0.12674
0.34226 -0.00114 0.12503
0.34277 -0.00115 0.12616
0.34327 -0.00114 0.12211
0.34378 -0.00115 0.12517
0.34429 -0.00115 0.12549
0.34479 -0.00115 0.12627
0.34530 -0.00112 0.12470
0.34581 -0.00115 0.12778
0.34631 -0.00114 0.12367
0.34682 -0.00113 0.12397
0.34732 -0.00113 0.12137
0.34783 -0.00114 0.12622
0.34834 -0.00112 0.12435
0.34885 -0.00113 0.12541
0.34935 -0.00114 0.12734
0.34986 -0.00116 0.12699
0.35036 -0.00114 0.12640
0.35087 -0.00114 0.12747
0.35138 -0.00114 0.12443
0.35188 -0.00113 0.12309
0.35239 -0.00112 0.12502
0.35290 -0.00112 0.12877
0.35340 -0.00113 0.12747
0.35391 -0.00116 0.12765
0.35442 -0.00115 0.12331
0.35492 -0.00112 0.12087
0.35543 -0.00114 0.12316
0.35594 -0.00112 0.12289
0.35644 -0.00112 0.11684
0.35695 -0.00114 0.11769
0.35746 -0.00113 0.11872
0.35796 -0.00113 0.11999
0.35847 -0.00111 0.11811
0.35897 -0.00113 0.11948
0.35948 -0.00111 0.11429
0.35999 -0.00112 0.12102
0.36049 -0.00113 0.11990
0.36100 -0.00111 0.11727
0.36151 -0.00110 0.11808
0.36201 -0.00114 0.12243
0.36252 -0.00116 0.12094
0.36303 -0.00113 0.12113
0.36353 -0.00113 0.12242
0.36404 -0.00115 0.12248
0.36455 -0.00112 0.12127
0.36505 -0.00112 0.12017
0.36556 -0.00114 0.12310
0.36606 -0.00110 0.12311
0.36657 -0.00112 0.12442
0.36708 -0.00111 0.12171
0.36758 -0.00113 0.12297
0.36809 -0.00114 0.12340
0.36860 -0.00112 0.12565
0.36910 -0.00110 0.12378
0.36961 -0.00110 0.12556
0.37012 -0.00110 0.12833
0.37062 -0.00112 0.12752
0.37113 -0.00110 0.12649
0.37163 -0.00111 0.12490
0.37214 -0.00110 0.12761
0.37265 -0.00111 0.12817
0.37316 -0.00110 0.12915
0.37366 -0.00114 0.12961
0.37417 -0.00112 0.12921
0.37467 -0.00112 0.12910
0.37518 -0.00111 0.12658
0.37569 -0.00111 0.12857
0.37619 -0.00110 0.12874
0.37670 -0.00108 0.13017
0.37721 -0.00113 0.13621
0.37771 -0.00113 0.13069
0.37822 -0.00111 0.13446
0.37872 -0.00111 0.13486
0.37923 -0.00110 0.13046
0.37974 -0.00109 0.13436
0.38024 -0.00111 0.13391
0.38075 -0.00111 0.13536
0.38126 -0.00111 0.13588
0.38176 -0.00108 0.13437
0.38227 -0.00112 0.14024
0.38278 -0.00113 0.13918
0.38328 -0.00113 0.14092
0.38379 -0.00109 0.13978
0.38430 -0.00110 0.14060
0.38480 -0.00110 0.13937
0.38531 -0.00113 0.14402
0.38582 -0.00110 0.13783
0.38632 -0.00110 0.14135
0.38683 -0.00109 0.14421
0.38733 -0.00112 0.14126
0.38784 -0.00113 0.14373
0.38835 -0.00109 0.14915
0.38885 -0.00109 0.14580
0.38936 -0.00111 0.14192
0.38987 -0.00111 0.15449
0.39037 -0.00107 0.14785
0.39088 -0.00108 0.14682
0.39138 -0.00115 0.15309
0.39189 -0.00110 0.14821
0.39240 -0.00110 0.14573
0.39291 -0.00110 0.15186
0.39341 -0.00111 0.14917
0.39392 -0.00112 0.16079
0.39442 -0.00109 0.15447
0.39493 -0.00110 0.15460
0.39544 -0.00110 0.15144
0.39594 -0.00108 0.15197
0.39645 -0.00109 0.15258
0.39696 -0.00110 0.15639
0.39746 -0.00110 0.16630
0.39797 -0.00112 0.15749
0.39848 -0.00112 0.16065
0.39898 -0.00109 0.16500
0.39949 -0.00107 0.15716
0.39999 -0.00113 0.16425
0.40050 -0.00110 0.15822
0.40101 -0.00107 0.15967
0.40151 -0.00112 0.16138
0.40202 -0.00112 0.15818
0.40253 -0.00110 0.16529
0.40303 -0.00109 0.16300
0.40354 -0.00112 0.16966
0.40404 -0.00109 0.16432
0.40455 -0.00111 0.16867
0.40506 -0.00107 0.16685
0.40556 -0.00109 0.17091
0.40607 -0.00108 0.17207
0.40658 -0.00109 0.16953
0.40708 -0.00104 0.16663
0.40759 -0.00107 0.16768
0.40810 -0.00108 0.17372
0.40860 -0.00106 0.16956
0.40911 -0.00108 0.17131
0.40962 -0.00109 0.17053
0.41012 -0.00108 0.16819
0.41063 -0.00107 0.16653
0.41113 -0.00108 0.17559
0.41164 -0.00108 0.18133
0.41215 -0.00107 0.17507
0.41265 -0.00108 0.17272
0.41316 -0.00111 0.17833
0.41367 -0.00107 0.17484
0.41417 -0.00106 0.17687
0.41468 -0.00104 0.16931
0.41519 -0.00108 0.18085
0.41569 -0.00105 0.17208
0.41620 -0.00105 0.17095
0.41670 -0.00108 0.18151
0.41721 -0.00109 0.18781
0.41772 -0.00106 0.17575
0.41822 -0.00108 0.18692
0.41873 -0.00109 0.18097
0.41924 -0.00105 0.18095
0.41974 -0.00107 0.17938
0.42025 -0.00106 0.17942
0.42075 -0.00108 0.18547
0.42126 -0.00105 0.17790
0.42177 -0.00108 0.18392
0.42227 -0.00108 0.18864
0.42278 -0.00107 0.17810
0.42329 -0.00106 0.17913
0.42379 -0.00106 0.18902
0.42430 -0.00106 0.19818
0.42480 -0.00111 0.20300
0.42531 -0.00106 0.18604
0.42582 -0.00110 0.18842
0.42632 -0.00104 0.19023
0.42683 -0.00112 0.19642
0.42734 -0.00108 0.19414
0.42784 -0.00109 0.19006
0.42835 -0.00106 0.20603
0.42886 -0.00105 0.19445
0.42936 -0.00107 0.19127
0.42987 -0.00106 0.20081
0.43038 -0.00105 0.19961
0.43088 -0.00105 0.20438
0.43139 -0.00108 0.20526
0.43189 -0.00107 0.21031
0.43240 -0.00106 0.20237
0.43291 -0.00106 0.20874
0.43341 -0.00111 0.22189
0.43392 -0.00106 0.21536
0.43443 -0.00104 0.20740
0.43493 -0.00106 0.22102
0.43544 -0.00108 0.21874
0.43594 -0.00104 0.20894
0.43645 -0.00105 0.21668
0.43696 -0.00108 0.22647
0.43746 -0.00106 0.22561
0.43797 -0.00104 0.22704
0.43848 -0.00112 0.22322
0.43898 -0.00106 0.23139
0.43949 -0.00106 0.23732
0.44000 -0.00105 0.23385
