0.00988 0.37932 86.68764
0.01039 0.22198 49.73556
0.01090 0.24261 46.24794
0.01140 0.20049 36.05820
0.01191 0.11602 20.65519
0.01242 0.12175 20.82292
0.01292 0.09440 12.32784
0.01343 0.08297 12.36565
0.01394 0.07251 7.55265
0.01444 0.06488 5.90555
0.01495 0.05935 3.99408
0.01546 0.05225 3.00753
0.01596 0.05036 2.27558
0.01647 0.04594 1.73255
0.01698 0.04290 1.29308
0.01748 0.03934 1.36592
0.01799 0.03796 0.98503
0.01850 0.03586 0.90835
0.01900 0.03562 0.77010
0.01951 0.03316 0.70685
0.02002 0.03064 0.68357
0.02052 0.02948 0.63715
0.02103 0.02921 0.67138
0.02154 0.02809 0.59935
0.02204 0.02697 0.58440
0.02255 0.02723 0.54917
0.02306 0.02582 0.55828
0.02356 0.02461 0.54597
0.02407 0.02449 0.50708
0.02458 0.02396 0.50900
0.02508 0.02354 0.46730
0.02559 0.02343 0.46606
0.02610 0.02228 0.44079
0.02661 0.02261 0.45385
0.02711 0.02202 0.41842
0.02762 0.02235 0.40572
0.02813 0.02194 0.42548
0.02863 0.02153 0.41514
0.02914 0.02065 0.38468
0.02965 0.02025 0.36511
0.03015 0.02038 0.37701
0.03066 0.02075 0.40982
0.03117 0.02026 0.38679
0.03167 0.01954 0.36005
0.03218 0.01919 0.37476
0.03269 0.01949 0.37718
0.03319 0.01926 0.34687
0.03370 0.01947 0.34421
0.03421 0.01910 0.35075
0.03471 0.01954 0.35362
0.03522 0.01832 0.33355
0.03573 0.01899 0.34425
0.03623 0.01870 0.32733
0.03674 0.01838 0.33120
0.03725 0.01782 0.31226
0.03775 0.01815 0.31275
0.03826 0.01857 0.31519
0.03877 0.01766 0.30811
0.03927 0.01785 0.29493
0.03978 0.01806 0.31132
0.04029 0.01747 0.30707
0.04079 0.01787 0.33052
0.04130 0.01764 0.30893
0.04181 0.01775 0.30227
0.04231 0.01791 0.30518
0.04282 0.01700 0.28258
0.04333 0.01669 0.29247
0.04384 0.01714 0.27505
0.04434 0.01747 0.28605
0.04485 0.01691 0.28090
0.04536 0.01686 0.28700
0.04586 0.01669 0.26830
0.04637 0.01703 0.27501
0.04688 0.01675 0.27136
0.04738 0.01674 0.27823
0.04789 0.01650 0.26837
0.04840 0.01745 0.28525
0.04890 0.01649 0.26380
0.04941 0.01642 0.26464
0.04992 0.01624 0.27304
0.05042 0.01675 0.26502
0.05093 0.01706 0.26469
0.05144 0.01700 0.25307
0.05194 0.01642 0.24806
0.05245 0.01617 0.24680
0.05296 0.01619 0.23600
0.05346 0.01704 0.23584
0.05397 0.01601 0.23579
0.05448 0.01626 0.24709
0.05498 0.01642 0.23609
0.05549 0.01644 0.24157
0.05600 0.01647 0.24281
0.05650 0.01649 0.23143
0.05701 0.01614 0.24055
0.05752 0.01578 0.24155
0.05803 0.01657 0.23431
0.05853 0.01608 0.23301
0.05904 0.01622 0.22623
0.05955 0.01619 0.24078
0.06005 0.01621 0.22945
0.06056 0.01631 0.22639
0.06107 0.01582 0.22781
0.06157 0.01653 0.23399
0.06208 0.01589 0.22287
0.06259 0.01597 0.24189
0.06309 0.01591 0.20740
0.06360 0.01548 0.22773
0.06411 0.01565 0.22143
0.06461 0.01590 0.21852
0.06512 0.01550 0.22651
0.06563 0.01547 0.21016
0.06613 0.01579 0.22616
0.06664 0.01601 0.21897
0.06715 0.01584 0.21601
0.06765 0.01561 0.21598
0.06816 0.01560 0.21710
0.06867 0.01602 0.21151
0.06917 0.01564 0.21470
0.06968 0.01539 0.21378
0.07019 0.01574 0.21001
0.07069 0.01557 0.20941
0.07120 0.01565 0.21992
0.07171 0.01548 0.21645
0.07222 0.01536 0.20695
0.07272 0.01565 0.20897
0.07323 0.01541 0.20776
0.07373 0.01538 0.20500
0.07424 0.01560 0.20423
0.07475 0.01545 0.20408
0.07526 0.01563 0.19700
0.07576 0.01534 0.19729
0.07627 0.01563 0.20147
0.07678 0.01586 0.21040
0.07728 0.01538 0.19922
0.07779 0.01551 0.19349
0.07830 0.01554 0.20498
0.07880 0.01515 0.18720
0.07931 0.01511 0.19524
0.07982 0.01496 0.18389
0.08032 0.01555 0.20585
0.08083 0.01566 0.20365
0.08134 0.01532 0.20965
0.08184 0.01546 0.19787
0.08235 0.01550 0.19770
0.08286 0.01524 0.19447
0.08336 0.01533 0.20581
0.08387 0.01533 0.20029
0.08438 0.01526 0.19426
0.08488 0.01545 0.20754
0.08539 0.01523 0.19921
0.08590 0.01542 0.20097
0.08640 0.01508 0.20191
0.08691 0.01545 0.20174
0.08742 0.01510 0.20476
0.08792 0.01534 0.19935
0.08843 0.01527 0.20073
0.08894 0.01495 0.20797
0.08944 0.01538 0.20106
0.08995 0.01533 0.19337
0.09046 0.01496 0.19957
0.09097 0.01531 0.20090
0.09147 0.01481 0.19026
0.09198 0.01497 0.20022
0.09248 0.01519 0.19662
0.09299 0.01507 0.19754
0.09350 0.01500 0.19633
0.09401 0.01538 0.20832
0.09451 0.01518 0.20054
0.09502 0.01480 0.19983
0.09552 0.01492 0.19485
0.09603 0.01516 0.19742
0.09654 0.01517 0.19634
0.09705 0.01500 0.20083
0.09755 0.01527 0.20023
0.09806 0.01479 0.19579
0.09857 0.01504 0.19114
0.09907 0.01465 0.18971
0.09958 0.01513 0.19171
0.10009 0.01494 0.20010
0.10059 0.01474 0.19610
0.10110 0.01459 0.18455
0.10161 0.01474 0.19229
0.10211 0.01503 0.19423
0.10262 0.01508 0.19880
0.10313 0.01493 0.18886
0.10363 0.01510 0.19983
0.10414 0.01537 0.19688
0.10465 0.01498 0.20096
0.10515 0.01510 0.19071
0.10566 0.01485 0.19147
0.10617 0.01507 0.19204
0.10667 0.01489 0.19314
0.10718 0.01507 0.18753
0.10769 0.01496 0.18132
0.10819 0.01499 0.18310
0.10870 0.01446 0.18364
0.10921 0.01490 0.18516
0.10971 0.01482 0.17408
0.11022 0.01476 0.17545
0.11073 0.01476 0.17934
0.11124 0.01446 0.18058
0.11174 0.01496 0.17761
0.11225 0.01471 0.17301
0.11275 0.01472 0.17980
0.11326 0.01464 0.17369
0.11377 0.01467 0.17870
0.11428 0.01467 0.16939
0.11478 0.01462 0.16898
0.11529 0.01482 0.17035
0.11579 0.01468 0.16673
0.11630 0.01458 0.16857
0.11681 0.01465 0.16947
0.11732 0.01433 0.16840
0.11782 0.01448 0.17306
0.11833 0.01435 0.16991
0.11884 0.01454 0.17312
0.11934 0.01466 0.16738
0.11985 0.01433 0.16286
0.12036 0.01428 0.16694
0.12086 0.01465 0.16473
0.12137 0.01426 0.16410
0.12188 0.01431 0.16035
0.12238 0.01453 0.16537
0.12289 0.01457 0.15859
0.12340 0.01431 0.16039
0.12390 0.01428 0.16261
0.12441 0.01453 0.16100
0.12492 0.01464 0.16243
0.12542 0.01439 0.15827
0.12593 0.01437 0.16309
0.12644 0.01437 0.16165
0.12694 0.01420 0.15467
0.12745 0.01448 0.15602
0.12796 0.01431 0.15284
0.12846 0.01459 0.15789
0.12897 0.01458 0.15244
0.12948 0.01453 0.15518
0.12998 0.01427 0.14902
0.13049 0.01445 0.15435
0.13100 0.01469 0.15577
0.13150 0.01455 0.15371
0.13201 0.01433 0.14868
0.13252 0.01436 0.15202
0.13302 0.01436 0.14657
0.13353 0.01427 0.15166
0.13404 0.01402 0.14833
0.13454 0.01446 0.14624
0.13505 0.01449 0.15207
0.13556 0.01426 0.14981
0.13606 0.01448 0.15134
0.13657 0.01430 0.14784
0.13708 0.01428 0.14581
0.13759 0.01435 0.15100
0.13809 0.01444 0.15146
0.13860 0.01452 0.15047
0.13911 0.01461 0.14839
0.13961 0.01445 0.14881
0.14012 0.01459 0.14351
0.14062 0.01435 0.14649
0.14113 0.01456 0.14670
0.14164 0.01420 0.14380
0.14214 0.01435 0.14166
0.14265 0.01425 0.14146
0.14316 0.01420 0.13943
0.14367 0.01406 0.14714
0.14417 0.01418 0.14118
0.14468 0.01437 0.14695
0.14519 0.01425 0.14337
0.14569 0.01427 0.14470
0.14620 0.01415 0.14158
0.14671 0.01446 0.14389
0.14721 0.01407 0.14014
0.14772 0.01413 0.14103
0.14823 0.01410 0.14480
0.14873 0.01433 0.14238
0.14924 0.01410 0.14100
0.14975 0.01412 0.14181
0.15025 0.01421 0.14177
0.15076 0.01425 0.14115
0.15127 0.01401 0.14284
0.15177 0.01410 0.13833
0.15228 0.01412 0.13479
0.15279 0.01421 0.14194
0.15329 0.01404 0.14127
0.15380 0.01419 0.13679
0.15431 0.01366 0.13490
0.15481 0.01389 0.13812
0.15532 0.01430 0.13658
0.15583 0.01418 0.13578
0.15633 0.01415 0.13363
0.15684 0.01382 0.13138
0.15735 0.01423 0.13707
0.15785 0.01394 0.13411
0.15836 0.01382 0.13792
0.15887 0.01408 0.13464
0.15937 0.01393 0.13383
0.15988 0.01410 0.13549
0.16039 0.01400 0.13371
0.16089 0.01399 0.13031
0.16140 0.01387 0.13266
0.16191 0.01397 0.13396
0.16241 0.01404 0.13316
0.16292 0.01398 0.13138
0.16343 0.01404 0.13199
0.16393 0.01423 0.13358
0.16444 0.01393 0.12987
0.16495 0.01387 0.12988
0.16545 0.01403 0.13392
0.16596 0.01390 0.12909
0.16647 0.01374 0.12826
0.16697 0.01391 0.12942
0.16748 0.01388 0.13063
0.16799 0.01386 0.13007
0.16850 0.01394 0.13165
0.16900 0.01398 0.13489
0.16951 0.01393 0.13037
0.17001 0.01390 0.13571
0.17052 0.01388 0.13411
0.17103 0.01399 0.13432
0.17153 0.01404 0.13379
0.17204 0.01403 0.13034
0.17255 0.01375 0.13688
0.17305 0.01389 0.13680
0.17356 0.01405 0.13128
0.17407 0.01360 0.13439
0.17458 0.01387 0.13498
0.17508 0.01361 0.13463
0.17559 0.01391 0.13732
0.17610 0.01382 0.13457
0.17660 0.01362 0.13209
0.17711 0.01377 0.13406
0.17761 0.01373 0.13193
0.17812 0.01383 0.13339
0.17863 0.01380 0.13037
0.17913 0.01427 0.13802
0.17964 0.01407 0.14097
0.18015 0.01368 0.13208
0.18066 0.01378 0.13186
0.18116 0.01397 0.13393
0.18167 0.01348 0.13705
0.18218 0.01375 0.13743
0.18268 0.01406 0.13940
0.18319 0.01387 0.13915
0.18369 0.01392 0.14022
0.18420 0.01392 0.14011
0.18471 0.01375 0.13993
0.18522 0.01376 0.14148
0.18572 0.01378 0.14005
0.18623 0.01407 0.14035
0.18674 0.01370 0.14198
0.18724 0.01359 0.13816
0.18775 0.01386 0.14463
0.18826 0.01371 0.14246
0.18876 0.01385 0.14381
0.18927 0.01385 0.14091
0.18978 0.01385 0.14486
0.19028 0.01349 0.13810
0.19079 0.01381 0.14385
0.19130 0.01369 0.13969
0.19180 0.01372 0.13901
0.19231 0.01361 0.14147
0.19282 0.01383 0.14790
0.19332 0.01375 0.14216
0.19383 0.01369 0.14372
0.19434 0.01360 0.13926
0.19484 0.01327 0.14093
0.19535 0.01365 0.14471
0.19586 0.01379 0.14047
0.19636 0.01371 0.14564
0.19687 0.01379 0.14506
0.19738 0.01351 0.14100
0.19788 0.01393 0.14293
0.19839 0.01357 0.14476
0.19890 0.01382 0.15010
0.19940 0.01356 0.14601
0.19991 0.01382 0.14622
0.20042 0.01371 0.15093
0.20092 0.01361 0.14740
0.20143 0.01379 0.14951
0.20194 0.01386 0.14909
0.20244 0.01368 0.14492
0.20295 0.01354 0.14693
0.20346 0.01363 0.14560
0.20396 0.01351 0.14762
0.20447 0.01364 0.14389
0.20498 0.01369 0.14846
0.20548 0.01361 0.14580
0.20599 0.01369 0.14599
0.20650 0.01339 0.14371
0.20700 0.01344 0.14225
0.20751 0.01351 0.14746
0.20802 0.01348 0.14455
0.20852 0.01348 0.14186
0.20903 0.01366 0.14565
0.20954 0.01338 0.14118
0.21004 0.01356 0.14408
0.21055 0.01355 0.14540
0.21106 0.01349 0.14420
0.21156 0.01349 0.14160
0.21207 0.01356 0.14433
0.21258 0.01361 0.15100
0.21308 0.01365 0.14320
0.21359 0.01364 0.14694
0.21410 0.01361 0.14398
0.21460 0.01373 0.14267
0.21511 0.01307 0.14406
0.21562 0.01330 0.14359
0.21612 0.01355 0.14984
0.21663 0.01371 0.14552
0.21714 0.01337 0.14296
0.21764 0.01358 0.14372
0.21815 0.01343 0.14845
0.21866 0.01312 0.14076
0.21916 0.01368 0.14169
0.21967 0.01345 0.13980
0.22018 0.01340 0.14651
0.22068 0.01337 0.14250
0.22119 0.01333 0.13989
0.22170 0.01342 0.14359
0.22220 0.01324 0.14130
0.22271 0.01318 0.14209
0.22322 0.01333 0.14555
0.22372 0.01349 0.14317
0.22423 0.01346 0.14454
0.22474 0.01348 0.14094
0.22524 0.01330 0.14032
0.22575 0.01336 0.14139
0.22626 0.01341 0.14128
0.22676 0.01338 0.14398
0.22727 0.01319 0.14115
0.22778 0.01346 0.13956
0.22828 0.01325 0.13860
0.22879 0.01356 0.14277
0.22930 0.01341 0.13601
0.22980 0.01316 0.13753
0.23031 0.01324 0.14337
0.23082 0.01336 0.13953
0.23132 0.01344 0.13951
0.23183 0.01333 0.13804
0.23234 0.01333 0.13888
0.23284 0.01337 0.13425
0.23335 0.01342 0.13216
0.23386 0.01316 0.12944
0.23436 0.01332 0.13777
0.23487 0.01326 0.13506
0.23538 0.01323 0.13454
0.23588 0.01333 0.13565
0.23639 0.01305 0.13251
0.23689 0.01337 0.13321
0.23740 0.01331 0.13535
0.23791 0.01328 0.13186
0.23841 0.01305 0.13260
0.23892 0.01332 0.13320
0.23943 0.01322 0.12877
0.23994 0.01320 0.13088
0.24044 0.01324 0.13348
0.24095 0.01300 0.12957
0.24146 0.01315 0.13197
0.24196 0.01331 0.13113
0.24247 0.01318 0.12875
0.24297 0.01347 0.13008
0.24348 0.01318 0.12817
0.24399 0.01311 0.12952
0.24449 0.01320 0.12866
0.24500 0.01302 0.13131
0.24551 0.01313 0.12737
0.24602 0.01313 0.12744
0.24652 0.01302 0.12844
0.24703 0.01310 0.12857
0.24753 0.01328 0.12661
0.24804 0.01301 0.12694
0.24855 0.01305 0.12584
0.24905 0.01308 0.12603
0.24956 0.01323 0.12499
0.25007 0.01313 0.12677
0.25057 0.01315 0.12807
0.25108 0.01323 0.12737
0.25159 0.01328 0.12752
0.25209 0.01309 0.12666
0.25260 0.01292 0.12913
0.25311 0.01299 0.12569
0.25361 0.01292 0.12465
0.25412 0.01301 0.12194
0.25463 0.01297 0.12543
0.25513 0.01313 0.12110
0.25564 0.01298 0.12076
0.25615 0.01311 0.12204
0.25665 0.01276 0.12336
0.25716 0.01283 0.12237
0.25767 0.01295 0.12224
0.25817 0.01301 0.11919
0.25868 0.01324 0.12488
0.25919 0.01288 0.11890
0.25969 0.01300 0.12196
0.26020 0.01299 0.12089
0.26071 0.01302 0.11846
0.26121 0.01304 0.12060
0.26172 0.01297 0.12169
0.26223 0.01308 0.12195
0.26273 0.01310 0.11825
0.26324 0.01292 0.12135
0.26375 0.01297 0.11900
0.26425 0.01317 0.12005
0.26476 0.01303 0.12180
0.26527 0.01280 0.11602
0.26577 0.01303 0.11851
0.26628 0.01285 0.11884
0.26679 0.01276 0.11877
0.26729 0.01294 0.12071
0.26780 0.01275 0.11806
0.26831 0.01278 0.11942
0.26881 0.01303 0.11562
0.26932 0.01290 0.11751
0.26982 0.01318 0.11802
0.27033 0.01273 0.11774
0.27084 0.01300 0.11721
0.27135 0.01294 0.11488
0.27185 0.01298 0.11794
0.27236 0.01281 0.11460
0.27287 0.01270 0.11644
0.27337 0.01288 0.11584
0.27388 0.01288 0.11691
0.27438 0.01267 0.11458
0.27489 0.01282 0.11671
0.27540 0.01286 0.11584
0.27590 0.01276 0.11747
0.27641 0.01258 0.11367
0.27692 0.01295 0.11379
0.27742 0.01281 0.11423
0.27793 0.01296 0.11515
0.27844 0.01281 0.11800
0.27894 0.01273 0.11412
0.27945 0.01290 0.11375
0.27996 0.01273 0.11394
0.28046 0.01298 0.11524
0.28097 0.01273 0.11182
0.28148 0.01261 0.11162
0.28198 0.01283 0.11630
0.28249 0.01260 0.11212
0.28300 0.01294 0.11539
0.28350 0.01275 0.11126
0.28401 0.01270 0.11138
0.28452 0.01283 0.11208
0.28502 0.01276 0.11021
0.28553 0.01290 0.11342
0.28604 0.01262 0.11125
0.28654 0.01255 0.11358
0.28705 0.01258 0.11153
0.28756 0.01278 0.11087
0.28806 0.01274 0.11138
0.28857 0.01274 0.11233
0.28908 0.01242 0.11100
0.28958 0.01266 0.11535
0.29009 0.01253 0.11031
0.29059 0.01272 0.11468
0.29110 0.01272 0.11257
0.29161 0.01288 0.11280
0.29212 0.01259 0.11422
0.29262 0.01258 0.11043
0.29313 0.01269 0.11008
0.29363 0.01263 0.11243
0.29414 0.01260 0.11467
0.29465 0.01247 0.11307
0.29515 0.01262 0.11294
0.29566 0.01279 0.11277
0.29617 0.01240 0.11098
0.29667 0.01269 0.11277
0.29718 0.01277 0.11308
0.29769 0.01264 0.11425
0.29819 0.01246 0.11043
0.29870 0.01244 0.10985
0.29921 0.01254 0.11169
0.29971 0.01258 0.11300
0.30022 0.01263 0.11078
0.30073 0.01258 0.11148
0.30123 0.01237 0.11060
0.30174 0.01251 0.11250
0.30225 0.01231 0.10838
0.30275 0.01253 0.11237
0.30326 0.01248 0.11098
0.30377 0.01250 0.10719
0.30427 0.01263 0.11012
0.30478 0.01262 0.10989
0.30528 0.01231 0.11104
0.30579 0.01249 0.10996
0.30630 0.01226 0.10849
0.30680 0.01246 0.11176
0.30731 0.01266 0.11307
0.30782 0.01237 0.10956
0.30832 0.01272 0.11106
0.30883 0.01221 0.11190
0.30934 0.01263 0.11096
0.30984 0.01221 0.11221
0.31035 0.01227 0.11436
0.31086 0.01231 0.11402
0.31136 0.01230 0.11386
0.31187 0.01248 0.11395
0.31238 0.01228 0.11585
0.31288 0.01255 0.11708
0.31339 0.01254 0.11743
0.31390 0.01247 0.11791
0.31440 0.01245 0.12158
0.31491 0.01250 0.11713
0.31542 0.01241 0.11750
0.31592 0.01223 0.11793
0.31643 0.01229 0.11915
0.31694 0.01264 0.11732
0.31744 0.01233 0.12012
0.31795 0.01216 0.11855
0.31845 0.01249 0.11855
0.31896 0.01254 0.12280
0.31947 0.01255 0.11984
0.31998 0.01239 0.12289
0.32048 0.01234 0.11966
0.32099 0.01235 0.12124
0.32149 0.01247 0.13228
0.32200 0.01233 0.12299
0.32251 0.01252 0.12317
0.32301 0.01227 0.11970
0.32352 0.01225 0.11957
0.32403 0.01230 0.12338
0.32453 0.01239 0.11956
0.32504 0.01230 0.12006
0.32555 0.01232 0.12276
0.32605 0.01259 0.12234
0.32656 0.01231 0.11759
0.32707 0.01243 0.12177
0.32757 0.01222 0.12346
0.32808 0.01225 0.11981
0.32859 0.01263 0.12284
0.32909 0.01236 0.11902
0.32960 0.01225 0.12362
0.33010 0.01240 0.12002
0.33061 0.01258 0.12430
0.33112 0.01234 0.12126
0.33162 0.01235 0.12302
0.33213 0.01226 0.12167
0.33264 0.01225 0.12374
0.33314 0.01229 0.12124
0.33365 0.01251 0.12500
0.33416 0.01229 0.12355
0.33466 0.01234 0.12470
0.33517 0.01216 0.12197
0.33568 0.01241 0.12285
0.33618 0.01237 0.12448
0.33669 0.01210 0.12258
0.33720 0.01226 0.12065
0.33770 0.01231 0.12496
0.33821 0.01233 0.12909
0.33871 0.01211 0.11961
0.33922 0.01231 0.12293
0.33973 0.01232 0.12465
0.34024 0.01236 0.12537
0.34074 0.01241 0.12573
0.34125 0.01213 0.12268
0.34175 0.01232 0.12418
0.34226 0.01211 0.12472
0.34277 0.01235 0.12317
0.34327 0.01227 0.12265
0.34378 0.01233 0.12743
0.34429 0.01248 0.12644
0.34479 0.01239 0.12442
0.34530 0.01235 0.12468
0.34581 0.01223 0.12404
0.34631 0.01213 0.12557
0.34682 0.01222 0.12155
0.34732 0.01230 0.12801
0.34783 0.01214 0.12718
0.34834 0.01240 0.12754
0.34885 0.01213 0.12791
0.34935 0.01211 0.12687
0.34986 0.01220 0.12216
0.35036 0.01239 0.12826
0.35087 0.01208 0.12919
0.35138 0.01207 0.12857
0.35188 0.01240 0.12618
0.35239 0.01218 0.12641
0.35290 0.01209 0.12356
0.35340 0.01210 0.12427
0.35391 0.01216 0.12483
0.35442 0.01217 0.12899
0.35492 0.01221 0.12286
0.35543 0.01239 0.12257
0.35594 0.01211 0.12241
0.35644 0.01199 0.11709
0.35695 0.01236 0.11804
0.35746 0.01197 0.11550
0.35796 0.01221 0.11836
0.35847 0.01217 0.12085
0.35897 0.01206 0.11904
0.35948 0.01202 0.12034
0.35999 0.01216 0.12242
0.36049 0.01207 0.11821
0.36100 0.01226 0.12374
0.36151 0.01193 0.11899
0.36201 0.01202 0.12137
0.36252 0.01216 0.12347
0.36303 0.01220 0.12101
0.36353 0.01189 0.11887
0.36404 0.01220 0.12123
0.36455 0.01238 0.12143
0.36505 0.01218 0.12367
0.36556 0.01225 0.12284
0.36606 0.01228 0.12362
0.36657 0.01196 0.12238
0.36708 0.01213 0.12432
0.36758 0.01221 0.12666
0.36809 0.01199 0.12646
0.36860 0.01211 0.12476
0.36910 0.01190 0.12577
0.36961 0.01187 0.12565
0.37012 0.01204 0.12805
0.37062 0.01187 0.12824
0.37113 0.01198 0.12747
0.37163 0.01194 0.12907
0.37214 0.01195 0.12934
0.37265 0.01185 0.12889
0.37316 0.01198 0.12615
0.37366 0.01181 0.12639
0.37417 0.01200 0.12990
0.37467 0.01208 0.13197
0.37518 0.01185 0.12873
0.37569 0.01189 0.12674
0.37619 0.01217 0.13457
0.37670 0.01198 0.13053
0.37721 0.01218 0.13220
0.37771 0.01188 0.13334
0.37822 0.01218 0.13491
0.37872 0.01202 0.13445
0.37923 0.01193 0.13831
0.37974 0.01189 0.13402
0.38024 0.01214 0.13521
0.38075 0.01201 0.13434
0.38126 0.01181 0.13431
0.38176 0.01201 0.13504
0.38227 0.01171 0.13261
0.38278 0.01168 0.13690
0.38328 0.01194 0.13748
0.38379 0.01189 0.14031
0.38430 0.01197 0.14516
0.38480 0.01192 0.13704
0.38531 0.01172 0.14371
0.38582 0.01191 0.14446
0.38632 0.01173 0.14340
0.38683 0.01194 0.14571
0.38733 0.01181 0.14601
0.38784 0.01187 0.14907
0.38835 0.01180 0.14410
0.38885 0.01177 0.14633
0.38936 0.01197 0.14630
0.38987 0.01205 0.15100
0.39037 0.01209 0.15302
0.39088 0.01182 0.14956
0.39138 0.01202 0.14857
0.39189 0.01170 0.14880
0.39240 0.01167 0.14981
0.39291 0.01216 0.15403
0.39341 0.01184 0.15608
0.39392 0.01183 0.15618
0.39442 0.01165 0.15747
0.39493 0.01201 0.15087
0.39544 0.01198 0.15370
0.39594 0.01183 0.15674
0.39645 0.01197 0.15782
0.39696 0.01192 0.15729
0.39746 0.01175 0.15327
0.39797 0.01166 0.16388
0.39848 0.01175 0.16046
0.39898 0.01174 0.15854
0.39949 0.01183 0.15914
0.39999 0.01171 0.16392
0.40050 0.01154 0.15947
0.40101 0.01159 0.17141
0.40151 0.01149 0.16260
0.40202 0.01169 0.16959
0.40253 0.01197 0.16486
0.40303 0.01201 0.16947
0.40354 0.01171 0.16755
0.40404 0.01159 0.16463
0.40455 0.01171 0.16727
0.40506 0.01185 0.17288
0.40556 0.01174 0.16767
0.40607 0.01184 0.16812
0.40658 0.01172 0.17081
0.40708 0.01179 0.17206
0.40759 0.01160 0.16978
0.40810 0.01159 0.17269
0.40860 0.01185 0.16909
0.40911 0.01177 0.18001
0.40962 0.01127 0.16910
0.41012 0.01172 0.17492
0.41063 0.01138 0.17046
0.41113 0.01165 0.16654
0.41164 0.01129 0.17387
0.41215 0.01157 0.18023
0.41265 0.01154 0.17181
0.41316 0.01160 0.16974
0.41367 0.01144 0.17377
0.41417 0.01161 0.17362
0.41468 0.01152 0.17493
0.41519 0.01140 0.17470
0.41569 0.01132 0.18026
0.41620 0.01138 0.17768
0.41670 0.01167 0.17660
0.41721 0.01151 0.18826
0.41772 0.01136 0.18361
0.41822 0.01139 0.17987
0.41873 0.01174 0.17810
0.41924 0.01159 0.18081
0.41974 0.01136 0.17561
0.42025 0.01160 0.17128
0.42075 0.01167 0.19276
0.42126 0.01129 0.18329
0.42177 0.01135 0.18273
0.42227 0.01153 0.18084
0.42278 0.01133 0.18039
0.42329 0.01204 0.19249
0.42379 0.01121 0.18502
0.42430 0.01160 0.18955
0.42480 0.01162 0.19055
0.42531 0.01173 0.18634
0.42582 0.01171 0.18941
0.42632 0.01121 0.19747
0.42683 0.01155 0.19281
0.42734 0.01143 0.19039
0.42784 0.01152 0.19552
0.42835 0.01098 0.19230
0.42886 0.01113 0.20238
0.42936 0.01142 0.19944
0.42987 0.01147 0.20561
0.43038 0.01106 0.19697
0.43088 0.01124 0.20181
0.43139 0.01199 0.21457
0.43189 0.01156 0.21044
0.43240 0.01165 0.21160
0.43291 0.01141 0.20269
0.43341 0.01133 0.22174
0.43392 0.01130 0.21344
0.43443 0.01167 0.21561
0.43493 0.01117 0.22065
0.43544 0.01165 0.21633
0.43594 0.01118 0.21697
0.43645 0.01144 0.21637
0.43696 0.01166 0.23077
0.43746 0.01151 0.23460
0.43797 0.01173 0.22087
0.43848 0.01138 0.22559
0.43898 0.01178 0.23564
0.43949 0.01175 0.23611
0.44000 0.01169 0.24749
