0.00988 0.17678 22.05991
0.01039 0.12433 12.94360
0.01090 0.11675 11.98658
0.01140 0.09964 9.59065
0.01191 0.06568 5.00779
0.01242 0.06453 6.07212
0.01292 0.05267 3.34954
0.01343 0.04421 3.09631
0.01394 0.03886 1.93572
0.01444 0.03548 1.58830
0.01495 0.03157 1.33246
0.01546 0.02743 1.02465
0.01596 0.02370 0.84080
0.01647 0.02187 0.78753
0.01698 0.02135 0.65475
0.01748 0.02007 0.59103
0.01799 0.01819 0.45959
0.01850 0.01598 0.49516
0.01900 0.01536 0.41217
0.01951 0.01387 0.37428
0.02002 0.01309 0.41116
0.02052 0.01224 0.37098
0.02103 0.01172 0.38072
0.02154 0.01102 0.34047
0.02204 0.01139 0.32514
0.02255 0.01115 0.32694
0.02306 0.00947 0.26253
0.02356 0.00940 0.29024
0.02407 0.00915 0.26311
0.02458 0.00877 0.25925
0.02508 0.00863 0.24738
0.02559 0.00814 0.24549
0.02610 0.00782 0.25609
0.02661 0.00796 0.22171
0.02711 0.00772 0.21755
0.02762 0.00719 0.21448
0.02813 0.00709 0.21837
0.02863 0.00736 0.21029
0.02914 0.00725 0.20932
0.02965 0.00696 0.20187
0.03015 0.00721 0.20535
0.03066 0.00720 0.18631
0.03117 0.00643 0.18195
0.03167 0.00639 0.18767
0.03218 0.00616 0.16030
0.03269 0.00591 0.17602
0.03319 0.00582 0.17848
0.03370 0.00609 0.17851
0.03421 0.00626 0.17787
0.03471 0.00615 0.17318
0.03522 0.00645 0.18228
0.03573 0.00581 0.16496
0.03623 0.00599 0.16452
0.03674 0.00544 0.15535
0.03725 0.00576 0.16010
0.03775 0.00579 0.15556
0.03826 0.00562 0.15607
0.03877 0.00554 0.15248
0.03927 0.00574 0.15641
0.03978 0.00558 0.15409
0.04029 0.00553 0.15139
0.04079 0.00564 0.14846
0.04130 0.00566 0.14928
0.04181 0.00568 0.14835
0.04231 0.00562 0.14632
0.04282 0.00575 0.14411
0.04333 0.00570 0.14279
0.04384 0.00549 0.15255
0.04434 0.00550 0.14209
0.04485 0.00559 0.14643
0.04536 0.00552 0.14456
0.04586 0.00523 0.13294
0.04637 0.00556 0.14496
0.04688 0.00545 0.14269
0.04738 0.00516 0.13297
0.04789 0.00509 0.13673
0.04840 0.00521 0.12758
0.04890 0.00495 0.12918
0.04941 0.00509 0.12705
0.04992 0.00513 0.13426
0.05042 0.00539 0.13035
0.05093 0.00498 0.12085
0.05144 0.00498 0.12716
0.05194 0.00522 0.12590
0.05245 0.00538 0.12685
0.05296 0.00523 0.12623
0.05346 0.00513 0.11919
0.05397 0.00501 0.11817
0.05448 0.00481 0.11568
0.05498 0.00488 0.11731
0.05549 0.00494 0.11985
0.05600 0.00504 0.12174
0.05650 0.00498 0.11776
0.05701 0.00479 0.11735
0.05752 0.00497 0.11979
0.05803 0.00529 0.12202
0.05853 0.00489 0.11106
0.05904 0.00491 0.11501
0.05955 0.00506 0.11810
0.06005 0.00515 0.10968
0.06056 0.00498 0.11700
0.06107 0.00475 0.10890
0.06157 0.00484 0.11109
0.06208 0.00500 0.11814
0.06259 0.00518 0.11444
0.06309 0.00499 0.11472
0.06360 0.00512 0.11149
0.06411 0.00500 0.11397
0.06461 0.00501 0.10786
0.06512 0.00473 0.10558
0.06563 0.00468 0.10696
0.06613 0.00481 0.10611
0.06664 0.00477 0.10437
0.06715 0.00481 0.10578
0.06765 0.00479 0.10491
0.06816 0.00465 0.10591
0.06867 0.00474 0.10299
0.06917 0.00488 0.10571
0.06968 0.00490 0.10562
0.07019 0.00478 0.10349
0.07069 0.00474 0.10073
0.07120 0.00483 0.10634
0.07171 0.00479 0.10567
0.07222 0.00496 0.10229
0.07272 0.00474 0.10177
0.07323 0.00488 0.10376
0.07373 0.00483 0.10249
0.07424 0.00482 0.10082
0.07475 0.00450 0.09744
0.07526 0.00503 0.09911
0.07576 0.00465 0.09834
0.07627 0.00478 0.09885
0.07678 0.00468 0.09604
0.07728 0.00466 0.09634
0.07779 0.00500 0.10199
0.07830 0.00490 0.10134
0.07880 0.00478 0.09402
0.07931 0.00488 0.09918
0.07982 0.00465 0.09779
0.08032 0.00490 0.09997
0.08083 0.00475 0.09708
0.08134 0.00484 0.09830
0.08184 0.00473 0.10065
0.08235 0.00462 0.09605
0.08286 0.00476 0.09762
0.08336 0.00490 0.10103
0.08387 0.00472 0.09893
0.08438 0.00499 0.10047
0.08488 0.00480 0.09878
0.08539 0.00467 0.09953
0.08590 0.00468 0.09364
0.08640 0.00475 0.10007
0.08691 0.00477 0.09931
0.08742 0.00473 0.09720
0.08792 0.00486 0.10255
0.08843 0.00477 0.09814
0.08894 0.00458 0.09307
0.08944 0.00481 0.10093
0.08995 0.00472 0.09478
0.09046 0.00507 0.10835
0.09097 0.00456 0.09554
0.09147 0.00469 0.09826
0.09198 0.00461 0.09614
0.09248 0.00474 0.10132
0.09299 0.00482 0.09972
0.09350 0.00461 0.09643
0.09401 0.00457 0.09835
0.09451 0.00465 0.09773
0.09502 0.00475 0.10148
0.09552 0.00461 0.09798
0.09603 0.00449 0.09796
0.09654 0.00484 0.09836
0.09705 0.00451 0.09561
0.09755 0.00462 0.09492
0.09806 0.00467 0.09402
0.09857 0.00460 0.09898
0.09907 0.00493 0.09965
0.09958 0.00477 0.09375
0.10009 0.00453 0.09504
0.10059 0.00455 0.09416
0.10110 0.00457 0.09493
0.10161 0.00457 0.09807
0.10211 0.00454 0.09206
0.10262 0.00469 0.09858
0.10313 0.00467 0.09500
0.10363 0.00456 0.09587
0.10414 0.00483 0.10152
0.10465 0.00462 0.09673
0.10515 0.00477 0.10276
0.10566 0.00469 0.09563
0.10617 0.00468 0.09439
0.10667 0.00486 0.09569
0.10718 0.00470 0.09443
0.10769 0.00453 0.09222
0.10819 0.00444 0.09107
0.10870 0.00457 0.08860
0.10921 0.00451 0.09090
0.10971 0.00460 0.08940
0.11022 0.00443 0.09001
0.11073 0.00459 0.08842
0.11124 0.00458 0.09216
0.11174 0.00476 0.08942
0.11225 0.00473 0.09021
0.11275 0.00455 0.08805
0.11326 0.00462 0.08714
0.11377 0.00427 0.08598
0.11428 0.00448 0.08962
0.11478 0.00452 0.08552
0.11529 0.00461 0.08542
0.11579 0.00452 0.08445
0.11630 0.00450 0.08205
0.11681 0.00448 0.08427
0.11732 0.00450 0.08513
0.11782 0.00458 0.08194
0.11833 0.00456 0.08396
0.11884 0.00463 0.08267
0.11934 0.00467 0.08576
0.11985 0.00434 0.08300
0.12036 0.00448 0.08211
0.12086 0.00430 0.07932
0.12137 0.00466 0.08192
0.12188 0.00437 0.07944
0.12238 0.00460 0.08103
0.12289 0.00439 0.07911
0.12340 0.00444 0.07806
0.12390 0.00453 0.07937
0.12441 0.00453 0.07994
0.12492 0.00479 0.08414
0.12542 0.00457 0.08134
0.12593 0.00456 0.08186
0.12644 0.00453 0.07837
0.12694 0.00451 0.07724
0.12745 0.00433 0.07876
0.12796 0.00440 0.07597
0.12846 0.00437 0.07581
0.12897 0.00453 0.07760
0.12948 0.00467 0.07875
0.12998 0.00450 0.07416
0.13049 0.00431 0.07618
0.13100 0.00436 0.07450
0.13150 0.00454 0.07627
0.13201 0.00426 0.07264
0.13252 0.00447 0.07641
0.13302 0.00442 0.07433
0.13353 0.00450 0.07608
0.13404 0.00446 0.07463
0.13454 0.00459 0.07631
0.13505 0.00438 0.07304
0.13556 0.00451 0.07566
0.13606 0.00444 0.07563
0.13657 0.00457 0.07568
0.13708 0.00451 0.07559
0.13759 0.00435 0.07376
0.13809 0.00445 0.07342
0.13860 0.00442 0.07242
0.13911 0.00446 0.07672
0.13961 0.00432 0.06936
0.14012 0.00452 0.07240
0.14062 0.00451 0.07530
0.14113 0.00451 0.07213
0.14164 0.00439 0.07094
0.14214 0.00438 0.07244
0.14265 0.00429 0.07081
0.14316 0.00445 0.07159
0.14367 0.00454 0.07245
0.14417 0.00441 0.07002
0.14468 0.00425 0.07012
0.14519 0.00428 0.07039
0.14569 0.00428 0.07051
0.14620 0.00466 0.07293
0.14671 0.00441 0.06826
0.14721 0.00439 0.07100
0.14772 0.00448 0.07107
0.14823 0.00448 0.06948
0.14873 0.00444 0.07241
0.14924 0.00444 0.06917
0.14975 0.00433 0.06901
0.15025 0.00438 0.07131
0.15076 0.00455 0.06937
0.15127 0.00440 0.06974
0.15177 0.00426 0.06886
0.15228 0.00426 0.06784
0.15279 0.00429 0.06852
0.15329 0.00437 0.06878
0.15380 0.00431 0.06490
0.15431 0.00442 0.06833
0.15481 0.00431 0.06809
0.15532 0.00451 0.06639
0.15583 0.00433 0.06608
0.15633 0.00439 0.06733
0.15684 0.00436 0.06735
0.15735 0.00426 0.06748
0.15785 0.00431 0.06654
0.15836 0.00438 0.06680
0.15887 0.00433 0.06656
0.15937 0.00449 0.06815
0.15988 0.00428 0.06535
0.16039 0.00430 0.06520
0.16089 0.00444 0.06782
0.16140 0.00420 0.06678
0.16191 0.00445 0.06794
0.16241 0.00432 0.06607
0.16292 0.00431 0.06510
0.16343 0.00438 0.06550
0.16393 0.00435 0.06682
0.16444 0.00431 0.06617
0.16495 0.00437 0.06577
0.16545 0.00433 0.06424
0.16596 0.00439 0.06497
0.16647 0.00415 0.06463
0.16697 0.00441 0.06539
0.16748 0.00414 0.06277
0.16799 0.00427 0.06441
0.16850 0.00421 0.06471
0.16900 0.00437 0.06504
0.16951 0.00424 0.06649
0.17001 0.00431 0.06681
0.17052 0.00422 0.06588
0.17103 0.00422 0.06496
0.17153 0.00433 0.06674
0.17204 0.00433 0.06670
0.17255 0.00439 0.06633
0.17305 0.00424 0.06534
0.17356 0.00431 0.06543
0.17407 0.00422 0.06674
0.17458 0.00451 0.06854
0.17508 0.00432 0.06548
0.17559 0.00431 0.06674
0.17610 0.00433 0.06785
0.17660 0.00435 0.06786
0.17711 0.00425 0.06622
0.17761 0.00422 0.06534
0.17812 0.00427 0.06670
0.17863 0.00433 0.06519
0.17913 0.00429 0.06510
0.17964 0.00422 0.06795
0.18015 0.00436 0.06567
0.18066 0.00424 0.06380
0.18116 0.00424 0.06714
0.18167 0.00436 0.06716
0.18218 0.00434 0.06749
0.18268 0.00441 0.06964
0.18319 0.00429 0.06776
0.18369 0.00430 0.06818
0.18420 0.00435 0.06933
0.18471 0.00447 0.07014
0.18522 0.00454 0.07035
0.18572 0.00445 0.07094
0.18623 0.00450 0.06947
0.18674 0.00405 0.06642
0.18724 0.00413 0.06878
0.18775 0.00435 0.07117
0.18826 0.00415 0.06996
0.18876 0.00431 0.06988
0.18927 0.00419 0.06994
0.18978 0.00414 0.06878
0.19028 0.00425 0.07088
0.19079 0.00408 0.06852
0.19130 0.00442 0.07244
0.19180 0.00432 0.07203
0.19231 0.00414 0.07095
0.19282 0.00415 0.07033
0.19332 0.00441 0.07264
0.19383 0.00424 0.07150
0.19434 0.00426 0.06916
0.19484 0.00411 0.07011
0.19535 0.00419 0.06922
0.19586 0.00429 0.07207
0.19636 0.00421 0.06982
0.19687 0.00421 0.07231
0.19738 0.00425 0.07186
0.19788 0.00420 0.07297
0.19839 0.00429 0.07015
0.19890 0.00423 0.07092
0.19940 0.00426 0.07063
0.19991 0.00421 0.07107
0.20042 0.00432 0.07408
0.20092 0.00423 0.07287
0.20143 0.00429 0.07298
0.20194 0.00428 0.07251
0.20244 0.00423 0.07074
0.20295 0.00409 0.07051
0.20346 0.00425 0.06931
0.20396 0.00419 0.07198
0.20447 0.00440 0.07216
0.20498 0.00411 0.06941
0.20548 0.00422 0.07306
0.20599 0.00432 0.07278
0.20650 0.00416 0.07217
0.20700 0.00414 0.07190
0.20751 0.00435 0.07248
0.20802 0.00415 0.07208
0.20852 0.00416 0.06933
0.20903 0.00426 0.07314
0.20954 0.00422 0.07503
0.21004 0.00425 0.07012
0.21055 0.00418 0.07143
0.21106 0.00437 0.07325
0.21156 0.00430 0.07263
0.21207 0.00428 0.07332
0.21258 0.00427 0.07296
0.21308 0.00426 0.07282
0.21359 0.00413 0.07063
0.21410 0.00420 0.07290
0.21460 0.00404 0.07146
0.21511 0.00440 0.07534
0.21562 0.00412 0.06763
0.21612 0.00417 0.06954
0.21663 0.00416 0.07144
0.21714 0.00420 0.07051
0.21764 0.00412 0.06964
0.21815 0.00414 0.07057
0.21866 0.00412 0.07135
0.21916 0.00414 0.06951
0.21967 0.00439 0.07367
0.22018 0.00417 0.07154
0.22068 0.00412 0.07007
0.22119 0.00407 0.07021
0.22170 0.00401 0.06682
0.22220 0.00421 0.07033
0.22271 0.00426 0.07103
0.22322 0.00428 0.07187
0.22372 0.00439 0.07202
0.22423 0.00418 0.07023
0.22474 0.00417 0.06899
0.22524 0.00392 0.06790
0.22575 0.00414 0.07577
0.22626 0.00428 0.07110
0.22676 0.00414 0.06901
0.22727 0.00407 0.06959
0.22778 0.00416 0.07098
0.22828 0.00415 0.07031
0.22879 0.00429 0.07041
0.22930 0.00404 0.06792
0.22980 0.00410 0.07012
0.23031 0.00404 0.07021
0.23082 0.00396 0.06675
0.23132 0.00413 0.06796
0.23183 0.00415 0.06916
0.23234 0.00408 0.06619
0.23284 0.00416 0.06796
0.23335 0.00397 0.06420
0.23386 0.00412 0.06570
0.23436 0.00407 0.06678
0.23487 0.00416 0.06703
0.23538 0.00405 0.06587
0.23588 0.00424 0.06719
0.23639 0.00411 0.06454
0.23689 0.00418 0.06717
0.23740 0.00411 0.06676
0.23791 0.00415 0.06534
0.23841 0.00415 0.06763
0.23892 0.00406 0.06473
0.23943 0.00412 0.06620
0.23994 0.00401 0.06570
0.24044 0.00402 0.06497
0.24095 0.00396 0.06498
0.24146 0.00391 0.06486
0.24196 0.00403 0.06479
0.24247 0.00406 0.06314
0.24297 0.00415 0.06413
0.24348 0.00405 0.06414
0.24399 0.00405 0.06349
0.24449 0.00396 0.06342
0.24500 0.00398 0.06228
0.24551 0.00406 0.06312
0.24602 0.00406 0.06352
0.24652 0.00418 0.06526
0.24703 0.00411 0.06199
0.24753 0.00416 0.06344
0.24804 0.00397 0.06349
0.24855 0.00400 0.06214
0.24905 0.00413 0.06259
0.24956 0.00393 0.06260
0.25007 0.00402 0.06085
0.25057 0.00400 0.06155
0.25108 0.00394 0.06074
0.25159 0.00413 0.06237
0.25209 0.00407 0.06210
0.25260 0.00400 0.06495
0.25311 0.00390 0.06094
0.25361 0.00401 0.06270
0.25412 0.00383 0.05978
0.25463 0.00406 0.06251
0.25513 0.00391 0.06111
0.25564 0.00388 0.05956
0.25615 0.00413 0.06202
0.25665 0.00398 0.06189
0.25716 0.00397 0.06113
0.25767 0.00403 0.06087
0.25817 0.00403 0.05908
0.25868 0.00415 0.06193
0.25919 0.00392 0.05780
0.25969 0.00402 0.05977
0.26020 0.00395 0.05803
0.26071 0.00405 0.06066
0.26121 0.00408 0.05936
0.26172 0.00395 0.06036
0.26223 0.00398 0.05851
0.26273 0.00396 0.05999
0.26324 0.00410 0.06102
0.26375 0.00398 0.05909
0.26425 0.00415 0.06075
0.26476 0.00413 0.05863
0.26527 0.00404 0.05954
0.26577 0.00397 0.05810
0.26628 0.00411 0.05900
0.26679 0.00404 0.05925
0.26729 0.00399 0.05905
0.26780 0.00398 0.05771
0.26831 0.00399 0.05886
0.26881 0.00397 0.05695
0.26932 0.00386 0.05663
0.26982 0.00405 0.05927
0.27033 0.00396 0.05742
0.27084 0.00394 0.05840
0.27135 0.00404 0.05790
0.27185 0.00393 0.05683
0.27236 0.00416 0.05823
0.27287 0.00404 0.05860
0.27337 0.00400 0.05827
0.27388 0.00401 0.05770
0.27438 0.00394 0.05684
0.27489 0.00410 0.05727
0.27540 0.00408 0.05822
0.27590 0.00400 0.05706
0.27641 0.00388 0.05578
0.27692 0.00405 0.05875
0.27742 0.00394 0.05739
0.27793 0.00396 0.05615
0.27844 0.00385 0.05686
0.27894 0.00397 0.05597
0.27945 0.00389 0.05492
0.27996 0.00406 0.05606
0.28046 0.00395 0.05521
0.28097 0.00412 0.05692
0.28148 0.00395 0.05690
0.28198 0.00396 0.05538
0.28249 0.00389 0.05584
0.28300 0.00395 0.05740
0.28350 0.00394 0.05613
0.28401 0.00396 0.05561
0.28452 0.00401 0.05663
0.28502 0.00397 0.05537
0.28553 0.00395 0.05549
0.28604 0.00392 0.05497
0.28654 0.00398 0.05779
0.28705 0.00390 0.05639
0.28756 0.00398 0.05568
0.28806 0.00408 0.05548
0.28857 0.00406 0.05613
0.28908 0.00394 0.05497
0.28958 0.00393 0.05612
0.29009 0.00395 0.05709
0.29059 0.00397 0.05441
0.29110 0.00390 0.05633
0.29161 0.00387 0.05564
0.29212 0.00399 0.05563
0.29262 0.00396 0.05662
0.29313 0.00375 0.05469
0.29363 0.00386 0.05612
0.29414 0.00399 0.05722
0.29465 0.00396 0.05703
0.29515 0.00388 0.05534
0.29566 0.00401 0.05636
0.29617 0.00388 0.05548
0.29667 0.00391 0.05618
0.29718 0.00388 0.05564
0.29769 0.00386 0.05466
0.29819 0.00390 0.05607
0.29870 0.00388 0.05579
0.29921 0.00394 0.05738
0.29971 0.00387 0.05497
0.30022 0.00368 0.05390
0.30073 0.00395 0.05531
0.30123 0.00397 0.05535
0.30174 0.00387 0.05572
0.30225 0.00389 0.05546
0.30275 0.00396 0.05528
0.30326 0.00386 0.05440
0.30377 0.00381 0.05447
0.30427 0.00388 0.05455
0.30478 0.00373 0.05503
0.30528 0.00394 0.05601
0.30579 0.00387 0.05517
0.30630 0.00385 0.05566
0.30680 0.00382 0.05567
0.30731 0.00383 0.05421
0.30782 0.00377 0.05346
0.30832 0.00387 0.05408
0.30883 0.00400 0.05540
0.30934 0.00390 0.05593
0.30984 0.00384 0.05582
0.31035 0.00381 0.05485
0.31086 0.00395 0.05549
0.31136 0.00380 0.05599
0.31187 0.00379 0.05649
0.31238 0.00376 0.05800
0.31288 0.00383 0.05692
0.31339 0.00389 0.05789
0.31390 0.00366 0.05557
0.31440 0.00383 0.05758
0.31491 0.00378 0.05865
0.31542 0.00389 0.05904
0.31592 0.00384 0.05821
0.31643 0.00388 0.05891
0.31694 0.00373 0.05804
0.31744 0.00395 0.06003
0.31795 0.00390 0.06031
0.31845 0.00380 0.05904
0.31896 0.00390 0.06096
0.31947 0.00396 0.06106
0.31998 0.00378 0.05867
0.32048 0.00388 0.06189
0.32099 0.00387 0.06122
0.32149 0.00393 0.06732
0.32200 0.00389 0.06179
0.32251 0.00378 0.05925
0.32301 0.00389 0.05961
0.32352 0.00388 0.05994
0.32403 0.00383 0.05958
0.32453 0.00376 0.05857
0.32504 0.00399 0.06083
0.32555 0.00393 0.05983
0.32605 0.00385 0.06141
0.32656 0.00374 0.05934
0.32707 0.00374 0.05857
0.32757 0.00377 0.06040
0.32808 0.00367 0.05882
0.32859 0.00383 0.06138
0.32909 0.00378 0.05979
0.32960 0.00380 0.05963
0.33010 0.00385 0.05976
0.33061 0.00395 0.06153
0.33112 0.00378 0.05955
0.33162 0.00378 0.05963
0.33213 0.00367 0.06042
0.33264 0.00386 0.06086
0.33314 0.00385 0.06258
0.33365 0.00396 0.06141
0.33416 0.00385 0.06297
0.33466 0.00374 0.06039
0.33517 0.00384 0.06293
0.33568 0.00395 0.06227
0.33618 0.00378 0.06130
0.33669 0.00391 0.06244
0.33720 0.00386 0.06047
0.33770 0.00399 0.06465
0.33821 0.00382 0.06061
0.33871 0.00362 0.06050
0.33922 0.00386 0.06112
0.33973 0.00380 0.06172
0.34024 0.00377 0.05949
0.34074 0.00381 0.06070
0.34125 0.00385 0.06109
0.34175 0.00376 0.06129
0.34226 0.00378 0.06117
0.34277 0.00372 0.06169
0.34327 0.00392 0.06343
0.34378 0.00371 0.06279
0.34429 0.00388 0.06206
0.34479 0.00383 0.06087
0.34530 0.00380 0.06329
0.34581 0.00378 0.06481
0.34631 0.00369 0.06037
0.34682 0.00388 0.06136
0.34732 0.00375 0.06150
0.34783 0.00394 0.06318
0.34834 0.00390 0.06175
0.34885 0.00371 0.06322
0.34935 0.00385 0.06383
0.34986 0.00379 0.06071
0.35036 0.00379 0.06161
0.35087 0.00374 0.06262
0.35138 0.00370 0.06087
0.35188 0.00387 0.06470
0.35239 0.00379 0.06369
0.35290 0.00386 0.06072
0.35340 0.00364 0.06179
0.35391 0.00381 0.06301
0.35442 0.00366 0.06255
0.35492 0.00367 0.05865
0.35543 0.00377 0.06015
0.35594 0.00377 0.06195
0.35644 0.00373 0.05935
0.35695 0.00369 0.05829
0.35746 0.00381 0.05906
0.35796 0.00370 0.05789
0.35847 0.00382 0.06033
0.35897 0.00377 0.06068
0.35948 0.00373 0.06015
0.35999 0.00387 0.05940
0.36049 0.00381 0.05923
0.36100 0.00378 0.05993
0.36151 0.00381 0.06074
0.36201 0.00385 0.06093
0.36252 0.00381 0.05926
0.36303 0.00385 0.06091
0.36353 0.00372 0.06197
0.36404 0.00375 0.06097
0.36455 0.00384 0.06064
0.36505 0.00364 0.06038
0.36556 0.00375 0.06100
0.36606 0.00374 0.05969
0.36657 0.00374 0.06164
0.36708 0.00374 0.06095
0.36758 0.00380 0.06218
0.36809 0.00371 0.06057
0.36860 0.00372 0.06466
0.36910 0.00380 0.06270
0.36961 0.00371 0.06139
0.37012 0.00374 0.06269
0.37062 0.00367 0.06331
0.37113 0.00355 0.06270
0.37163 0.00365 0.06513
0.37214 0.00374 0.06341
0.37265 0.00375 0.06428
0.37316 0.00370 0.06317
0.37366 0.00369 0.06321
0.37417 0.00372 0.06383
0.37467 0.00383 0.06563
0.37518 0.00386 0.06378
0.37569 0.00386 0.06479
0.37619 0.00363 0.06584
0.37670 0.00367 0.06380
0.37721 0.00375 0.06519
0.37771 0.00369 0.06586
0.37822 0.00376 0.06578
0.37872 0.00366 0.06730
0.37923 0.00359 0.06466
0.37974 0.00370 0.06858
0.38024 0.00368 0.06432
0.38075 0.00380 0.06925
0.38126 0.00375 0.06796
0.38176 0.00376 0.07020
0.38227 0.00372 0.06891
0.38278 0.00366 0.06908
0.38328 0.00370 0.06947
0.38379 0.00374 0.06888
0.38430 0.00371 0.06971
0.38480 0.00364 0.06813
0.38531 0.00363 0.07030
0.38582 0.00368 0.07152
0.38632 0.00378 0.06938
0.38683 0.00357 0.06872
0.38733 0.00351 0.07078
0.38784 0.00347 0.06889
0.38835 0.00370 0.07395
0.38885 0.00386 0.07330
0.38936 0.00347 0.07230
0.38987 0.00362 0.07008
0.39037 0.00350 0.07151
0.39088 0.00368 0.07366
0.39138 0.00359 0.07275
0.39189 0.00381 0.07665
0.39240 0.00373 0.07437
0.39291 0.00370 0.07564
0.39341 0.00376 0.07706
0.39392 0.00389 0.07997
0.39442 0.00387 0.08325
0.39493 0.00373 0.07755
0.39544 0.00385 0.07813
0.39594 0.00360 0.07770
0.39645 0.00359 0.07788
0.39696 0.00370 0.07865
0.39746 0.00354 0.07754
0.39797 0.00369 0.07757
0.39848 0.00359 0.07716
0.39898 0.00380 0.08064
0.39949 0.00369 0.07764
0.39999 0.00362 0.08092
0.40050 0.00387 0.08193
0.40101 0.00373 0.08330
0.40151 0.00354 0.07809
0.40202 0.00360 0.08219
0.40253 0.00378 0.08342
0.40303 0.00354 0.08437
0.40354 0.00354 0.08163
0.40404 0.00370 0.08607
0.40455 0.00369 0.08467
0.40506 0.00363 0.08377
0.40556 0.00367 0.08598
0.40607 0.00318 0.07783
0.40658 0.00352 0.08349
0.40708 0.00355 0.08262
0.40759 0.00362 0.08145
0.40810 0.00371 0.09025
0.40860 0.00378 0.08524
0.40911 0.00362 0.08478
0.40962 0.00385 0.09108
0.41012 0.00379 0.08894
0.41063 0.00344 0.08285
0.41113 0.00364 0.08106
0.41164 0.00372 0.08622
0.41215 0.00352 0.08619
0.41265 0.00357 0.08560
0.41316 0.00348 0.08310
0.41367 0.00357 0.08527
0.41417 0.00375 0.08665
0.41468 0.00340 0.08530
0.41519 0.00349 0.08615
0.41569 0.00342 0.08373
0.41620 0.00345 0.08345
0.41670 0.00351 0.08646
0.41721 0.00363 0.09457
0.41772 0.00346 0.08853
0.41822 0.00354 0.09010
0.41873 0.00359 0.08866
0.41924 0.00353 0.08664
0.41974 0.00380 0.09154
0.42025 0.00343 0.08554
0.42075 0.00356 0.09241
0.42126 0.00381 0.09612
0.42177 0.00357 0.08853
0.42227 0.00383 0.09510
0.42278 0.00348 0.09525
0.42329 0.00357 0.09004
0.42379 0.00352 0.09032
0.42430 0.00378 0.09666
0.42480 0.00353 0.09288
0.42531 0.00364 0.09394
0.42582 0.00361 0.09720
0.42632 0.00356 0.10023
0.42683 0.00348 0.09685
0.42734 0.00342 0.09244
0.42784 0.00380 0.10278
0.42835 0.00337 0.09258
0.42886 0.00339 0.09726
0.42936 0.00350 0.09913
0.42987 0.00351 0.09865
0.43038 0.00345 0.09793
0.43088 0.00359 0.09756
0.43139 0.00365 0.10171
0.43189 0.00336 0.10239
0.43240 0.00366 0.10680
0.43291 0.00368 0.10490
0.43341 0.00349 0.10794
0.43392 0.00366 0.10812
0.43443 0.00375 0.10774
0.43493 0.00357 0.10833
0.43544 0.00366 0.11073
0.43594 0.00361 0.11153
0.43645 0.00351 0.10647
0.43696 0.00367 0.11176
0.43746 0.00347 0.11150
0.43797 0.00346 0.11336
0.43848 0.00348 0.11216
0.43898 0.00352 0.12048
0.43949 0.00344 0.11316
0.44000 0.00341 0.11432
