0.00988 0.36363 82.37555
0.01039 0.24565 46.18538
0.01090 0.24019 46.46460
0.01140 0.19985 36.22623
0.01191 0.11560 21.25598
0.01242 0.12374 20.07495
0.01292 0.09114 12.07871
0.01343 0.08255 12.45726
0.01394 0.07061 8.40587
0.01444 0.06527 5.60196
0.01495 0.05793 3.75164
0.01546 0.05100 3.04355
0.01596 0.04863 2.35407
0.01647 0.04391 1.86649
0.01698 0.04123 1.25682
0.01748 0.03880 1.46393
0.01799 0.03616 1.08563
0.01850 0.03440 0.76113
0.01900 0.03329 0.79214
0.01951 0.03224 0.70261
0.02002 0.03038 0.70694
0.02052 0.02891 0.60814
0.02103 0.02805 0.60395
0.02154 0.02713 0.60341
0.02204 0.02622 0.57368
0.02255 0.02606 0.56439
0.02306 0.02565 0.56002
0.02356 0.02400 0.51478
0.02407 0.02385 0.51508
0.02458 0.02338 0.49609
0.02508 0.02333 0.48234
0.02559 0.02238 0.47004
0.02610 0.02220 0.46087
0.02661 0.02240 0.41746
0.02711 0.02166 0.42263
0.02762 0.02113 0.41553
0.02813 0.02133 0.39814
0.02863 0.02048 0.38135
0.02914 0.02008 0.37137
0.02965 0.01959 0.37925
0.03015 0.02001 0.37870
0.03066 0.01938 0.35813
0.03117 0.01988 0.38746
0.03167 0.01877 0.35202
0.03218 0.01997 0.35063
0.03269 0.01874 0.36691
0.03319 0.01901 0.34984
0.03370 0.01829 0.33711
0.03421 0.01876 0.36315
0.03471 0.01865 0.35639
0.03522 0.01885 0.34430
0.03573 0.01795 0.31312
0.03623 0.01812 0.33581
0.03674 0.01756 0.34086
0.03725 0.01759 0.31672
0.03775 0.01731 0.30300
0.03826 0.01744 0.30710
0.03877 0.01787 0.32375
0.03927 0.01799 0.30328
0.03978 0.01713 0.29911
0.04029 0.01729 0.29840
0.04079 0.01669 0.29868
0.04130 0.01734 0.29170
0.04181 0.01714 0.31881
0.04231 0.01709 0.29508
0.04282 0.01743 0.28719
0.04333 0.01671 0.29577
0.04384 0.01628 0.28746
0.04434 0.01629 0.27273
0.04485 0.01661 0.28438
0.04536 0.01654 0.27926
0.04586 0.01635 0.27279
0.04637 0.01625 0.26948
0.04688 0.01626 0.27428
0.04738 0.01616 0.26981
0.04789 0.01638 0.27226
0.04840 0.01636 0.26433
0.04890 0.01623 0.26274
0.04941 0.01640 0.25968
0.04992 0.01577 0.25761
0.05042 0.01632 0.26920
0.05093 0.01626 0.26136
0.05144 0.01628 0.24179
0.05194 0.01610 0.24930
0.05245 0.01662 0.26937
0.05296 0.01574 0.23552
0.05346 0.01619 0.24904
0.05397 0.01598 0.23303
0.05448 0.01609 0.24592
0.05498 0.01556 0.24188
0.05549 0.01595 0.25181
0.05600 0.01588 0.25077
0.05650 0.01566 0.22591
0.05701 0.01580 0.22914
0.05752 0.01580 0.24357
0.05803 0.01569 0.23160
0.05853 0.01587 0.22038
0.05904 0.01609 0.23892
0.05955 0.01587 0.22885
0.06005 0.01572 0.22998
0.06056 0.01575 0.23612
0.06107 0.01570 0.22855
0.06157 0.01586 0.22423
0.06208 0.01594 0.23167
0.06259 0.01539 0.23168
0.06309 0.01547 0.22684
0.06360 0.01524 0.21027
0.06411 0.01562 0.22861
0.06461 0.01526 0.21167
0.06512 0.01494 0.21548
0.06563 0.01574 0.22843
0.06613 0.01555 0.22482
0.06664 0.01511 0.21834
0.06715 0.01554 0.21613
0.06765 0.01534 0.21837
0.06816 0.01518 0.21787
0.06867 0.01542 0.21089
0.06917 0.01518 0.20741
0.06968 0.01533 0.21258
0.07019 0.01526 0.21722
0.07069 0.01549 0.21231
0.07120 0.01525 0.21150
0.07171 0.01488 0.20725
0.07222 0.01520 0.21119
0.07272 0.01509 0.20440
0.07323 0.01508 0.21449
0.07373 0.01527 0.20716
0.07424 0.01511 0.20203
0.07475 0.01512 0.20945
0.07526 0.01528 0.20354
0.07576 0.01531 0.20718
0.07627 0.01504 0.20297
0.07678 0.01499 0.20727
0.07728 0.01501 0.19601
0.07779 0.01530 0.20033
0.07830 0.01472 0.19439
0.07880 0.01500 0.18828
0.07931 0.01512 0.19906
0.07982 0.01493 0.19901
0.08032 0.01528 0.19844
0.08083 0.01497 0.19727
0.08134 0.01536 0.20608
0.08184 0.01512 0.20131
0.08235 0.01510 0.20280
0.08286 0.01496 0.19186
0.08336 0.01518 0.20380
0.08387 0.01473 0.19579
0.08438 0.01496 0.19482
0.08488 0.01502 0.20191
0.08539 0.01490 0.19938
0.08590 0.01485 0.20118
0.08640 0.01482 0.20175
0.08691 0.01465 0.19836
0.08742 0.01485 0.19989
0.08792 0.01469 0.19417
0.08843 0.01480 0.19873
0.08894 0.01470 0.19791
0.08944 0.01473 0.19483
0.08995 0.01483 0.19833
0.09046 0.01500 0.20203
0.09097 0.01488 0.19804
0.09147 0.01484 0.20366
0.09198 0.01486 0.20002
0.09248 0.01472 0.20314
0.09299 0.01483 0.18670
0.09350 0.01486 0.19824
0.09401 0.01505 0.19906
0.09451 0.01480 0.19451
0.09502 0.01480 0.20013
0.09552 0.01477 0.20327
0.09603 0.01453 0.19260
0.09654 0.01474 0.19234
0.09705 0.01493 0.19757
0.09755 0.01457 0.19748
0.09806 0.01459 0.19210
0.09857 0.01468 0.19494
0.09907 0.01439 0.19627
0.09958 0.01446 0.19385
0.10009 0.01445 0.18655
0.10059 0.01470 0.19191
0.10110 0.01479 0.19207
0.10161 0.01480 0.19280
0.10211 0.01451 0.19757
0.10262 0.01472 0.19211
0.10313 0.01468 0.18614
0.10363 0.01467 0.20150
0.10414 0.01448 0.20017
0.10465 0.01446 0.19732
0.10515 0.01462 0.20306
0.10566 0.01456 0.19052
0.10617 0.01431 0.19039
0.10667 0.01443 0.18502
0.10718 0.01424 0.18342
0.10769 0.01460 0.18784
0.10819 0.01455 0.18140
0.10870 0.01427 0.17717
0.10921 0.01435 0.17704
0.10971 0.01470 0.18774
0.11022 0.01432 0.17399
0.11073 0.01428 0.17156
0.11124 0.01442 0.17936
0.11174 0.01427 0.17887
0.11225 0.01415 0.17258
0.11275 0.01447 0.17418
0.11326 0.01432 0.17622
0.11377 0.01425 0.18328
0.11428 0.01392 0.17504
0.11478 0.01432 0.17067
0.11529 0.01418 0.17320
0.11579 0.01409 0.16562
0.11630 0.01428 0.16507
0.11681 0.01421 0.17077
0.11732 0.01434 0.16727
0.11782 0.01401 0.16425
0.11833 0.01377 0.16419
0.11884 0.01431 0.17392
0.11934 0.01445 0.16828
0.11985 0.01424 0.16170
0.12036 0.01426 0.16952
0.12086 0.01411 0.16077
0.12137 0.01394 0.16727
0.12188 0.01441 0.16844
0.12238 0.01390 0.16156
0.12289 0.01405 0.16687
0.12340 0.01443 0.16545
0.12390 0.01426 0.16196
0.12441 0.01417 0.15867
0.12492 0.01408 0.16036
0.12542 0.01420 0.15910
0.12593 0.01423 0.15959
0.12644 0.01407 0.16060
0.12694 0.01409 0.15546
0.12745 0.01393 0.15750
0.12796 0.01435 0.15481
0.12846 0.01404 0.15520
0.12897 0.01376 0.15230
0.12948 0.01401 0.15465
0.12998 0.01371 0.15318
0.13049 0.01398 0.15585
0.13100 0.01386 0.15194
0.13150 0.01381 0.15147
0.13201 0.01407 0.15217
0.13252 0.01385 0.15116
0.13302 0.01394 0.14774
0.13353 0.01402 0.14834
0.13404 0.01407 0.14806
0.13454 0.01414 0.14899
0.13505 0.01424 0.14542
0.13556 0.01389 0.14642
0.13606 0.01394 0.15183
0.13657 0.01397 0.14715
0.13708 0.01371 0.14615
0.13759 0.01411 0.15375
0.13809 0.01396 0.14643
0.13860 0.01382 0.14665
0.13911 0.01399 0.14937
0.13961 0.01397 0.15003
0.14012 0.01402 0.14715
0.14062 0.01400 0.14921
0.14113 0.01409 0.14172
0.14164 0.01378 0.14219
0.14214 0.01409 0.14416
0.14265 0.01402 0.14390
0.14316 0.01389 0.14558
0.14367 0.01357 0.14438
0.14417 0.01380 0.13807
0.14468 0.01406 0.14721
0.14519 0.01381 0.14331
0.14569 0.01369 0.13927
0.14620 0.01391 0.14457
0.14671 0.01402 0.13909
0.14721 0.01401 0.14141
0.14772 0.01373 0.13868
0.14823 0.01384 0.13613
0.14873 0.01402 0.14289
0.14924 0.01377 0.14130
0.14975 0.01407 0.14250
0.15025 0.01425 0.14463
0.15076 0.01392 0.14092
0.15127 0.01387 0.14092
0.15177 0.01391 0.14346
0.15228 0.01396 0.13968
0.15279 0.01364 0.13607
0.15329 0.01398 0.13703
0.15380 0.01343 0.13752
0.15431 0.01387 0.14188
0.15481 0.01377 0.13706
0.15532 0.01359 0.13656
0.15583 0.01379 0.13375
0.15633 0.01350 0.13606
0.15684 0.01374 0.13362
0.15735 0.01403 0.13491
0.15785 0.01347 0.13214
0.15836 0.01360 0.13452
0.15887 0.01343 0.12926
0.15937 0.01345 0.13514
0.15988 0.01374 0.13632
0.16039 0.01373 0.13374
0.16089 0.01352 0.13271
0.16140 0.01383 0.13598
0.16191 0.01371 0.13575
0.16241 0.01370 0.13651
0.16292 0.01374 0.13149
0.16343 0.01348 0.13246
0.16393 0.01376 0.13337
0.16444 0.01359 0.13108
0.16495 0.01357 0.12784
0.16545 0.01344 0.13152
0.16596 0.01355 0.13184
0.16647 0.01384 0.13111
0.16697 0.01356 0.13440
0.16748 0.01353 0.12734
0.16799 0.01346 0.13066
0.16850 0.01376 0.13276
0.16900 0.01359 0.12995
0.16951 0.01347 0.12952
0.17001 0.01341 0.13184
0.17052 0.01341 0.13195
0.17103 0.01339 0.13002
0.17153 0.01346 0.13184
0.17204 0.01359 0.13362
0.17255 0.01358 0.13198
0.17305 0.01326 0.13191
0.17356 0.01339 0.13038
0.17407 0.01355 0.13407
0.17458 0.01363 0.13495
0.17508 0.01348 0.13595
0.17559 0.01340 0.13745
0.17610 0.01364 0.13531
0.17660 0.01349 0.12866
0.17711 0.01348 0.13665
0.17761 0.01346 0.12810
0.17812 0.01350 0.13431
0.17863 0.01343 0.13414
0.17913 0.01341 0.13230
0.17964 0.01340 0.13104
0.18015 0.01366 0.13640
0.18066 0.01326 0.13360
0.18116 0.01331 0.13571
0.18167 0.01343 0.13490
0.18218 0.01375 0.13248
0.18268 0.01344 0.13440
0.18319 0.01347 0.13684
0.18369 0.01343 0.13502
0.18420 0.01391 0.14491
0.18471 0.01350 0.14167
0.18522 0.01385 0.13945
0.18572 0.01349 0.13656
0.18623 0.01346 0.14087
0.18674 0.01367 0.14029
0.18724 0.01338 0.13811
0.18775 0.01341 0.14312
0.18826 0.01358 0.14098
0.18876 0.01348 0.14201
0.18927 0.01334 0.14461
0.18978 0.01347 0.14214
0.19028 0.01326 0.14120
0.19079 0.01323 0.13995
0.19130 0.01345 0.14007
0.19180 0.01347 0.14475
0.19231 0.01333 0.13675
0.19282 0.01333 0.14020
0.19332 0.01374 0.14182
0.19383 0.01344 0.14492
0.19434 0.01340 0.14125
0.19484 0.01361 0.14330
0.19535 0.01330 0.14410
0.19586 0.01355 0.14179
0.19636 0.01342 0.14649
0.19687 0.01344 0.14603
0.19738 0.01355 0.14417
0.19788 0.01336 0.14372
0.19839 0.01340 0.14206
0.19890 0.01328 0.14442
0.19940 0.01341 0.14296
0.19991 0.01325 0.14556
0.20042 0.01349 0.14526
0.20092 0.01358 0.13974
0.20143 0.01303 0.14196
0.20194 0.01329 0.14095
0.20244 0.01343 0.14547
0.20295 0.01330 0.14338
0.20346 0.01352 0.14523
0.20396 0.01346 0.14539
0.20447 0.01315 0.14288
0.20498 0.01318 0.14359
0.20548 0.01338 0.14214
0.20599 0.01324 0.14542
0.20650 0.01346 0.14760
0.20700 0.01313 0.14363
0.20751 0.01343 0.14754
0.20802 0.01314 0.14141
0.20852 0.01349 0.14376
0.20903 0.01305 0.14524
0.20954 0.01351 0.14766
0.21004 0.01314 0.14247
0.21055 0.01329 0.14637
0.21106 0.01325 0.14393
0.21156 0.01325 0.14604
0.21207 0.01322 0.14323
0.21258 0.01315 0.14403
0.21308 0.01312 0.13594
0.21359 0.01306 0.14190
0.21410 0.01319 0.14292
0.21460 0.01327 0.14483
0.21511 0.01305 0.14951
0.21562 0.01343 0.14194
0.21612 0.01296 0.14543
0.21663 0.01299 0.14722
0.21714 0.01328 0.14429
0.21764 0.01293 0.14373
0.21815 0.01301 0.13979
0.21866 0.01356 0.14509
0.21916 0.01294 0.14144
0.21967 0.01304 0.14555
0.22018 0.01333 0.14742
0.22068 0.01334 0.14144
0.22119 0.01310 0.14009
0.22170 0.01307 0.14165
0.22220 0.01324 0.14293
0.22271 0.01301 0.14303
0.22322 0.01289 0.14479
0.22372 0.01321 0.14287
0.22423 0.01316 0.13744
0.22474 0.01298 0.14339
0.22524 0.01328 0.14784
0.22575 0.01295 0.14332
0.22626 0.01292 0.13831
0.22676 0.01301 0.14155
0.22727 0.01323 0.13729
0.22778 0.01316 0.14002
0.22828 0.01298 0.14151
0.22879 0.01303 0.14004
0.22930 0.01291 0.13730
0.22980 0.01312 0.14051
0.23031 0.01285 0.13716
0.23082 0.01291 0.13622
0.23132 0.01265 0.13334
0.23183 0.01292 0.13857
0.23234 0.01281 0.13807
0.23284 0.01304 0.13269
0.23335 0.01316 0.13430
0.23386 0.01300 0.13415
0.23436 0.01298 0.13187
0.23487 0.01295 0.13335
0.23538 0.01319 0.13521
0.23588 0.01283 0.13499
0.23639 0.01309 0.13226
0.23689 0.01303 0.13493
0.23740 0.01288 0.13368
0.23791 0.01278 0.13078
0.23841 0.01268 0.12881
0.23892 0.01319 0.13425
0.23943 0.01280 0.13248
0.23994 0.01284 0.13022
0.24044 0.01284 0.13014
0.24095 0.01284 0.12839
0.24146 0.01288 0.13011
0.24196 0.01277 0.13302
0.24247 0.01277 0.12873
0.24297 0.01270 0.12755
0.24348 0.01283 0.12911
0.24399 0.01287 0.13036
0.24449 0.01275 0.12620
0.24500 0.01303 0.12858
0.24551 0.01290 0.12894
0.24602 0.01293 0.12788
0.24652 0.01285 0.12773
0.24703 0.01278 0.12553
0.24753 0.01263 0.12835
0.24804 0.01291 0.12730
0.24855 0.01288 0.12769
0.24905 0.01276 0.12681
0.24956 0.01285 0.13040
0.25007 0.01282 0.12808
0.25057 0.01297 0.12531
0.25108 0.01282 0.12535
0.25159 0.01284 0.12433
0.25209 0.01262 0.12556
0.25260 0.01266 0.12420
0.25311 0.01290 0.12583
0.25361 0.01280 0.12534
0.25412 0.01264 0.12494
0.25463 0.01268 0.12457
0.25513 0.01278 0.12420
0.25564 0.01259 0.12171
0.25615 0.01265 0.12412
0.25665 0.01266 0.12280
0.25716 0.01293 0.12454
0.25767 0.01263 0.12195
0.25817 0.01281 0.12355
0.25868 0.01288 0.12213
0.25919 0.01275 0.12119
0.25969 0.01290 0.12049
0.26020 0.01282 0.12412
0.26071 0.01266 0.12126
0.26121 0.01276 0.12242
0.26172 0.01266 0.12171
0.26223 0.01243 0.11943
0.26273 0.01258 0.11908
0.26324 0.01285 0.12018
0.26375 0.01251 0.12058
0.26425 0.01279 0.11872
0.26476 0.01259 0.11858
0.26527 0.01251 0.11668
0.26577 0.01271 0.11820
0.26628 0.01253 0.11840
0.26679 0.01257 0.11658
0.26729 0.01257 0.11823
0.26780 0.01248 0.11925
0.26831 0.01267 0.11606
0.26881 0.01258 0.11841
0.26932 0.01242 0.11523
0.26982 0.01283 0.11668
0.27033 0.01260 0.11879
0.27084 0.01252 0.11762
0.27135 0.01229 0.11431
0.27185 0.01250 0.11830
0.27236 0.01252 0.11747
0.27287 0.01254 0.11552
0.27337 0.01243 0.11606
0.27388 0.01245 0.11358
0.27438 0.01253 0.11305
0.27489 0.01254 0.11362
0.27540 0.01248 0.11104
0.27590 0.01232 0.11569
0.27641 0.01266 0.11315
0.27692 0.01244 0.11468
0.27742 0.01253 0.11466
0.27793 0.01243 0.11651
0.27844 0.01236 0.11239
0.27894 0.01264 0.11635
0.27945 0.01229 0.11296
0.27996 0.01263 0.11699
0.28046 0.01231 0.11332
0.28097 0.01261 0.11413
0.28148 0.01246 0.11241
0.28198 0.01229 0.11217
0.28249 0.01249 0.11279
0.28300 0.01230 0.11623
0.28350 0.01233 0.11376
0.28401 0.01229 0.11291
0.28452 0.01250 0.11449
0.28502 0.01234 0.11282
0.28553 0.01244 0.11187
0.28604 0.01254 0.11409
0.28654 0.01237 0.11320
0.28705 0.01235 0.10918
0.28756 0.01252 0.11175
0.28806 0.01232 0.11155
0.28857 0.01228 0.11285
0.28908 0.01239 0.11252
0.28958 0.01242 0.11155
0.29009 0.01252 0.11518
0.29059 0.01251 0.11219
0.29110 0.01221 0.11229
0.29161 0.01228 0.11081
0.29212 0.01230 0.11240
0.29262 0.01216 0.11229
0.29313 0.01232 0.11221
0.29363 0.01240 0.11423
0.29414 0.01236 0.11158
0.29465 0.01237 0.11245
0.29515 0.01235 0.11286
0.29566 0.01214 0.11352
0.29617 0.01232 0.11065
0.29667 0.01241 0.11432
0.29718 0.01226 0.11506
0.29769 0.01236 0.11412
0.29819 0.01206 0.11108
0.29870 0.01206 0.11015
0.29921 0.01235 0.11304
0.29971 0.01235 0.11176
0.30022 0.01213 0.10967
0.30073 0.01198 0.11100
0.30123 0.01218 0.11055
0.30174 0.01210 0.11082
0.30225 0.01218 0.11306
0.30275 0.01208 0.10783
0.30326 0.01231 0.11074
0.30377 0.01218 0.10800
0.30427 0.01237 0.11083
0.30478 0.01214 0.11127
0.30528 0.01223 0.11015
0.30579 0.01214 0.11031
0.30630 0.01225 0.11174
0.30680 0.01217 0.11067
0.30731 0.01223 0.11107
0.30782 0.01223 0.11281
0.30832 0.01210 0.11114
0.30883 0.01213 0.11080
0.30934 0.01206 0.11099
0.30984 0.01197 0.11057
0.31035 0.01202 0.11431
0.31086 0.01216 0.11309
0.31136 0.01216 0.11540
0.31187 0.01209 0.11654
0.31238 0.01219 0.11519
0.31288 0.01229 0.11691
0.31339 0.01203 0.11501
0.31390 0.01222 0.11999
0.31440 0.01212 0.11918
0.31491 0.01203 0.11739
0.31542 0.01210 0.12089
0.31592 0.01212 0.11989
0.31643 0.01191 0.11726
0.31694 0.01226 0.12001
0.31744 0.01197 0.11943
0.31795 0.01233 0.12047
0.31845 0.01194 0.12024
0.31896 0.01215 0.12337
0.31947 0.01188 0.12040
0.31998 0.01211 0.11971
0.32048 0.01216 0.12304
0.32099 0.01229 0.12178
0.32149 0.01205 0.12306
0.32200 0.01190 0.11844
0.32251 0.01214 0.12488
0.32301 0.01235 0.12065
0.32352 0.01194 0.12038
0.32403 0.01205 0.11934
0.32453 0.01193 0.12146
0.32504 0.01199 0.11756
0.32555 0.01202 0.11992
0.32605 0.01205 0.12116
0.32656 0.01208 0.11969
0.32707 0.01218 0.12085
0.32757 0.01200 0.12284
0.32808 0.01198 0.11996
0.32859 0.01214 0.11881
0.32909 0.01213 0.12145
0.32960 0.01200 0.12126
0.33010 0.01201 0.12147
0.33061 0.01200 0.12168
0.33112 0.01219 0.12468
0.33162 0.01232 0.12251
0.33213 0.01206 0.12290
0.33264 0.01229 0.12621
0.33314 0.01199 0.12070
0.33365 0.01214 0.12365
0.33416 0.01210 0.12472
0.33466 0.01212 0.12488
0.33517 0.01195 0.12164
0.33568 0.01205 0.12194
0.33618 0.01212 0.12648
0.33669 0.01191 0.12281
0.33720 0.01194 0.12150
0.33770 0.01187 0.12065
0.33821 0.01204 0.12592
0.33871 0.01206 0.12354
0.33922 0.01172 0.12102
0.33973 0.01200 0.12377
0.34024 0.01207 0.12586
0.34074 0.01196 0.12655
0.34125 0.01200 0.12398
0.34175 0.01184 0.12254
0.34226 0.01218 0.12520
0.34277 0.01203 0.12506
0.34327 0.01189 0.12781
0.34378 0.01192 0.12223
0.34429 0.01180 0.12704
0.34479 0.01200 0.12572
0.34530 0.01187 0.12470
0.34581 0.01201 0.12525
0.34631 0.01176 0.12552
0.34682 0.01195 0.12462
0.34732 0.01177 0.12199
0.34783 0.01206 0.12553
0.34834 0.01181 0.12196
0.34885 0.01192 0.12379
0.34935 0.01177 0.12503
0.34986 0.01216 0.12827
0.35036 0.01202 0.12745
0.35087 0.01188 0.12608
0.35138 0.01186 0.12679
0.35188 0.01182 0.12669
0.35239 0.01183 0.12321
0.35290 0.01200 0.12586
0.35340 0.01162 0.12372
0.35391 0.01182 0.12439
0.35442 0.01179 0.12412
0.35492 0.01186 0.12094
0.35543 0.01170 0.12323
0.35594 0.01174 0.12254
0.35644 0.01183 0.12099
0.35695 0.01181 0.12021
0.35746 0.01181 0.11644
0.35796 0.01178 0.11985
0.35847 0.01205 0.11863
0.35897 0.01180 0.11901
0.35948 0.01177 0.12062
0.35999 0.01196 0.12197
0.36049 0.01175 0.12395
0.36100 0.01188 0.11953
0.36151 0.01178 0.12180
0.36201 0.01181 0.12059
0.36252 0.01188 0.12083
0.36303 0.01161 0.12082
0.36353 0.01180 0.12323
0.36404 0.01178 0.12182
0.36455 0.01181 0.12096
0.36505 0.01151 0.12185
0.36556 0.01185 0.12438
0.36606 0.01186 0.12267
0.36657 0.01171 0.12316
0.36708 0.01192 0.12039
0.36758 0.01180 0.12302
0.36809 0.01183 0.12538
0.36860 0.01167 0.12354
0.36910 0.01143 0.12169
0.36961 0.01149 0.12344
0.37012 0.01178 0.12930
0.37062 0.01142 0.12592
0.37113 0.01174 0.12831
0.37163 0.01188 0.12913
0.37214 0.01167 0.13075
0.37265 0.01160 0.13233
0.37316 0.01184 0.12876
0.37366 0.01175 0.12568
0.37417 0.01171 0.12778
0.37467 0.01180 0.13247
0.37518 0.01163 0.12837
0.37569 0.01151 0.12818
0.37619 0.01149 0.12727
0.37670 0.01190 0.13442
0.37721 0.01163 0.13219
0.37771 0.01161 0.13203
0.37822 0.01188 0.13696
0.37872 0.01174 0.13518
0.37923 0.01157 0.13497
0.37974 0.01160 0.13734
0.38024 0.01174 0.13536
0.38075 0.01193 0.13942
0.38126 0.01173 0.13921
0.38176 0.01168 0.13908
0.38227 0.01185 0.14072
0.38278 0.01183 0.14032
0.38328 0.01166 0.13393
0.38379 0.01156 0.13941
0.38430 0.01174 0.13769
0.38480 0.01183 0.13979
0.38531 0.01155 0.14352
0.38582 0.01180 0.13927
0.38632 0.01171 0.14354
0.38683 0.01181 0.14121
0.38733 0.01150 0.14392
0.38784 0.01162 0.14183
0.38835 0.01159 0.14672
0.38885 0.01174 0.14256
0.38936 0.01137 0.14024
0.38987 0.01161 0.14754
0.39037 0.01156 0.14751
0.39088 0.01141 0.14729
0.39138 0.01148 0.15091
0.39189 0.01157 0.14919
0.39240 0.01156 0.14887
0.39291 0.01145 0.15028
0.39341 0.01137 0.15130
0.39392 0.01149 0.15489
0.39442 0.01162 0.16282
0.39493 0.01150 0.15141
0.39544 0.01131 0.15510
0.39594 0.01142 0.15525
0.39645 0.01166 0.15493
0.39696 0.01113 0.15555
0.39746 0.01152 0.15873
0.39797 0.01165 0.15814
0.39848 0.01161 0.16118
0.39898 0.01152 0.16342
0.39949 0.01135 0.15566
0.39999 0.01137 0.15618
0.40050 0.01135 0.16596
0.40101 0.01153 0.16920
0.40151 0.01143 0.16737
0.40202 0.01144 0.16899
0.40253 0.01143 0.17060
0.40303 0.01126 0.16536
0.40354 0.01137 0.16171
0.40404 0.01128 0.16794
0.40455 0.01112 0.16541
0.40506 0.01148 0.16433
0.40556 0.01156 0.17238
0.40607 0.01135 0.16445
0.40658 0.01142 0.17408
0.40708 0.01141 0.17144
0.40759 0.01122 0.16978
0.40810 0.01135 0.17548
0.40860 0.01123 0.16689
0.40911 0.01136 0.17087
0.40962 0.01132 0.17075
0.41012 0.01141 0.17355
0.41063 0.01122 0.17023
0.41113 0.01147 0.16866
0.41164 0.01135 0.18044
0.41215 0.01113 0.16900
0.41265 0.01109 0.17151
0.41316 0.01130 0.17044
0.41367 0.01099 0.17479
0.41417 0.01114 0.17169
0.41468 0.01139 0.17799
0.41519 0.01100 0.17092
0.41569 0.01105 0.17626
0.41620 0.01117 0.17543
0.41670 0.01121 0.17227
0.41721 0.01136 0.19047
0.41772 0.01103 0.18527
0.41822 0.01129 0.17632
0.41873 0.01086 0.18274
0.41924 0.01116 0.18203
0.41974 0.01106 0.18390
0.42025 0.01141 0.17797
0.42075 0.01137 0.18362
0.42126 0.01102 0.17914
0.42177 0.01155 0.17464
0.42227 0.01125 0.18677
0.42278 0.01147 0.18836
0.42329 0.01111 0.18552
0.42379 0.01123 0.18599
0.42430 0.01117 0.19040
0.42480 0.01122 0.18746
0.42531 0.01120 0.18607
0.42582 0.01134 0.19087
0.42632 0.01130 0.19964
0.42683 0.01090 0.18454
0.42734 0.01139 0.19089
0.42784 0.01111 0.19108
0.42835 0.01111 0.19478
0.42886 0.01138 0.19613
0.42936 0.01123 0.19868
0.42987 0.01115 0.20054
0.43038 0.01081 0.19539
0.43088 0.01100 0.19532
0.43139 0.01108 0.20171
0.43189 0.01100 0.21304
0.43240 0.01120 0.21466
0.43291 0.01102 0.21359
0.43341 0.01154 0.21438
0.43392 0.01114 0.22472
0.43443 0.01136 0.20683
0.43493 0.01098 0.20853
0.43544 0.01161 0.22254
0.43594 0.01117 0.21420
0.43645 0.01094 0.22496
0.43696 0.01164 0.22365
0.43746 0.01124 0.22636
0.43797 0.01077 0.21450
0.43848 0.01106 0.22805
0.43898 0.01140 0.22621
0.43949 0.01090 0.23322
0.44000 0.01153 0.23298
