0.00988 0.31828 84.38671
0.01039 0.21280 45.66839
0.01090 0.20021 47.44599
0.01140 0.16500 35.22462
0.01191 0.09471 21.23768
0.01242 0.10268 20.72638
0.01292 0.08016 13.20680
0.01343 0.06824 11.90360
0.01394 0.06034 8.69466
0.01444 0.05667 6.01169
0.01495 0.04840 3.24241
0.01546 0.04688 3.17730
0.01596 0.04195 2.20010
0.01647 0.03833 1.72427
0.01698 0.03736 1.51293
0.01748 0.03410 1.27904
0.01799 0.03294 1.06300
0.01850 0.03014 0.75593
0.01900 0.02953 0.77525
0.01951 0.02720 0.74311
0.02002 0.02685 0.67538
0.02052 0.02479 0.65601
0.02103 0.02530 0.68485
0.02154 0.02343 0.60082
0.02204 0.02346 0.55918
0.02255 0.02167 0.53292
0.02306 0.02229 0.55008
0.02356 0.02097 0.52030
0.02407 0.02081 0.46773
0.02458 0.02037 0.49893
0.02508 0.02009 0.47037
0.02559 0.01944 0.49352
0.02610 0.01916 0.42275
0.02661 0.01906 0.44791
0.02711 0.01855 0.40831
0.02762 0.01822 0.40600
0.02813 0.01804 0.41402
0.02863 0.01842 0.38822
0.02914 0.01714 0.39912
0.02965 0.01742 0.38086
0.03015 0.01688 0.38437
0.03066 0.01703 0.38978
0.03117 0.01673 0.39060
0.03167 0.01654 0.36470
0.03218 0.01618 0.35777
0.03269 0.01636 0.36529
0.03319 0.01660 0.34513
0.03370 0.01659 0.35848
0.03421 0.01627 0.34342
0.03471 0.01555 0.33562
0.03522 0.01608 0.33811
0.03573 0.01556 0.33710
0.03623 0.01555 0.32897
0.03674 0.01550 0.32914
0.03725 0.01484 0.31456
0.03775 0.01566 0.32539
0.03826 0.01526 0.31420
0.03877 0.01529 0.30475
0.03927 0.01478 0.30599
0.03978 0.01473 0.29680
0.04029 0.01473 0.29885
0.04079 0.01478 0.28823
0.04130 0.01437 0.29339
0.04181 0.01480 0.29890
0.04231 0.01445 0.29944
0.04282 0.01486 0.29431
0.04333 0.01440 0.28836
0.04384 0.01441 0.30042
0.04434 0.01409 0.28176
0.04485 0.01438 0.28316
0.04536 0.01374 0.28438
0.04586 0.01426 0.29606
0.04637 0.01441 0.27686
0.04688 0.01416 0.27258
0.04738 0.01442 0.26811
0.04789 0.01407 0.27526
0.04840 0.01410 0.26447
0.04890 0.01403 0.26498
0.04941 0.01393 0.26185
0.04992 0.01365 0.25509
0.05042 0.01416 0.26374
0.05093 0.01425 0.26141
0.05144 0.01391 0.25258
0.05194 0.01414 0.25262
0.05245 0.01376 0.26299
0.05296 0.01379 0.24660
0.05346 0.01384 0.24893
0.05397 0.01390 0.23584
0.05448 0.01359 0.24452
0.05498 0.01387 0.23347
0.05549 0.01346 0.24146
0.05600 0.01390 0.23485
0.05650 0.01376 0.23989
0.05701 0.01365 0.24225
0.05752 0.01363 0.23241
0.05803 0.01349 0.23896
0.05853 0.01351 0.23978
0.05904 0.01363 0.23755
0.05955 0.01373 0.23821
0.06005 0.01373 0.23671
0.06056 0.01352 0.22910
0.06107 0.01349 0.22484
0.06157 0.01357 0.22464
0.06208 0.01366 0.22531
0.06259 0.01312 0.22273
0.06309 0.01325 0.22613
0.06360 0.01341 0.21699
0.06411 0.01307 0.22126
0.06461 0.01325 0.22967
0.06512 0.01327 0.21834
0.06563 0.01333 0.20616
0.06613 0.01317 0.22177
0.06664 0.01321 0.21124
0.06715 0.01294 0.21842
0.06765 0.01302 0.21547
0.06816 0.01348 0.21414
0.06867 0.01343 0.21383
0.06917 0.01285 0.21325
0.06968 0.01339 0.22103
0.07019 0.01331 0.21331
0.07069 0.01308 0.20785
0.07120 0.01298 0.21441
0.07171 0.01318 0.21504
0.07222 0.01289 0.20060
0.07272 0.01317 0.21364
0.07323 0.01320 0.20769
0.07373 0.01310 0.19934
0.07424 0.01282 0.20410
0.07475 0.01315 0.20487
0.07526 0.01316 0.20209
0.07576 0.01319 0.20012
0.07627 0.01316 0.20883
0.07678 0.01317 0.19844
0.07728 0.01300 0.19747
0.07779 0.01311 0.18890
0.07830 0.01324 0.19762
0.07880 0.01301 0.18995
0.07931 0.01299 0.19319
0.07982 0.01298 0.20299
0.08032 0.01276 0.19926
0.08083 0.01301 0.19831
0.08134 0.01298 0.20148
0.08184 0.01313 0.20831
0.08235 0.01304 0.20513
0.08286 0.01290 0.19152
0.08336 0.01301 0.20494
0.08387 0.01304 0.20168
0.08438 0.01281 0.19309
0.08488 0.01268 0.20166
0.08539 0.01278 0.19500
0.08590 0.01278 0.20398
0.08640 0.01280 0.19590
0.08691 0.01290 0.20305
0.08742 0.01284 0.20559
0.08792 0.01306 0.20476
0.08843 0.01264 0.19351
0.08894 0.01276 0.20179
0.08944 0.01266 0.20847
0.08995 0.01270 0.19616
0.09046 0.01266 0.19796
0.09097 0.01234 0.19828
0.09147 0.01258 0.19429
0.09198 0.01262 0.19675
0.09248 0.01249 0.19762
0.09299 0.01285 0.20174
0.09350 0.01231 0.20034
0.09401 0.01229 0.19457
0.09451 0.01273 0.19821
0.09502 0.01240 0.19785
0.09552 0.01250 0.20315
0.09603 0.01262 0.20455
0.09654 0.01277 0.20009
0.09705 0.01291 0.20014
0.09755 0.01279 0.19364
0.09806 0.01235 0.19165
0.09857 0.01278 0.19518
0.09907 0.01290 0.20133
0.09958 0.01248 0.19871
0.10009 0.01245 0.19123
0.10059 0.01281 0.18955
0.10110 0.01274 0.19481
0.10161 0.01278 0.18755
0.10211 0.01246 0.19761
0.10262 0.01249 0.20317
0.10313 0.01232 0.19196
0.10363 0.01257 0.19148
0.10414 0.01253 0.19602
0.10465 0.01286 0.20327
0.10515 0.01257 0.20134
0.10566 0.01248 0.19758
0.10617 0.01250 0.20230
0.10667 0.01248 0.18861
0.10718 0.01237 0.18318
0.10769 0.01235 0.19060
0.10819 0.01222 0.18721
0.10870 0.01233 0.18059
0.10921 0.01259 0.18482
0.10971 0.01240 0.18096
0.11022 0.01266 0.17910
0.11073 0.01218 0.17753
0.11124 0.01223 0.17623
0.11174 0.01226 0.17032
0.11225 0.01219 0.17872
0.11275 0.01244 0.17410
0.11326 0.01241 0.17661
0.11377 0.01261 0.17604
0.11428 0.01238 0.17461
0.11478 0.01259 0.17350
0.11529 0.01234 0.17754
0.11579 0.01234 0.17157
0.11630 0.01236 0.16802
0.11681 0.01220 0.16562
0.11732 0.01214 0.16871
0.11782 0.01220 0.16756
0.11833 0.01173 0.16569
0.11884 0.01224 0.16515
0.11934 0.01235 0.17276
0.11985 0.01238 0.16761
0.12036 0.01200 0.16784
0.12086 0.01209 0.16294
0.12137 0.01199 0.16159
0.12188 0.01231 0.16274
0.12238 0.01212 0.15799
0.12289 0.01216 0.16074
0.12340 0.01210 0.15893
0.12390 0.01228 0.16191
0.12441 0.01237 0.16031
0.12492 0.01222 0.16047
0.12542 0.01236 0.16124
0.12593 0.01191 0.15826
0.12644 0.01193 0.15607
0.12694 0.01210 0.15544
0.12745 0.01227 0.16136
0.12796 0.01216 0.15765
0.12846 0.01208 0.15630
0.12897 0.01232 0.15951
0.12948 0.01205 0.15735
0.12998 0.01204 0.14935
0.13049 0.01219 0.15832
0.13100 0.01234 0.16258
0.13150 0.01218 0.15115
0.13201 0.01216 0.15681
0.13252 0.01197 0.14792
0.13302 0.01204 0.14880
0.13353 0.01210 0.14995
0.13404 0.01216 0.15253
0.13454 0.01189 0.14898
0.13505 0.01215 0.14983
0.13556 0.01201 0.14590
0.13606 0.01196 0.15044
0.13657 0.01192 0.14598
0.13708 0.01222 0.15171
0.13759 0.01220 0.14699
0.13809 0.01229 0.14836
0.13860 0.01210 0.14490
0.13911 0.01217 0.15091
0.13961 0.01213 0.14246
0.14012 0.01217 0.14683
0.14062 0.01221 0.14603
0.14113 0.01200 0.14696
0.14164 0.01207 0.14576
0.14214 0.01206 0.14607
0.14265 0.01196 0.14745
0.14316 0.01204 0.14532
0.14367 0.01185 0.14395
0.14417 0.01187 0.14369
0.14468 0.01197 0.14476
0.14519 0.01187 0.13910
0.14569 0.01205 0.14310
0.14620 0.01171 0.14167
0.14671 0.01187 0.13805
0.14721 0.01179 0.13711
0.14772 0.01194 0.13805
0.14823 0.01183 0.14132
0.14873 0.01194 0.14035
0.14924 0.01228 0.14582
0.14975 0.01186 0.14570
0.15025 0.01186 0.13994
0.15076 0.01208 0.14105
0.15127 0.01173 0.14161
0.15177 0.01193 0.14134
0.15228 0.01173 0.13707
0.15279 0.01200 0.14191
0.15329 0.01185 0.13885
0.15380 0.01187 0.13485
0.15431 0.01188 0.13621
0.15481 0.01180 0.13628
0.15532 0.01180 0.13998
0.15583 0.01172 0.13831
0.15633 0.01187 0.13699
0.15684 0.01183 0.13633
0.15735 0.01182 0.13758
0.15785 0.01188 0.13572
0.15836 0.01183 0.13562
0.15887 0.01189 0.13460
0.15937 0.01179 0.13507
0.15988 0.01183 0.13624
0.16039 0.01168 0.13467
0.16089 0.01167 0.13133
0.16140 0.01182 0.13356
0.16191 0.01170 0.13574
0.16241 0.01166 0.13268
0.16292 0.01173 0.13642
0.16343 0.01185 0.13545
0.16393 0.01165 0.13150
0.16444 0.01159 0.13186
0.16495 0.01182 0.13278
0.16545 0.01158 0.13011
0.16596 0.01165 0.13063
0.16647 0.01165 0.13054
0.16697 0.01188 0.13476
0.16748 0.01193 0.13241
0.16799 0.01168 0.12948
0.16850 0.01168 0.12890
0.16900 0.01163 0.12934
0.16951 0.01181 0.13199
0.17001 0.01183 0.13137
0.17052 0.01159 0.13102
0.17103 0.01167 0.13061
0.17153 0.01175 0.13609
0.17204 0.01151 0.13031
0.17255 0.01164 0.13685
0.17305 0.01180 0.13661
0.17356 0.01175 0.13575
0.17407 0.01155 0.13385
0.17458 0.01166 0.13533
0.17508 0.01168 0.13146
0.17559 0.01164 0.13305
0.17610 0.01179 0.13737
0.17660 0.01167 0.13393
0.17711 0.01177 0.13721
0.17761 0.01156 0.13490
0.17812 0.01149 0.13348
0.17863 0.01160 0.13383
0.17913 0.01140 0.13362
0.17964 0.01153 0.13225
0.18015 0.01187 0.13306
0.18066 0.01157 0.12717
0.18116 0.01175 0.13605
0.18167 0.01138 0.13339
0.18218 0.01178 0.13457
0.18268 0.01133 0.13755
0.18319 0.01155 0.13654
0.18369 0.01168 0.13551
0.18420 0.01171 0.13590
0.18471 0.01158 0.13779
0.18522 0.01158 0.13616
0.18572 0.01154 0.13884
0.18623 0.01169 0.14182
0.18674 0.01165 0.13630
0.18724 0.01143 0.13777
0.18775 0.01147 0.14358
0.18826 0.01167 0.14117
0.18876 0.01149 0.14833
0.18927 0.01166 0.14178
0.18978 0.01136 0.13963
0.19028 0.01141 0.14034
0.19079 0.01170 0.14823
0.19130 0.01154 0.14509
0.19180 0.01146 0.14054
0.19231 0.01154 0.14291
0.19282 0.01155 0.13828
0.19332 0.01164 0.14448
0.19383 0.01151 0.14306
0.19434 0.01161 0.14261
0.19484 0.01157 0.14355
0.19535 0.01153 0.14211
0.19586 0.01156 0.14663
0.19636 0.01161 0.14115
0.19687 0.01147 0.14414
0.19738 0.01161 0.14097
0.19788 0.01151 0.14514
0.19839 0.01142 0.14008
0.19890 0.01132 0.14900
0.19940 0.01147 0.14775
0.19991 0.01166 0.14225
0.20042 0.01169 0.14635
0.20092 0.01149 0.14449
0.20143 0.01137 0.14487
0.20194 0.01146 0.14330
0.20244 0.01155 0.15101
0.20295 0.01142 0.14390
0.20346 0.01153 0.14186
0.20396 0.01160 0.14927
0.20447 0.01149 0.14540
0.20498 0.01142 0.14414
0.20548 0.01135 0.14733
0.20599 0.01153 0.14760
0.20650 0.01138 0.14625
0.20700 0.01147 0.14354
0.20751 0.01151 0.14879
0.20802 0.01136 0.14605
0.20852 0.01126 0.14012
0.20903 0.01119 0.14502
0.20954 0.01130 0.14413
0.21004 0.01145 0.14470
0.21055 0.01146 0.14746
0.21106 0.01121 0.14320
0.21156 0.01148 0.14251
0.21207 0.01145 0.14265
0.21258 0.01164 0.14969
0.21308 0.01128 0.14504
0.21359 0.01143 0.14013
0.21410 0.01132 0.14299
0.21460 0.01157 0.14591
0.21511 0.01157 0.14456
0.21562 0.01147 0.14655
0.21612 0.01120 0.14111
0.21663 0.01160 0.15111
0.21714 0.01141 0.14551
0.21764 0.01143 0.14900
0.21815 0.01125 0.13973
0.21866 0.01150 0.14385
0.21916 0.01131 0.14394
0.21967 0.01114 0.14788
0.22018 0.01127 0.14427
0.22068 0.01128 0.14590
0.22119 0.01147 0.14397
0.22170 0.01130 0.14494
0.22220 0.01127 0.14400
0.22271 0.01112 0.14062
0.22322 0.01135 0.14471
0.22372 0.01123 0.13895
0.22423 0.01117 0.14153
0.22474 0.01111 0.14207
0.22524 0.01126 0.14444
0.22575 0.01131 0.14421
0.22626 0.01134 0.14145
0.22676 0.01103 0.14184
0.22727 0.01132 0.13884
0.22778 0.01120 0.13963
0.22828 0.01100 0.13883
0.22879 0.01115 0.13677
0.22930 0.01130 0.14089
0.22980 0.01130 0.14000
0.23031 0.01135 0.14277
0.23082 0.01103 0.13514
0.23132 0.01133 0.13961
0.23183 0.01145 0.13897
0.23234 0.01124 0.13553
0.23284 0.01123 0.13749
0.23335 0.01111 0.13944
0.23386 0.01125 0.13376
0.23436 0.01122 0.13516
0.23487 0.01089 0.12803
0.23538 0.01111 0.13307
0.23588 0.01117 0.13678
0.23639 0.01123 0.13405
0.23689 0.01087 0.13320
0.23740 0.01127 0.13291
0.23791 0.01114 0.13031
0.23841 0.01105 0.12900
0.23892 0.01117 0.13220
0.23943 0.01130 0.13534
0.23994 0.01111 0.12982
0.24044 0.01096 0.13049
0.24095 0.01111 0.13447
0.24146 0.01108 0.13319
0.24196 0.01105 0.12939
0.24247 0.01113 0.13257
0.24297 0.01098 0.13228
0.24348 0.01101 0.13147
0.24399 0.01113 0.12987
0.24449 0.01111 0.12831
0.24500 0.01132 0.13030
0.24551 0.01088 0.12763
0.24602 0.01107 0.12583
0.24652 0.01108 0.12462
0.24703 0.01110 0.12915
0.24753 0.01115 0.12851
0.24804 0.01113 0.12837
0.24855 0.01122 0.12582
0.24905 0.01100 0.12913
0.24956 0.01107 0.12613
0.25007 0.01113 0.12840
0.25057 0.01098 0.12473
0.25108 0.01099 0.12512
0.25159 0.01080 0.12977
0.25209 0.01106 0.12725
0.25260 0.01097 0.12302
0.25311 0.01092 0.12116
0.25361 0.01097 0.12388
0.25412 0.01108 0.12354
0.25463 0.01079 0.12390
0.25513 0.01098 0.12359
0.25564 0.01077 0.12135
0.25615 0.01092 0.12427
0.25665 0.01076 0.12458
0.25716 0.01103 0.12270
0.25767 0.01088 0.12047
0.25817 0.01096 0.12262
0.25868 0.01087 0.12181
0.25919 0.01082 0.11981
0.25969 0.01089 0.12159
0.26020 0.01097 0.12181
0.26071 0.01094 0.12226
0.26121 0.01094 0.11958
0.26172 0.01104 0.12216
0.26223 0.01098 0.12013
0.26273 0.01084 0.12090
0.26324 0.01075 0.11969
0.26375 0.01083 0.11893
0.26425 0.01111 0.12184
0.26476 0.01101 0.11919
0.26527 0.01083 0.11857
0.26577 0.01088 0.11632
0.26628 0.01082 0.12025
0.26679 0.01076 0.11891
0.26729 0.01100 0.12051
0.26780 0.01083 0.11782
0.26831 0.01078 0.11826
0.26881 0.01079 0.11706
0.26932 0.01075 0.11637
0.26982 0.01076 0.11799
0.27033 0.01083 0.11942
0.27084 0.01089 0.11828
0.27135 0.01084 0.11701
0.27185 0.01083 0.11669
0.27236 0.01073 0.11712
0.27287 0.01072 0.11701
0.27337 0.01072 0.11803
0.27388 0.01070 0.11495
0.27438 0.01079 0.11604
0.27489 0.01078 0.11824
0.27540 0.01085 0.11707
0.27590 0.01071 0.11575
0.27641 0.01095 0.11204
0.27692 0.01089 0.11683
0.27742 0.01071 0.11188
0.27793 0.01100 0.11712
0.27844 0.01057 0.11163
0.27894 0.01079 0.11408
0.27945 0.01069 0.11718
0.27996 0.01075 0.11343
0.28046 0.01051 0.11380
0.28097 0.01076 0.11357
0.28148 0.01080 0.11421
0.28198 0.01064 0.11219
0.28249 0.01076 0.11166
0.28300 0.01057 0.11574
0.28350 0.01063 0.11230
0.28401 0.01080 0.11275
0.28452 0.01064 0.11295
0.28502 0.01065 0.11287
0.28553 0.01070 0.11425
0.28604 0.01062 0.10996
0.28654 0.01072 0.11295
0.28705 0.01057 0.11173
0.28756 0.01067 0.11266
0.28806 0.01063 0.11310
0.28857 0.01074 0.11231
0.28908 0.01046 0.10988
0.28958 0.01082 0.11215
0.29009 0.01065 0.11286
0.29059 0.01059 0.11031
0.29110 0.01063 0.11192
0.29161 0.01060 0.11231
0.29212 0.01060 0.11262
0.29262 0.01058 0.11129
0.29313 0.01070 0.11276
0.29363 0.01057 0.11318
0.29414 0.01053 0.11193
0.29465 0.01055 0.11197
0.29515 0.01068 0.11229
0.29566 0.01049 0.11303
0.29617 0.01077 0.11059
0.29667 0.01048 0.11102
0.29718 0.01046 0.10925
0.29769 0.01063 0.11316
0.29819 0.01059 0.11326
0.29870 0.01059 0.11277
0.29921 0.01051 0.11232
0.29971 0.01035 0.11093
0.30022 0.01056 0.11343
0.30073 0.01051 0.11309
0.30123 0.01038 0.11128
0.30174 0.01028 0.10950
0.30225 0.01046 0.11196
0.30275 0.01039 0.11201
0.30326 0.01041 0.11031
0.30377 0.01056 0.11069
0.30427 0.01065 0.11205
0.30478 0.01033 0.11149
0.30528 0.01037 0.11071
0.30579 0.01059 0.11307
0.30630 0.01032 0.11233
0.30680 0.01042 0.11119
0.30731 0.01067 0.11227
0.30782 0.01041 0.10964
0.30832 0.01048 0.10919
0.30883 0.01048 0.11107
0.30934 0.01046 0.10825
0.30984 0.01026 0.10977
0.31035 0.01037 0.11191
0.31086 0.01044 0.11210
0.31136 0.01044 0.11331
0.31187 0.01052 0.11571
0.31238 0.01036 0.11648
0.31288 0.01047 0.11878
0.31339 0.01045 0.11746
0.31390 0.01032 0.11875
0.31440 0.01050 0.11658
0.31491 0.01060 0.11836
0.31542 0.01027 0.11936
0.31592 0.01044 0.11656
0.31643 0.01040 0.11943
0.31694 0.01060 0.11932
0.31744 0.01034 0.11951
0.31795 0.01046 0.12175
0.31845 0.01045 0.12313
0.31896 0.01036 0.12079
0.31947 0.01045 0.12195
0.31998 0.01047 0.12064
0.32048 0.01039 0.11857
0.32099 0.01043 0.12310
0.32149 0.01045 0.12414
0.32200 0.01051 0.12200
0.32251 0.01042 0.12452
0.32301 0.01037 0.12078
0.32352 0.01040 0.12095
0.32403 0.01049 0.12105
0.32453 0.01037 0.12198
0.32504 0.01029 0.12018
0.32555 0.01050 0.11993
0.32605 0.01049 0.12327
0.32656 0.01048 0.12179
0.32707 0.01026 0.11874
0.32757 0.01047 0.12406
0.32808 0.01044 0.12302
0.32859 0.01023 0.12209
0.32909 0.01050 0.12367
0.32960 0.01042 0.12172
0.33010 0.01045 0.12470
0.33061 0.01039 0.12362
0.33112 0.01053 0.12570
0.33162 0.01029 0.12337
0.33213 0.01042 0.12436
0.33264 0.01032 0.12242
0.33314 0.01015 0.12072
0.33365 0.01032 0.12247
0.33416 0.01019 0.12320
0.33466 0.01037 0.12386
0.33517 0.01023 0.12339
0.33568 0.01031 0.12328
0.33618 0.01029 0.12223
0.33669 0.01044 0.12799
0.33720 0.01036 0.12256
0.33770 0.01015 0.12311
0.33821 0.01021 0.12490
0.33871 0.01042 0.12392
0.33922 0.01034 0.12043
0.33973 0.01027 0.12498
0.34024 0.01030 0.12359
0.34074 0.01036 0.12126
0.34125 0.01027 0.12241
0.34175 0.01031 0.12441
0.34226 0.01025 0.12565
0.34277 0.01028 0.12486
0.34327 0.01032 0.12311
0.34378 0.01033 0.12626
0.34429 0.01016 0.12284
0.34479 0.01012 0.12195
0.34530 0.01017 0.12233
0.34581 0.01018 0.12557
0.34631 0.01017 0.12815
0.34682 0.01029 0.12481
0.34732 0.01047 0.12765
0.34783 0.01035 0.12759
0.34834 0.01023 0.12382
0.34885 0.01015 0.12614
0.34935 0.01028 0.12723
0.34986 0.01033 0.12809
0.35036 0.01034 0.12515
0.35087 0.01028 0.12733
0.35138 0.01016 0.13108
0.35188 0.01017 0.12384
0.35239 0.01031 0.12765
0.35290 0.01024 0.12657
0.35340 0.01019 0.12807
0.35391 0.01025 0.12713
0.35442 0.01027 0.12569
0.35492 0.01017 0.12572
0.35543 0.01007 0.11866
0.35594 0.01019 0.12162
0.35644 0.01016 0.12218
0.35695 0.01026 0.11887
0.35746 0.01019 0.11756
0.35796 0.01022 0.11813
0.35847 0.01026 0.12129
0.35897 0.01004 0.11447
0.35948 0.01027 0.11933
0.35999 0.01032 0.12320
0.36049 0.01001 0.12055
0.36100 0.01004 0.11945
0.36151 0.01021 0.12322
0.36201 0.01014 0.11979
0.36252 0.01031 0.12093
0.36303 0.00999 0.12106
0.36353 0.01016 0.12153
0.36404 0.01010 0.11711
0.36455 0.01009 0.11998
0.36505 0.01010 0.12299
0.36556 0.00994 0.11891
0.36606 0.01028 0.12219
0.36657 0.01014 0.12109
0.36708 0.01020 0.12380
0.36758 0.00995 0.12196
0.36809 0.01015 0.12498
0.36860 0.01023 0.12797
0.36910 0.01011 0.12615
0.36961 0.01006 0.12994
0.37012 0.01002 0.12663
0.37062 0.01009 0.12759
0.37113 0.01001 0.12685
0.37163 0.01024 0.12664
0.37214 0.01002 0.12950
0.37265 0.01010 0.12766
0.37316 0.01008 0.12908
0.37366 0.01013 0.12852
0.37417 0.01011 0.12840
0.37467 0.00997 0.13187
0.37518 0.01009 0.12990
0.37569 0.01008 0.13221
0.37619 0.01008 0.13140
0.37670 0.01008 0.13155
0.37721 0.00976 0.13204
0.37771 0.01010 0.13287
0.37822 0.01000 0.13327
0.37872 0.01013 0.13357
0.37923 0.01008 0.13280
0.37974 0.01008 0.13876
0.38024 0.01005 0.14181
0.38075 0.01006 0.13425
0.38126 0.01005 0.13527
0.38176 0.01014 0.13872
0.38227 0.00997 0.14424
0.38278 0.01000 0.13977
0.38328 0.00999 0.13975
0.38379 0.01013 0.14269
0.38430 0.01013 0.13673
0.38480 0.01016 0.14419
0.38531 0.01007 0.14154
0.38582 0.00994 0.14221
0.38632 0.01013 0.14181
0.38683 0.01015 0.14732
0.38733 0.01017 0.14595
0.38784 0.01006 0.14376
0.38835 0.01021 0.14868
0.38885 0.00989 0.14106
0.38936 0.00984 0.14911
0.38987 0.01013 0.14707
0.39037 0.00985 0.14976
0.39088 0.00984 0.14646
0.39138 0.01002 0.14657
0.39189 0.00987 0.15033
0.39240 0.00979 0.15091
0.39291 0.00977 0.14933
0.39341 0.00999 0.15077
0.39392 0.00988 0.15310
0.39442 0.00979 0.17071
0.39493 0.01006 0.15504
0.39544 0.00977 0.15471
0.39594 0.00978 0.16029
0.39645 0.00981 0.15200
0.39696 0.00985 0.15848
0.39746 0.00986 0.15655
0.39797 0.00991 0.15742
0.39848 0.00995 0.16024
0.39898 0.00999 0.15968
0.39949 0.00985 0.16402
0.39999 0.00992 0.16364
0.40050 0.00962 0.16078
0.40101 0.00947 0.15856
0.40151 0.00980 0.16225
0.40202 0.01005 0.16426
0.40253 0.00980 0.16130
0.40303 0.00982 0.16100
0.40354 0.00966 0.16151
0.40404 0.00990 0.16671
0.40455 0.00994 0.16608
0.40506 0.00979 0.16699
0.40556 0.00970 0.16838
0.40607 0.00964 0.16683
0.40658 0.00973 0.16939
0.40708 0.00995 0.16854
0.40759 0.00945 0.16468
0.40810 0.00990 0.17092
0.40860 0.00994 0.17134
0.40911 0.00977 0.17445
0.40962 0.00957 0.17273
0.41012 0.00978 0.16948
0.41063 0.00958 0.17178
0.41113 0.00959 0.17360
0.41164 0.00960 0.16958
0.41215 0.00982 0.17546
0.41265 0.00971 0.16905
0.41316 0.00985 0.16969
0.41367 0.00986 0.17881
0.41417 0.00978 0.17631
0.41468 0.00962 0.17558
0.41519 0.00990 0.17760
0.41569 0.00952 0.18091
0.41620 0.00976 0.18346
0.41670 0.00945 0.17538
0.41721 0.00949 0.18608
0.41772 0.00972 0.18707
0.41822 0.00962 0.17464
0.41873 0.00946 0.17420
0.41924 0.00964 0.17871
0.41974 0.00970 0.18439
0.42025 0.00945 0.17863
0.42075 0.00937 0.17924
0.42126 0.00974 0.18444
0.42177 0.00971 0.18161
0.42227 0.00961 0.18087
0.42278 0.00984 0.18472
0.42329 0.00969 0.19140
0.42379 0.00961 0.18831
0.42430 0.00976 0.18894
0.42480 0.00949 0.19452
0.42531 0.00943 0.19181
0.42582 0.00974 0.19099
0.42632 0.00954 0.20342
0.42683 0.00997 0.20375
0.42734 0.00958 0.19043
0.42784 0.00953 0.19634
0.42835 0.00973 0.19361
0.42886 0.00976 0.19834
0.42936 0.00972 0.20165
0.42987 0.00963 0.20305
0.43038 0.00966 0.21499
0.43088 0.00955 0.20056
0.43139 0.00954 0.20400
0.43189 0.00965 0.20840
0.43240 0.00941 0.21723
0.43291 0.00932 0.20144
0.43341 0.00943 0.21868
0.43392 0.00953 0.21032
0.43443 0.00981 0.21932
0.43493 0.00954 0.21194
0.43544 0.00967 0.22731
0.43594 0.00934 0.22441
0.43645 0.00973 0.21924
0.43696 0.00978 0.23018
0.43746 0.00978 0.22799
0.43797 0.00943 0.22383
0.43848 0.00945 0.22265
0.43898 0.00929 0.22043
0.43949 0.00934 0.23768
0.44000 0.00948 0.24045
