0.00988 0.56998 90.21113
0.01039 0.37525 48.46026
0.01090 0.35230 45.23959
0.01140 0.30189 35.50620
0.01191 0.17004 22.42003
0.01242 0.20946 22.55197
0.01292 0.13712 12.26452
0.01343 0.10982 11.12631
0.01394 0.10065 7.86797
0.01444 0.09340 5.71510
0.01495 0.08337 3.43795
0.01546 0.07627 2.84638
0.01596 0.07209 2.18218
0.01647 0.06782 1.95020
0.01698 0.06196 1.45158
0.01748 0.05911 1.22712
0.01799 0.05615 1.03511
0.01850 0.05161 0.85603
0.01900 0.05149 0.77991
0.01951 0.05008 0.78936
0.02002 0.04528 0.58482
0.02052 0.04439 0.66822
0.02103 0.04118 0.63655
0.02154 0.04063 0.60130
0.02204 0.03866 0.55790
0.02255 0.03735 0.56744
0.02306 0.03768 0.50384
0.02356 0.03732 0.50343
0.02407 0.03569 0.49909
0.02458 0.03610 0.47772
0.02508 0.03565 0.48681
0.02559 0.03309 0.47029
0.02610 0.03342 0.45321
0.02661 0.03215 0.44082
0.02711 0.03211 0.39541
0.02762 0.03140 0.42721
0.02813 0.03137 0.42595
0.02863 0.03072 0.40172
0.02914 0.03032 0.38702
0.02965 0.03191 0.39549
0.03015 0.03063 0.39482
0.03066 0.02944 0.39398
0.03117 0.02856 0.38181
0.03167 0.02834 0.35027
0.03218 0.02857 0.36721
0.03269 0.02934 0.35999
0.03319 0.02889 0.33837
0.03370 0.02811 0.35251
0.03421 0.02725 0.35764
0.03471 0.02728 0.34529
0.03522 0.02730 0.34234
0.03573 0.02733 0.32060
0.03623 0.02699 0.33335
0.03674 0.02584 0.31295
0.03725 0.02731 0.32611
0.03775 0.02746 0.33790
0.03826 0.02659 0.30010
0.03877 0.02612 0.29351
0.03927 0.02588 0.30379
0.03978 0.02654 0.30453
0.04029 0.02643 0.31298
0.04079 0.02573 0.29473
0.04130 0.02611 0.31406
0.04181 0.02575 0.30107
0.04231 0.02483 0.29569
0.04282 0.02591 0.28854
0.04333 0.02453 0.29835
0.04384 0.02497 0.29208
0.04434 0.02522 0.29169
0.04485 0.02453 0.27149
0.04536 0.02478 0.27755
0.04586 0.02514 0.27355
0.04637 0.02508 0.27711
0.04688 0.02528 0.27736
0.04738 0.02481 0.27038
0.04789 0.02479 0.27563
0.04840 0.02435 0.27691
0.04890 0.02534 0.26229
0.04941 0.02487 0.27391
0.04992 0.02447 0.26840
0.05042 0.02400 0.26880
0.05093 0.02497 0.26539
0.05144 0.02450 0.25386
0.05194 0.02440 0.25290
0.05245 0.02390 0.24620
0.05296 0.02447 0.25374
0.05346 0.02443 0.25616
0.05397 0.02399 0.24472
0.05448 0.02402 0.24279
0.05498 0.02364 0.24524
0.05549 0.02461 0.24963
0.05600 0.02361 0.22943
0.05650 0.02399 0.22922
0.05701 0.02426 0.25114
0.05752 0.02356 0.23649
0.05803 0.02384 0.23692
0.05853 0.02353 0.23108
0.05904 0.02384 0.23187
0.05955 0.02402 0.23824
0.06005 0.02322 0.23107
0.06056 0.02389 0.22913
0.06107 0.02273 0.23269
0.06157 0.02330 0.22295
0.06208 0.02312 0.22386
0.06259 0.02360 0.22802
0.06309 0.02375 0.22264
0.06360 0.02290 0.21737
0.06411 0.02298 0.22176
0.06461 0.02325 0.22369
0.06512 0.02251 0.21590
0.06563 0.02292 0.22010
0.06613 0.02318 0.21720
0.06664 0.02372 0.21881
0.06715 0.02348 0.22144
0.06765 0.02323 0.21945
0.06816 0.02220 0.21473
0.06867 0.02311 0.20622
0.06917 0.02268 0.21252
0.06968 0.02253 0.21207
0.07019 0.02284 0.20158
0.07069 0.02293 0.20139
0.07120 0.02269 0.20608
0.07171 0.02290 0.20369
0.07222 0.02306 0.20274
0.07272 0.02240 0.21580
0.07323 0.02173 0.19326
0.07373 0.02274 0.20543
0.07424 0.02335 0.20508
0.07475 0.02331 0.20506
0.07526 0.02337 0.20356
0.07576 0.02253 0.19627
0.07627 0.02290 0.20416
0.07678 0.02223 0.19608
0.07728 0.02229 0.19988
0.07779 0.02267 0.20082
0.07830 0.02239 0.19367
0.07880 0.02308 0.19500
0.07931 0.02244 0.19505
0.07982 0.02251 0.19919
0.08032 0.02260 0.19756
0.08083 0.02255 0.19980
0.08134 0.02300 0.20566
0.08184 0.02291 0.19198
0.08235 0.02202 0.20429
0.08286 0.02248 0.20032
0.08336 0.02257 0.19947
0.08387 0.02258 0.20393
0.08438 0.02261 0.20259
0.08488 0.02259 0.19955
0.08539 0.02219 0.20635
0.08590 0.02280 0.19577
0.08640 0.02226 0.20159
0.08691 0.02280 0.20241
0.08742 0.02264 0.20144
0.08792 0.02246 0.20160
0.08843 0.02255 0.19455
0.08894 0.02230 0.20259
0.08944 0.02217 0.19537
0.08995 0.02246 0.19632
0.09046 0.02242 0.20313
0.09097 0.02155 0.19951
0.09147 0.02221 0.19495
0.09198 0.02219 0.20131
0.09248 0.02187 0.19977
0.09299 0.02215 0.19364
0.09350 0.02209 0.19518
0.09401 0.02239 0.19631
0.09451 0.02196 0.19413
0.09502 0.02208 0.19091
0.09552 0.02228 0.19656
0.09603 0.02243 0.19386
0.09654 0.02230 0.19433
0.09705 0.02269 0.19983
0.09755 0.02155 0.19892
0.09806 0.02216 0.19099
0.09857 0.02179 0.19174
0.09907 0.02230 0.19585
0.09958 0.02183 0.18986
0.10009 0.02217 0.19549
0.10059 0.02214 0.19709
0.10110 0.02190 0.19040
0.10161 0.02212 0.19277
0.10211 0.02177 0.19317
0.10262 0.02186 0.19400
0.10313 0.02184 0.19898
0.10363 0.02186 0.20370
0.10414 0.02203 0.20138
0.10465 0.02173 0.19414
0.10515 0.02205 0.20032
0.10566 0.02124 0.18744
0.10617 0.02193 0.19731
0.10667 0.02143 0.18225
0.10718 0.02221 0.18604
0.10769 0.02127 0.17911
0.10819 0.02193 0.18564
0.10870 0.02189 0.18514
0.10921 0.02195 0.18433
0.10971 0.02210 0.17827
0.11022 0.02158 0.17747
0.11073 0.02184 0.18128
0.11124 0.02149 0.17983
0.11174 0.02166 0.18009
0.11225 0.02195 0.17240
0.11275 0.02137 0.17425
0.11326 0.02133 0.17106
0.11377 0.02144 0.17264
0.11428 0.02172 0.16796
0.11478 0.02123 0.17193
0.11529 0.02149 0.16494
0.11579 0.02161 0.17342
0.11630 0.02162 0.17128
0.11681 0.02085 0.16721
0.11732 0.02128 0.16348
0.11782 0.02165 0.16948
0.11833 0.02103 0.16293
0.11884 0.02107 0.16815
0.11934 0.02176 0.16977
0.11985 0.02181 0.17095
0.12036 0.02117 0.16790
0.12086 0.02107 0.16943
0.12137 0.02128 0.16380
0.12188 0.02177 0.16350
0.12238 0.02124 0.16406
0.12289 0.02132 0.16105
0.12340 0.02120 0.16592
0.12390 0.02097 0.16536
0.12441 0.02119 0.16367
0.12492 0.02128 0.16165
0.12542 0.02153 0.15675
0.12593 0.02086 0.16004
0.12644 0.02100 0.15404
0.12694 0.02117 0.15726
0.12745 0.02120 0.15956
0.12796 0.02047 0.15529
0.12846 0.02138 0.16022
0.12897 0.02116 0.16027
0.12948 0.02113 0.15487
0.12998 0.02108 0.15403
0.13049 0.02127 0.15651
0.13100 0.02124 0.15110
0.13150 0.02084 0.14881
0.13201 0.02125 0.15289
0.13252 0.02085 0.15408
0.13302 0.02088 0.15053
0.13353 0.02137 0.15011
0.13404 0.02119 0.14828
0.13454 0.02119 0.14768
0.13505 0.02083 0.14577
0.13556 0.02099 0.14947
0.13606 0.02080 0.14929
0.13657 0.02132 0.14776
0.13708 0.02104 0.14679
0.13759 0.02133 0.14967
0.13809 0.02113 0.14883
0.13860 0.02075 0.14976
0.13911 0.02048 0.14936
0.13961 0.02120 0.14779
0.14012 0.02105 0.14849
0.14062 0.02136 0.14913
0.14113 0.02086 0.14715
0.14164 0.02095 0.14761
0.14214 0.02110 0.14582
0.14265 0.02093 0.14778
0.14316 0.02072 0.14266
0.14367 0.02082 0.14633
0.14417 0.02095 0.14689
0.14468 0.02083 0.14262
0.14519 0.02093 0.13963
0.14569 0.02097 0.13954
0.14620 0.02068 0.14420
0.14671 0.02102 0.14061
0.14721 0.02077 0.13591
0.14772 0.02069 0.13957
0.14823 0.02091 0.14149
0.14873 0.02077 0.14111
0.14924 0.02079 0.13786
0.14975 0.02070 0.14050
0.15025 0.02071 0.14069
0.15076 0.02062 0.13998
0.15127 0.02058 0.13976
0.15177 0.02076 0.13733
0.15228 0.02117 0.14049
0.15279 0.02070 0.13932
0.15329 0.02084 0.14091
0.15380 0.02093 0.13768
0.15431 0.02036 0.13745
0.15481 0.02068 0.13812
0.15532 0.02046 0.13905
0.15583 0.02018 0.13517
0.15633 0.02043 0.13576
0.15684 0.02041 0.13210
0.15735 0.02034 0.13199
0.15785 0.02062 0.13428
0.15836 0.02054 0.13770
0.15887 0.02058 0.13107
0.15937 0.02112 0.13612
0.15988 0.02039 0.13226
0.16039 0.02058 0.13373
0.16089 0.02044 0.12945
0.16140 0.02062 0.13479
0.16191 0.02055 0.13362
0.16241 0.02039 0.13090
0.16292 0.02053 0.12962
0.16343 0.02010 0.12767
0.16393 0.02059 0.13465
0.16444 0.02049 0.13399
0.16495 0.02041 0.13184
0.16545 0.02053 0.13090
0.16596 0.02064 0.13232
0.16647 0.02031 0.13229
0.16697 0.02039 0.13138
0.16748 0.02025 0.13041
0.16799 0.02011 0.12615
0.16850 0.02012 0.12891
0.16900 0.01984 0.12938
0.16951 0.02000 0.12990
0.17001 0.02043 0.13371
0.17052 0.02058 0.13417
0.17103 0.02029 0.13087
0.17153 0.02039 0.13123
0.17204 0.02061 0.13454
0.17255 0.02010 0.13048
0.17305 0.02039 0.13336
0.17356 0.02026 0.13214
0.17407 0.02047 0.13210
0.17458 0.02011 0.13449
0.17508 0.02021 0.13539
0.17559 0.02062 0.13686
0.17610 0.02031 0.13219
0.17660 0.02010 0.13007
0.17711 0.02048 0.13439
0.17761 0.02040 0.13513
0.17812 0.02052 0.13476
0.17863 0.02000 0.13153
0.17913 0.02029 0.13561
0.17964 0.02017 0.13919
0.18015 0.01998 0.13165
0.18066 0.02021 0.13005
0.18116 0.02063 0.13681
0.18167 0.01999 0.13270
0.18218 0.02051 0.13337
0.18268 0.02019 0.13397
0.18319 0.02000 0.13655
0.18369 0.02043 0.13763
0.18420 0.02011 0.13521
0.18471 0.02036 0.13901
0.18522 0.02034 0.13558
0.18572 0.02011 0.13854
0.18623 0.02032 0.14106
0.18674 0.02015 0.13594
0.18724 0.02028 0.13860
0.18775 0.01988 0.13975
0.18826 0.01998 0.14064
0.18876 0.02015 0.13754
0.18927 0.02018 0.13977
0.18978 0.02057 0.14506
0.19028 0.02020 0.14067
0.19079 0.02033 0.13808
0.19130 0.02029 0.14256
0.19180 0.02002 0.14322
0.19231 0.02037 0.14213
0.19282 0.02021 0.14343
0.19332 0.02045 0.14336
0.19383 0.02022 0.14523
0.19434 0.02025 0.13951
0.19484 0.02041 0.14621
0.19535 0.02007 0.14455
0.19586 0.02009 0.14296
0.19636 0.02004 0.14820
0.19687 0.02001 0.14480
0.19738 0.02015 0.14148
0.19788 0.01988 0.13939
0.19839 0.02019 0.14156
0.19890 0.02016 0.14112
0.19940 0.01967 0.14021
0.19991 0.02001 0.14699
0.20042 0.02030 0.14859
0.20092 0.01985 0.14339
0.20143 0.01993 0.14276
0.20194 0.02007 0.14923
0.20244 0.02008 0.14407
0.20295 0.01996 0.14615
0.20346 0.01993 0.14413
0.20396 0.01991 0.14363
0.20447 0.01981 0.14057
0.20498 0.02012 0.14639
0.20548 0.01979 0.14513
0.20599 0.02010 0.14792
0.20650 0.01993 0.14428
0.20700 0.02001 0.14615
0.20751 0.02036 0.14826
0.20802 0.01975 0.14660
0.20852 0.02002 0.14193
0.20903 0.01956 0.14440
0.20954 0.02016 0.14829
0.21004 0.01999 0.14265
0.21055 0.02012 0.14431
0.21106 0.02001 0.14328
0.21156 0.01983 0.14396
0.21207 0.01985 0.14432
0.21258 0.01969 0.14866
0.21308 0.02000 0.14706
0.21359 0.02021 0.14152
0.21410 0.01955 0.14119
0.21460 0.01978 0.14466
0.21511 0.01974 0.14604
0.21562 0.01981 0.14256
0.21612 0.01952 0.14195
0.21663 0.01942 0.14280
0.21714 0.02013 0.14284
0.21764 0.01946 0.14177
0.21815 0.01971 0.14577
0.21866 0.01959 0.13928
0.21916 0.01966 0.14207
0.21967 0.01980 0.14263
0.22018 0.01957 0.14078
0.22068 0.02016 0.14501
0.22119 0.01983 0.13965
0.22170 0.01944 0.14121
0.22220 0.01981 0.13781
0.22271 0.01934 0.14113
0.22322 0.01968 0.14077
0.22372 0.01974 0.13934
0.22423 0.01963 0.14467
0.22474 0.01967 0.14207
0.22524 0.01938 0.14170
0.22575 0.01969 0.14328
0.22626 0.01961 0.13931
0.22676 0.01924 0.14126
0.22727 0.01969 0.13776
0.22778 0.01930 0.13753
0.22828 0.01953 0.13751
0.22879 0.02002 0.13937
0.22930 0.01929 0.13270
0.22980 0.01938 0.13655
0.23031 0.01928 0.13786
0.23082 0.01949 0.13684
0.23132 0.01955 0.13409
0.23183 0.01908 0.13595
0.23234 0.01913 0.13540
0.23284 0.01977 0.13694
0.23335 0.01974 0.13551
0.23386 0.01965 0.13739
0.23436 0.01969 0.13311
0.23487 0.01955 0.13209
0.23538 0.01919 0.13378
0.23588 0.01936 0.13168
0.23639 0.01916 0.12837
0.23689 0.01928 0.13177
0.23740 0.01944 0.13147
0.23791 0.01926 0.13362
0.23841 0.01935 0.12975
0.23892 0.01929 0.13130
0.23943 0.01937 0.13107
0.23994 0.01919 0.12467
0.24044 0.01958 0.12631
0.24095 0.01888 0.12944
0.24146 0.01918 0.12968
0.24196 0.01907 0.12925
0.24247 0.01947 0.12940
0.24297 0.01931 0.13097
0.24348 0.01928 0.12892
0.24399 0.01922 0.13111
0.24449 0.01921 0.13169
0.24500 0.01910 0.12728
0.24551 0.01921 0.12785
0.24602 0.01927 0.12715
0.24652 0.01918 0.13179
0.24703 0.01923 0.12581
0.24753 0.01938 0.12544
0.24804 0.01914 0.12766
0.24855 0.01938 0.12720
0.24905 0.01920 0.12293
0.24956 0.01921 0.12903
0.25007 0.01896 0.12680
0.25057 0.01920 0.12527
0.25108 0.01901 0.12620
0.25159 0.01931 0.12661
0.25209 0.01936 0.12776
0.25260 0.01933 0.12466
0.25311 0.01957 0.12935
0.25361 0.01932 0.12480
0.25412 0.01903 0.12449
0.25463 0.01911 0.12613
0.25513 0.01922 0.12303
0.25564 0.01887 0.12005
0.25615 0.01927 0.12557
0.25665 0.01915 0.12175
0.25716 0.01884 0.11901
0.25767 0.01878 0.12047
0.25817 0.01913 0.12057
0.25868 0.01912 0.12112
0.25919 0.01902 0.11914
0.25969 0.01905 0.12028
0.26020 0.01872 0.12170
0.26071 0.01876 0.12054
0.26121 0.01920 0.11888
0.26172 0.01882 0.12012
0.26223 0.01899 0.12158
0.26273 0.01881 0.11833
0.26324 0.01886 0.12145
0.26375 0.01895 0.12129
0.26425 0.01908 0.12129
0.26476 0.01879 0.12040
0.26527 0.01850 0.11824
0.26577 0.01891 0.11855
0.26628 0.01875 0.11650
0.26679 0.01914 0.11913
0.26729 0.01902 0.11770
0.26780 0.01892 0.11674
0.26831 0.01873 0.11528
0.26881 0.01927 0.12007
0.26932 0.01926 0.11775
0.26982 0.01881 0.11773
0.27033 0.01896 0.11964
0.27084 0.01873 0.12022
0.27135 0.01879 0.11696
0.27185 0.01890 0.11472
0.27236 0.01888 0.11718
0.27287 0.01893 0.11832
0.27337 0.01870 0.11465
0.27388 0.01897 0.11579
0.27438 0.01896 0.11747
0.27489 0.01900 0.11510
0.27540 0.01869 0.11279
0.27590 0.01858 0.11652
0.27641 0.01883 0.11292
0.27692 0.01899 0.11855
0.27742 0.01873 0.11298
0.27793 0.01868 0.11211
0.27844 0.01890 0.11405
0.27894 0.01857 0.11268
0.27945 0.01852 0.11440
0.27996 0.01884 0.11403
0.28046 0.01870 0.11347
0.28097 0.01883 0.11318
0.28148 0.01858 0.11383
0.28198 0.01840 0.11380
0.28249 0.01857 0.11341
0.28300 0.01879 0.11525
0.28350 0.01927 0.11172
0.28401 0.01873 0.11454
0.28452 0.01852 0.11055
0.28502 0.01877 0.11353
0.28553 0.01872 0.11221
0.28604 0.01894 0.11159
0.28654 0.01866 0.11368
0.28705 0.01857 0.10979
0.28756 0.01883 0.11104
0.28806 0.01838 0.11055
0.28857 0.01849 0.11300
0.28908 0.01852 0.11258
0.28958 0.01897 0.11499
0.29009 0.01864 0.11377
0.29059 0.01861 0.11289
0.29110 0.01901 0.11410
0.29161 0.01883 0.11435
0.29212 0.01843 0.11216
0.29262 0.01854 0.11529
0.29313 0.01866 0.11076
0.29363 0.01890 0.11498
0.29414 0.01855 0.11017
0.29465 0.01842 0.11419
0.29515 0.01831 0.11043
0.29566 0.01814 0.11341
0.29617 0.01808 0.11061
0.29667 0.01846 0.11252
0.29718 0.01854 0.11072
0.29769 0.01839 0.11236
0.29819 0.01847 0.11199
0.29870 0.01801 0.11129
0.29921 0.01855 0.11353
0.29971 0.01828 0.11108
0.30022 0.01867 0.11114
0.30073 0.01847 0.11325
0.30123 0.01825 0.11184
0.30174 0.01813 0.10898
0.30225 0.01811 0.11132
0.30275 0.01838 0.11282
0.30326 0.01803 0.11021
0.30377 0.01822 0.11125
0.30427 0.01847 0.11122
0.30478 0.01848 0.11127
0.30528 0.01825 0.10848
0.30579 0.01813 0.11024
0.30630 0.01814 0.11271
0.30680 0.01810 0.10954
0.30731 0.01845 0.11051
0.30782 0.01817 0.10871
0.30832 0.01797 0.11166
0.30883 0.01831 0.11060
0.30934 0.01811 0.11102
0.30984 0.01830 0.11117
0.31035 0.01811 0.11171
0.31086 0.01813 0.11273
0.31136 0.01768 0.11534
0.31187 0.01843 0.11713
0.31238 0.01834 0.11593
0.31288 0.01759 0.11593
0.31339 0.01817 0.11729
0.31390 0.01807 0.11513
0.31440 0.01827 0.11617
0.31491 0.01803 0.11655
0.31542 0.01817 0.12101
0.31592 0.01813 0.12002
0.31643 0.01809 0.11963
0.31694 0.01832 0.12193
0.31744 0.01800 0.12147
0.31795 0.01813 0.11874
0.31845 0.01808 0.12106
0.31896 0.01806 0.12021
0.31947 0.01834 0.12302
0.31998 0.01842 0.12337
0.32048 0.01809 0.12092
0.32099 0.01801 0.12118
0.32149 0.01840 0.12547
0.32200 0.01793 0.12389
0.32251 0.01812 0.12095
0.32301 0.01792 0.11916
0.32352 0.01817 0.12011
0.32403 0.01780 0.11857
0.32453 0.01828 0.11971
0.32504 0.01820 0.11857
0.32555 0.01802 0.11955
0.32605 0.01803 0.11804
0.32656 0.01811 0.12343
0.32707 0.01825 0.12131
0.32757 0.01789 0.12108
0.32808 0.01820 0.12238
0.32859 0.01819 0.12120
0.32909 0.01849 0.12267
0.32960 0.01777 0.12101
0.33010 0.01786 0.12415
0.33061 0.01813 0.12162
0.33112 0.01808 0.12077
0.33162 0.01808 0.12059
0.33213 0.01807 0.12043
0.33264 0.01829 0.12413
0.33314 0.01820 0.12510
0.33365 0.01772 0.12253
0.33416 0.01804 0.11976
0.33466 0.01808 0.11897
0.33517 0.01811 0.12384
0.33568 0.01801 0.12320
0.33618 0.01839 0.12452
0.33669 0.01811 0.12368
0.33720 0.01811 0.12430
0.33770 0.01800 0.12106
0.33821 0.01810 0.12295
0.33871 0.01819 0.12529
0.33922 0.01816 0.12561
0.33973 0.01801 0.11988
0.34024 0.01806 0.12644
0.34074 0.01803 0.12643
0.34125 0.01779 0.12560
0.34175 0.01780 0.12429
0.34226 0.01791 0.12576
0.34277 0.01808 0.12458
0.34327 0.01781 0.12754
0.34378 0.01782 0.12301
0.34429 0.01828 0.12447
0.34479 0.01774 0.12243
0.34530 0.01790 0.12618
0.34581 0.01820 0.12600
0.34631 0.01786 0.12559
0.34682 0.01804 0.12664
0.34732 0.01800 0.12528
0.34783 0.01778 0.12802
0.34834 0.01775 0.12584
0.34885 0.01784 0.12585
0.34935 0.01796 0.12676
0.34986 0.01782 0.12563
0.35036 0.01834 0.12927
0.35087 0.01779 0.12458
0.35138 0.01808 0.12760
0.35188 0.01761 0.12362
0.35239 0.01750 0.12734
0.35290 0.01789 0.12409
0.35340 0.01751 0.12579
0.35391 0.01768 0.12359
0.35442 0.01802 0.12415
0.35492 0.01747 0.12065
0.35543 0.01828 0.12378
0.35594 0.01778 0.12168
0.35644 0.01771 0.11684
0.35695 0.01771 0.12041
0.35746 0.01780 0.12101
0.35796 0.01817 0.12156
0.35847 0.01773 0.11676
0.35897 0.01788 0.11648
0.35948 0.01766 0.11801
0.35999 0.01770 0.11966
0.36049 0.01767 0.11872
0.36100 0.01805 0.11933
0.36151 0.01787 0.12068
0.36201 0.01765 0.11736
0.36252 0.01768 0.12150
0.36303 0.01797 0.12277
0.36353 0.01733 0.12011
0.36404 0.01777 0.11980
0.36455 0.01789 0.12105
0.36505 0.01748 0.12072
0.36556 0.01819 0.12728
0.36606 0.01772 0.12373
0.36657 0.01776 0.12635
0.36708 0.01756 0.12322
0.36758 0.01753 0.12007
0.36809 0.01759 0.12429
0.36860 0.01769 0.12530
0.36910 0.01784 0.12649
0.36961 0.01749 0.12654
0.37012 0.01716 0.12487
0.37062 0.01802 0.12750
0.37113 0.01724 0.12753
0.37163 0.01728 0.13048
0.37214 0.01758 0.12850
0.37265 0.01734 0.12841
0.37316 0.01791 0.12848
0.37366 0.01753 0.12604
0.37417 0.01803 0.12776
0.37467 0.01769 0.13332
0.37518 0.01734 0.12727
0.37569 0.01753 0.12946
0.37619 0.01748 0.13242
0.37670 0.01765 0.12983
0.37721 0.01762 0.13168
0.37771 0.01757 0.13368
0.37822 0.01760 0.13572
0.37872 0.01730 0.13138
0.37923 0.01734 0.13271
0.37974 0.01764 0.13644
0.38024 0.01769 0.13738
0.38075 0.01733 0.13726
0.38126 0.01750 0.13751
0.38176 0.01745 0.13335
0.38227 0.01747 0.13365
0.38278 0.01710 0.13719
0.38328 0.01703 0.13477
0.38379 0.01736 0.13352
0.38430 0.01732 0.13940
0.38480 0.01781 0.13984
0.38531 0.01753 0.14223
0.38582 0.01731 0.13915
0.38632 0.01770 0.14427
0.38683 0.01750 0.14338
0.38733 0.01735 0.14488
0.38784 0.01764 0.14778
0.38835 0.01746 0.14444
0.38885 0.01739 0.14647
0.38936 0.01757 0.14578
0.38987 0.01719 0.14356
0.39037 0.01758 0.14913
0.39088 0.01727 0.14155
0.39138 0.01685 0.14456
0.39189 0.01762 0.14973
0.39240 0.01741 0.15044
0.39291 0.01736 0.15308
0.39341 0.01747 0.15367
0.39392 0.01728 0.14884
0.39442 0.01745 0.18339
0.39493 0.01727 0.15435
0.39544 0.01751 0.15349
0.39594 0.01732 0.14939
0.39645 0.01711 0.15332
0.39696 0.01707 0.15274
0.39746 0.01725 0.15270
0.39797 0.01731 0.16149
0.39848 0.01785 0.16482
0.39898 0.01739 0.16070
0.39949 0.01701 0.15848
0.39999 0.01749 0.16246
0.40050 0.01687 0.15926
0.40101 0.01714 0.16167
0.40151 0.01663 0.15688
0.40202 0.01720 0.16008
0.40253 0.01713 0.16487
0.40303 0.01687 0.16772
0.40354 0.01700 0.16160
0.40404 0.01683 0.16980
0.40455 0.01755 0.17589
0.40506 0.01714 0.16603
0.40556 0.01700 0.16709
0.40607 0.01729 0.16468
0.40658 0.01718 0.17252
0.40708 0.01701 0.16812
0.40759 0.01675 0.16751
0.40810 0.01753 0.17571
0.40860 0.01701 0.17256
0.40911 0.01715 0.16532
0.40962 0.01690 0.17295
0.41012 0.01660 0.17885
0.41063 0.01703 0.16757
0.41113 0.01688 0.17061
0.41164 0.01706 0.17094
0.41215 0.01705 0.17949
0.41265 0.01724 0.17400
0.41316 0.01698 0.16629
0.41367 0.01690 0.17604
0.41417 0.01645 0.17644
0.41468 0.01665 0.16754
0.41519 0.01706 0.18469
0.41569 0.01634 0.18043
0.41620 0.01671 0.18067
0.41670 0.01640 0.17619
0.41721 0.01719 0.18204
0.41772 0.01651 0.17348
0.41822 0.01674 0.18165
0.41873 0.01656 0.18001
0.41924 0.01740 0.17890
0.41974 0.01657 0.17606
0.42025 0.01648 0.18184
0.42075 0.01690 0.17998
0.42126 0.01655 0.17929
0.42177 0.01691 0.17960
0.42227 0.01702 0.18502
0.42278 0.01667 0.18511
0.42329 0.01704 0.19042
0.42379 0.01648 0.18537
0.42430 0.01669 0.18804
0.42480 0.01717 0.19548
0.42531 0.01701 0.18701
0.42582 0.01723 0.19037
0.42632 0.01703 0.19908
0.42683 0.01694 0.19852
0.42734 0.01685 0.18766
0.42784 0.01694 0.19692
0.42835 0.01715 0.20440
0.42886 0.01639 0.19484
0.42936 0.01650 0.19790
0.42987 0.01690 0.20523
0.43038 0.01695 0.21002
0.43088 0.01640 0.19080
0.43139 0.01631 0.19417
0.43189 0.01652 0.20873
0.43240 0.01728 0.21090
0.43291 0.01702 0.21103
0.43341 0.01677 0.20952
0.43392 0.01675 0.21847
0.43443 0.01700 0.21687
0.43493 0.01621 0.21252
0.43544 0.01691 0.22880
0.43594 0.01707 0.22549
0.43645 0.01727 0.22588
0.43696 0.01687 0.22050
0.43746 0.01688 0.22391
0.43797 0.01678 0.22462
0.43848 0.01689 0.23253
0.43898 0.01671 0.23947
0.43949 0.01657 0.23158
0.44000 0.01677 0.23527
